Sub Ledger Date,Acc Code ,Je Source ,Category,Journal Name,Gl Doc Num,Description,GL Line Description,GL Line Num,Party/Customer Name,Reference Number,Sub Doc Num,Sub Ledger Description,Accounted Dr,Accounted Cr,Status
10-09-2024,01.12102.000.0000.000.3706008.00000.000,eHIS,HIS_CANCEL_SETTLEMENT,NSK-OCR-66664 HIS_CANCEL_SETTLEMENT 3358005YT7JQCWYLTG43,500169997,Journal Import 2591614:,//SETTLEMENT,2,,,,,0,177,Posted
19-09-2024,01.12102.000.0000.000.3706008.00000.000,eHIS,HIS_CANCEL_SETTLEMENT,NSK-OCR-66903 HIS_CANCEL_SETTLEMENT 3358005YT7JQCWYLTG43,500176301,Journal Import 2591655:,//SETTLEMENT,2,,,,,0,600,Posted
03-09-2024,01.12102.000.0000.000.3706008.00000.000,eHIS,HIS_CANCEL_SETTLEMENT,NSK-OCS-468242 HIS_CANCEL_SETTLEMENT 3358005YT7JQCWYLTG43,500166609,Journal Import 2591614:,//SETTLEMENT,2,,,,,0,3500,Posted
04-09-2024,01.12102.000.0000.000.3706008.00000.000,eHIS,HIS_CANCEL_SETTLEMENT,NSK-OCS-468261 HIS_CANCEL_SETTLEMENT 3358005YT7JQCWYLTG43,500167085,Journal Import 2599930:,//SETTLEMENT,2,,,,,0,1375,Posted
05-09-2024,01.12102.000.0000.000.3706008.00000.000,eHIS,HIS_CANCEL_SETTLEMENT,NSK-OCS-468609 HIS_CANCEL_SETTLEMENT 3358005YT7JQCWYLTG43,500167866,Journal Import 2591614:,//SETTLEMENT,2,,,,,0,7050,Posted
05-09-2024,01.12102.000.0000.000.3706008.00000.000,eHIS,HIS_CANCEL_SETTLEMENT,NSK-OCS-468646 HIS_CANCEL_SETTLEMENT 3358005YT7JQCWYLTG43,500167865,Journal Import 2591614:,//SETTLEMENT,2,,,,,0,800,Posted
05-09-2024,01.12102.000.0000.000.3706008.00000.000,eHIS,HIS_CANCEL_SETTLEMENT,NSK-OCS-468697 HIS_CANCEL_SETTLEMENT 3358005YT7JQCWYLTG43,500167864,Journal Import 2591614:,//SETTLEMENT,2,,,,,0,250,Posted
09-09-2024,01.12102.000.0000.000.3706008.00000.000,eHIS,HIS_CANCEL_SETTLEMENT,NSK-OCS-469062 HIS_CANCEL_SETTLEMENT 3358005YT7JQCWYLTG43,500169305,Journal Import 2591614:,//SETTLEMENT,2,,,,,0,5100,Posted
10-09-2024,01.12102.000.0000.000.3706008.00000.000,eHIS,HIS_CANCEL_SETTLEMENT,NSK-OCS-469228 HIS_CANCEL_SETTLEMENT 3358005YT7JQCWYLTG43,500170604,Journal Import 2591641:,//SETTLEMENT,2,,,,,0,5130,Posted
10-09-2024,01.12102.000.0000.000.3706008.00000.000,eHIS,HIS_CANCEL_SETTLEMENT,NSK-OCS-469267 HIS_CANCEL_SETTLEMENT 3358005YT7JQCWYLTG43,500170715,Journal Import 2591641:,//SETTLEMENT,2,,,,,0,900,Posted
10-09-2024,01.12102.000.0000.000.3706008.00000.000,eHIS,HIS_CANCEL_SETTLEMENT,NSK-OCS-469280 HIS_CANCEL_SETTLEMENT 3358005YT7JQCWYLTG43,500170714,Journal Import 2591641:,//SETTLEMENT,2,,,,,0,500,Posted
10-09-2024,01.12102.000.0000.000.3706008.00000.000,eHIS,HIS_CANCEL_SETTLEMENT,NSK-OCS-469362 HIS_CANCEL_SETTLEMENT 3358005YT7JQCWYLTG43,500169998,Journal Import 2591614:,//SETTLEMENT,2,,,,,0,900,Posted
11-09-2024,01.12102.000.0000.000.3706008.00000.000,eHIS,HIS_CANCEL_SETTLEMENT,NSK-OCS-469400 HIS_CANCEL_SETTLEMENT 3358005YT7JQCWYLTG43,500171266,Journal Import 2591641:,//SETTLEMENT,2,,,,,0,4000,Posted
11-09-2024,01.12102.000.0000.000.3706008.00000.000,eHIS,HIS_CANCEL_SETTLEMENT,NSK-OCS-469443 HIS_CANCEL_SETTLEMENT 3358005YT7JQCWYLTG43,500170731,Journal Import 2591614:,//SETTLEMENT,2,,,,,0,2700,Posted
14-09-2024,01.12102.000.0000.000.3706008.00000.000,eHIS,HIS_CANCEL_SETTLEMENT,NSK-OCS-469485 HIS_CANCEL_SETTLEMENT 3358005YT7JQCWYLTG43,500173122,Journal Import 2591641:,//SETTLEMENT,2,,,,,0,1250,Posted
14-09-2024,01.12102.000.0000.000.3706008.00000.000,eHIS,HIS_CANCEL_SETTLEMENT,NSK-OCS-469550 HIS_CANCEL_SETTLEMENT 3358005YT7JQCWYLTG43,500173123,Journal Import 2591641:,//SETTLEMENT,2,,,,,0,1850,Posted
12-09-2024,01.12102.000.0000.000.3706008.00000.000,eHIS,HIS_CANCEL_SETTLEMENT,NSK-OCS-469566 HIS_CANCEL_SETTLEMENT 3358005YT7JQCWYLTG43,500171904,Journal Import 2591641:,//SETTLEMENT,2,,,,,0,100,Posted
12-09-2024,01.12102.000.0000.000.3706008.00000.000,eHIS,HIS_CANCEL_SETTLEMENT,NSK-OCS-469592 HIS_CANCEL_SETTLEMENT 3358005YT7JQCWYLTG43,500171905,Journal Import 2591641:,//SETTLEMENT,2,,,,,0,500,Posted
12-09-2024,01.12102.000.0000.000.3706008.00000.000,eHIS,HIS_CANCEL_SETTLEMENT,NSK-OCS-469597 HIS_CANCEL_SETTLEMENT 3358005YT7JQCWYLTG43,500171906,Journal Import 2591641:,//SETTLEMENT,2,,,,,0,800,Posted
13-09-2024,01.12102.000.0000.000.3706008.00000.000,eHIS,HIS_CANCEL_SETTLEMENT,NSK-OCS-469808 HIS_CANCEL_SETTLEMENT 3358005YT7JQCWYLTG43,500172512,Journal Import 2591641:,//SETTLEMENT,2,,,,,0,900,Posted
14-09-2024,01.12102.000.0000.000.3706008.00000.000,eHIS,HIS_CANCEL_SETTLEMENT,NSK-OCS-469959 HIS_CANCEL_SETTLEMENT 3358005YT7JQCWYLTG43,500172560,Journal Import 2591614:,//SETTLEMENT,2,,,,,0,900,Posted
14-09-2024,01.12102.000.0000.000.3706008.00000.000,eHIS,HIS_CANCEL_SETTLEMENT,NSK-OCS-470003 HIS_CANCEL_SETTLEMENT 3358005YT7JQCWYLTG43,500173115,Journal Import 2591641:,//SETTLEMENT,2,,,,,0,250,Posted
15-09-2024,01.12102.000.0000.000.3706008.00000.000,eHIS,HIS_CANCEL_SETTLEMENT,NSK-OCS-470023 HIS_CANCEL_SETTLEMENT 3358005YT7JQCWYLTG43,500173247,Journal Import 2591614:,//SETTLEMENT,2,,,,,0,4900,Posted
16-09-2024,01.12102.000.0000.000.3706008.00000.000,eHIS,HIS_CANCEL_SETTLEMENT,NSK-OCS-470122 HIS_CANCEL_SETTLEMENT 3358005YT7JQCWYLTG43,500173525,Journal Import 2591614:,//SETTLEMENT,2,,,,,0,2000,Posted
16-09-2024,01.12102.000.0000.000.3706008.00000.000,eHIS,HIS_CANCEL_SETTLEMENT,NSK-OCS-470130 HIS_CANCEL_SETTLEMENT 3358005YT7JQCWYLTG43,500173524,Journal Import 2591614:,//SETTLEMENT,2,,,,,0,1700,Posted
16-09-2024,01.12102.000.0000.000.3706008.00000.000,eHIS,HIS_CANCEL_SETTLEMENT,NSK-OCS-470178 HIS_CANCEL_SETTLEMENT 3358005YT7JQCWYLTG43,500173529,Journal Import 2591655:,//SETTLEMENT,2,,,,,0,500,Posted
16-09-2024,01.12102.000.0000.000.3706008.00000.000,eHIS,HIS_CANCEL_SETTLEMENT,NSK-OCS-470193 HIS_CANCEL_SETTLEMENT 3358005YT7JQCWYLTG43,500173546,Journal Import 2591655:,//SETTLEMENT,2,,,,,0,4725,Posted
17-09-2024,01.12102.000.0000.000.3706008.00000.000,eHIS,HIS_CANCEL_SETTLEMENT,NSK-OCS-470393 HIS_CANCEL_SETTLEMENT 3358005YT7JQCWYLTG43,500174718,Journal Import 2591655:,//SETTLEMENT,2,,,,,0,1200,Posted
17-09-2024,01.12102.000.0000.000.3706008.00000.000,eHIS,HIS_CANCEL_SETTLEMENT,NSK-OCS-470436 HIS_CANCEL_SETTLEMENT 3358005YT7JQCWYLTG43,500174717,Journal Import 2591655:,//SETTLEMENT,2,,,,,0,1000,Posted
18-09-2024,01.12102.000.0000.000.3706008.00000.000,eHIS,HIS_CANCEL_SETTLEMENT,NSK-OCS-470446 HIS_CANCEL_SETTLEMENT 3358005YT7JQCWYLTG43,500175353,Journal Import 2591655:,//SETTLEMENT,2,,,,,0,180,Posted
18-09-2024,01.12102.000.0000.000.3706008.00000.000,eHIS,HIS_CANCEL_SETTLEMENT,NSK-OCS-470557 HIS_CANCEL_SETTLEMENT 3358005YT7JQCWYLTG43,500175360,Journal Import 2591655:,//SETTLEMENT,2,,,,,0,5700,Posted
18-09-2024,01.12102.000.0000.000.3706008.00000.000,eHIS,HIS_CANCEL_SETTLEMENT,NSK-OCS-470571 HIS_CANCEL_SETTLEMENT 3358005YT7JQCWYLTG43,500175352,Journal Import 2591655:,//SETTLEMENT,2,,,,,0,1,Posted
19-09-2024,01.12102.000.0000.000.3706008.00000.000,eHIS,HIS_CANCEL_SETTLEMENT,NSK-OCS-470807 HIS_CANCEL_SETTLEMENT 3358005YT7JQCWYLTG43,500176174,Journal Import 2591655:,//SETTLEMENT,2,,,,,0,900,Posted
19-09-2024,01.12102.000.0000.000.3706008.00000.000,eHIS,HIS_CANCEL_SETTLEMENT,NSK-OCS-470836 HIS_CANCEL_SETTLEMENT 3358005YT7JQCWYLTG43,500176300,Journal Import 2591655:,//SETTLEMENT,2,,,,,0,500,Posted
21-09-2024,01.12102.000.0000.000.3706008.00000.000,eHIS,HIS_CANCEL_SETTLEMENT,NSK-OCS-470930 HIS_CANCEL_SETTLEMENT 3358005YT7JQCWYLTG43,500177249,Journal Import 2591655:,//SETTLEMENT,2,,,,,0,250,Posted
23-09-2024,01.12102.000.0000.000.3706008.00000.000,eHIS,HIS_CANCEL_SETTLEMENT,NSK-OCS-471351 HIS_CANCEL_SETTLEMENT 3358005YT7JQCWYLTG43,500178205,Journal Import 2591676:,//SETTLEMENT,2,,,,,0,250,Posted
25-09-2024,01.12102.000.0000.000.3706008.00000.000,eHIS,HIS_CANCEL_SETTLEMENT,NSK-OCS-471654 HIS_CANCEL_SETTLEMENT 3358005YT7JQCWYLTG43,500179534,Journal Import 2591676:,//SETTLEMENT,2,,,,,0,1100,Posted
25-09-2024,01.12102.000.0000.000.3706008.00000.000,eHIS,HIS_CANCEL_SETTLEMENT,NSK-OCS-471736 HIS_CANCEL_SETTLEMENT 3358005YT7JQCWYLTG43,500179289,Journal Import 2591614:,//SETTLEMENT,2,,,,,0,6600,Posted
26-09-2024,01.12102.000.0000.000.3706008.00000.000,eHIS,HIS_CANCEL_SETTLEMENT,NSK-OCS-471858 HIS_CANCEL_SETTLEMENT 3358005YT7JQCWYLTG43,500180112,Journal Import 2591676:,//SETTLEMENT,2,,,,,0,11400,Posted
26-09-2024,01.12102.000.0000.000.3706008.00000.000,eHIS,HIS_CANCEL_SETTLEMENT,NSK-OCS-471890 HIS_CANCEL_SETTLEMENT 3358005YT7JQCWYLTG43,500180111,Journal Import 2591676:,//SETTLEMENT,2,,,,,0,4900,Posted
02-09-2024,01.12102.000.0000.000.3706008.00000.000,eHIS,HIS_COLLECTION,3075767 HIS_COLLECTION 3358005YT7JQCWYLTG43,500165883,Journal Import 2599930:,/EFT/RECEIPT,2,,,,,0,108,Posted
01-09-2024,01.12102.000.0000.000.3706008.00000.000,eHIS,HIS_COLLECTION,3075771 HIS_COLLECTION 3358005YT7JQCWYLTG43,500165802,Journal Import 2591614:,/CASH/RECEIPT,2,,,,,0,836,Posted
01-09-2024,01.12102.000.0000.000.3706008.00000.000,eHIS,HIS_COLLECTION,3075778 HIS_COLLECTION 3358005YT7JQCWYLTG43,500165823,Journal Import 2591614:,/EFT/RECEIPT,2,,,,,0,1850,Posted
01-09-2024,01.12102.000.0000.000.3706008.00000.000,eHIS,HIS_COLLECTION,3075796 HIS_COLLECTION 3358005YT7JQCWYLTG43,500165797,Journal Import 2591614:,/CASH/RECEIPT,2,,,,,0,100,Posted
01-09-2024,01.12102.000.0000.000.3706008.00000.000,eHIS,HIS_COLLECTION,3075802 HIS_COLLECTION 3358005YT7JQCWYLTG43,500165826,Journal Import 2591614:,/CASH/RECEIPT,2,,,,,0,2760,Posted
01-09-2024,01.12102.000.0000.000.3706008.00000.000,eHIS,HIS_COLLECTION,3075810 HIS_COLLECTION 3358005YT7JQCWYLTG43,500165832,Journal Import 2591614:,/EFT/RECEIPT,2,,,,,0,550,Posted
01-09-2024,01.12102.000.0000.000.3706008.00000.000,eHIS,HIS_COLLECTION,3075815 HIS_COLLECTION 3358005YT7JQCWYLTG43,500165816,Journal Import 2591614:,/CASH/RECEIPT,2,,,,,0,1850,Posted
02-09-2024,01.12102.000.0000.000.3706008.00000.000,eHIS,HIS_COLLECTION,3075835 HIS_COLLECTION 3358005YT7JQCWYLTG43,500165884,Journal Import 2599930:,/EFT/RECEIPT,2,,,,,0,600,Posted
01-09-2024,01.12102.000.0000.000.3706008.00000.000,eHIS,HIS_COLLECTION,3075837 HIS_COLLECTION 3358005YT7JQCWYLTG43,500165798,Journal Import 2591614:,/CASH/RECEIPT,2,,,,,0,100,Posted
01-09-2024,01.12102.000.0000.000.3706008.00000.000,eHIS,HIS_COLLECTION,3075839 HIS_COLLECTION 3358005YT7JQCWYLTG43,500165817,Journal Import 2591614:,/CARD/RECEIPT,2,,,,,0,21800,Posted
01-09-2024,01.12102.000.0000.000.3706008.00000.000,eHIS,HIS_COLLECTION,3075841 HIS_COLLECTION 3358005YT7JQCWYLTG43,500165814,Journal Import 2591614:,/CARD/RECEIPT,2,,,,,0,1000,Posted
01-09-2024,01.12102.000.0000.000.3706008.00000.000,eHIS,HIS_COLLECTION,3075843 HIS_COLLECTION 3358005YT7JQCWYLTG43,500165835,Journal Import 2591614:,/CARD/RECEIPT,2,,,,,0,650,Posted
01-09-2024,01.12102.000.0000.000.3706008.00000.000,eHIS,HIS_COLLECTION,3075865 HIS_COLLECTION 3358005YT7JQCWYLTG43,500165834,Journal Import 2591614:,/EFT/RECEIPT,2,,,,,0,2300,Posted
01-09-2024,01.12102.000.0000.000.3706008.00000.000,eHIS,HIS_COLLECTION,3075872 HIS_COLLECTION 3358005YT7JQCWYLTG43,500165810,Journal Import 2591614:,/CARD/RECEIPT,2,,,,,0,50,Posted
01-09-2024,01.12102.000.0000.000.3706008.00000.000,eHIS,HIS_COLLECTION,3075873 HIS_COLLECTION 3358005YT7JQCWYLTG43,500165827,Journal Import 2591614:,/EFT/RECEIPT,2,,,,,0,500,Posted
01-09-2024,01.12102.000.0000.000.3706008.00000.000,eHIS,HIS_COLLECTION,3075890 HIS_COLLECTION 3358005YT7JQCWYLTG43,500165818,Journal Import 2591614:,/CASH/RECEIPT,2,,,,,0,1850,Posted
01-09-2024,01.12102.000.0000.000.3706008.00000.000,eHIS,HIS_COLLECTION,3075895 HIS_COLLECTION 3358005YT7JQCWYLTG43,500165819,Journal Import 2591614:,/CASH/RECEIPT,2,,,,,0,1850,Posted
01-09-2024,01.12102.000.0000.000.3706008.00000.000,eHIS,HIS_COLLECTION,3075905 HIS_COLLECTION 3358005YT7JQCWYLTG43,500165824,Journal Import 2591614:,/EFT/RECEIPT,2,,,,,0,1850,Posted
01-09-2024,01.12102.000.0000.000.3706008.00000.000,eHIS,HIS_COLLECTION,3075925 HIS_COLLECTION 3358005YT7JQCWYLTG43,500165799,Journal Import 2591614:,/CASH/RECEIPT,2,,,,,0,100,Posted
02-09-2024,01.12102.000.0000.000.3706008.00000.000,eHIS,HIS_COLLECTION,3075945 HIS_COLLECTION 3358005YT7JQCWYLTG43,500165945,Journal Import 2591614:,/CASH/RECEIPT,2,,,,,0,100,Posted
02-09-2024,01.12102.000.0000.000.3706008.00000.000,eHIS,HIS_COLLECTION,3075959 HIS_COLLECTION 3358005YT7JQCWYLTG43,500166303,Journal Import 2591614:,/EFT/RECEIPT,2,,,,,0,450,Posted
02-09-2024,01.12102.000.0000.000.3706008.00000.000,eHIS,HIS_COLLECTION,3075978 HIS_COLLECTION 3358005YT7JQCWYLTG43,500166376,Journal Import 2591614:,/EFT/RECEIPT,2,,,,,0,100,Posted
02-09-2024,01.12102.000.0000.000.3706008.00000.000,eHIS,HIS_COLLECTION,3075988 HIS_COLLECTION 3358005YT7JQCWYLTG43,500166240,Journal Import 2591614:,/EFT/RECEIPT,2,,,,,0,3710,Posted
02-09-2024,01.12102.000.0000.000.3706008.00000.000,eHIS,HIS_COLLECTION,3075995 HIS_COLLECTION 3358005YT7JQCWYLTG43,500166210,Journal Import 2591614:,/EFT/RECEIPT,2,,,,,0,550,Posted
02-09-2024,01.12102.000.0000.000.3706008.00000.000,eHIS,HIS_COLLECTION,3075999 HIS_COLLECTION 3358005YT7JQCWYLTG43,500166290,Journal Import 2591614:,/EFT/RECEIPT,2,,,,,0,1550,Posted
02-09-2024,01.12102.000.0000.000.3706008.00000.000,eHIS,HIS_COLLECTION,3076001 HIS_COLLECTION 3358005YT7JQCWYLTG43,500166378,Journal Import 2591614:,/EFT/RECEIPT,2,,,,,0,100,Posted
02-09-2024,01.12102.000.0000.000.3706008.00000.000,eHIS,HIS_COLLECTION,3076014 HIS_COLLECTION 3358005YT7JQCWYLTG43,500166379,Journal Import 2591614:,/CARD/RECEIPT,2,,,,,0,100,Posted
02-09-2024,01.12102.000.0000.000.3706008.00000.000,eHIS,HIS_COLLECTION,3076016 HIS_COLLECTION 3358005YT7JQCWYLTG43,500166304,Journal Import 2591614:,/EFT/RECEIPT,2,,,,,0,450,Posted
02-09-2024,01.12102.000.0000.000.3706008.00000.000,eHIS,HIS_COLLECTION,3076022 HIS_COLLECTION 3358005YT7JQCWYLTG43,500166220,Journal Import 2591614:,/EFT/RECEIPT,2,,,,,0,2475,Posted
02-09-2024,01.12102.000.0000.000.3706008.00000.000,eHIS,HIS_COLLECTION,3076031 HIS_COLLECTION 3358005YT7JQCWYLTG43,500166292,Journal Import 2591614:,/CARD/RECEIPT,2,,,,,0,1700,Posted
02-09-2024,01.12102.000.0000.000.3706008.00000.000,eHIS,HIS_COLLECTION,3076033 HIS_COLLECTION 3358005YT7JQCWYLTG43,500166218,Journal Import 2591614:,/CARD/RECEIPT,2,,,,,0,650,Posted
02-09-2024,01.12102.000.0000.000.3706008.00000.000,eHIS,HIS_COLLECTION,3076035 HIS_COLLECTION 3358005YT7JQCWYLTG43,500166333,Journal Import 2591614:,/CASH/RECEIPT,2,,,,,0,6130,Posted
02-09-2024,01.12102.000.0000.000.3706008.00000.000,eHIS,HIS_COLLECTION,3076041 HIS_COLLECTION 3358005YT7JQCWYLTG43,500166318,Journal Import 2591614:,/CASH/RECEIPT,2,,,,,0,3500,Posted
02-09-2024,01.12102.000.0000.000.3706008.00000.000,eHIS,HIS_COLLECTION,3076043 HIS_COLLECTION 3358005YT7JQCWYLTG43,500166328,Journal Import 2591614:,/CASH/RECEIPT,2,,,,,0,4550,Posted
02-09-2024,01.12102.000.0000.000.3706008.00000.000,eHIS,HIS_COLLECTION,3076060 HIS_COLLECTION 3358005YT7JQCWYLTG43,500166300,Journal Import 2591614:,/CASH/RECEIPT,2,,,,,0,2600,Posted
02-09-2024,01.12102.000.0000.000.3706008.00000.000,eHIS,HIS_COLLECTION,3076064 HIS_COLLECTION 3358005YT7JQCWYLTG43,500166315,Journal Import 2591614:,/CASH/RECEIPT,2,,,,,0,2880,Posted
02-09-2024,01.12102.000.0000.000.3706008.00000.000,eHIS,HIS_COLLECTION,3076133 HIS_COLLECTION 3358005YT7JQCWYLTG43,500166273,Journal Import 2591614:,/EFT/RECEIPT,2,,,,,0,10212,Posted
02-09-2024,01.12102.000.0000.000.3706008.00000.000,eHIS,HIS_COLLECTION,3076152 HIS_COLLECTION 3358005YT7JQCWYLTG43,500166316,Journal Import 2591614:,/CASH/RECEIPT,2,,,,,0,3000,Posted
02-09-2024,01.12102.000.0000.000.3706008.00000.000,eHIS,HIS_COLLECTION,3076153 HIS_COLLECTION 3358005YT7JQCWYLTG43,500166302,Journal Import 2591614:,/EFT/RECEIPT,2,,,,,0,430,Posted
02-09-2024,01.12102.000.0000.000.3706008.00000.000,eHIS,HIS_COLLECTION,3076172 HIS_COLLECTION 3358005YT7JQCWYLTG43,500165880,Journal Import 2591614:,/CASH/RECEIPT,2,,,,,0,1200,Posted
02-09-2024,01.12102.000.0000.000.3706008.00000.000,eHIS,HIS_COLLECTION,3076178 HIS_COLLECTION 3358005YT7JQCWYLTG43,500166362,Journal Import 2591614:,/EFT/RECEIPT,2,,,,,0,900,Posted
02-09-2024,01.12102.000.0000.000.3706008.00000.000,eHIS,HIS_COLLECTION,3076188 HIS_COLLECTION 3358005YT7JQCWYLTG43,500166275,Journal Import 2591614:,/CASH/RECEIPT,2,,,,,0,1600,Posted
02-09-2024,01.12102.000.0000.000.3706008.00000.000,eHIS,HIS_COLLECTION,3076189 HIS_COLLECTION 3358005YT7JQCWYLTG43,500166375,Journal Import 2591614:,/EFT/RECEIPT,2,,,,,0,80,Posted
02-09-2024,01.12102.000.0000.000.3706008.00000.000,eHIS,HIS_COLLECTION,3076196 HIS_COLLECTION 3358005YT7JQCWYLTG43,500166337,Journal Import 2591614:,/CASH/RECEIPT,2,,,,,0,900,Posted
02-09-2024,01.12102.000.0000.000.3706008.00000.000,eHIS,HIS_COLLECTION,3076198 HIS_COLLECTION 3358005YT7JQCWYLTG43,500166301,Journal Import 2591614:,/CASH/RECEIPT,2,,,,,0,2600,Posted
02-09-2024,01.12102.000.0000.000.3706008.00000.000,eHIS,HIS_COLLECTION,3076200 HIS_COLLECTION 3358005YT7JQCWYLTG43,500166222,Journal Import 2591614:,/EFT/RECEIPT,2,,,,,0,2680,Posted
02-09-2024,01.12102.000.0000.000.3706008.00000.000,eHIS,HIS_COLLECTION,3076208 HIS_COLLECTION 3358005YT7JQCWYLTG43,500166338,Journal Import 2591614:,/CASH/RECEIPT,2,,,,,0,900,Posted
02-09-2024,01.12102.000.0000.000.3706008.00000.000,eHIS,HIS_COLLECTION,3076225 HIS_COLLECTION 3358005YT7JQCWYLTG43,500166296,Journal Import 2591614:,/CASH/RECEIPT,2,,,,,0,2499,Posted
02-09-2024,01.12102.000.0000.000.3706008.00000.000,eHIS,HIS_COLLECTION,3076229 HIS_COLLECTION 3358005YT7JQCWYLTG43,500166278,Journal Import 2591614:,/EFT/RECEIPT,2,,,,,0,1300,Posted
02-09-2024,01.12102.000.0000.000.3706008.00000.000,eHIS,HIS_COLLECTION,3076233 HIS_COLLECTION 3358005YT7JQCWYLTG43,500166284,Journal Import 2591614:,/CARD/RECEIPT,2,,,,,0,21800,Posted
02-09-2024,01.12102.000.0000.000.3706008.00000.000,eHIS,HIS_COLLECTION,3076238 HIS_COLLECTION 3358005YT7JQCWYLTG43,500166105,Journal Import 2591614:,/CASH/RECEIPT,2,,,,,0,350,Posted
02-09-2024,01.12102.000.0000.000.3706008.00000.000,eHIS,HIS_COLLECTION,3076240 HIS_COLLECTION 3358005YT7JQCWYLTG43,500166297,Journal Import 2591614:,/CASH/RECEIPT,2,,,,,0,2499,Posted
02-09-2024,01.12102.000.0000.000.3706008.00000.000,eHIS,HIS_COLLECTION,3076246 HIS_COLLECTION 3358005YT7JQCWYLTG43,500166380,Journal Import 2591614:,/EFT/RECEIPT,2,,,,,0,100,Posted
02-09-2024,01.12102.000.0000.000.3706008.00000.000,eHIS,HIS_COLLECTION,3076262 HIS_COLLECTION 3358005YT7JQCWYLTG43,500166386,Journal Import 2591614:,/EFT/RECEIPT,2,,,,,0,1000,Posted
02-09-2024,01.12102.000.0000.000.3706008.00000.000,eHIS,HIS_COLLECTION,3076275 HIS_COLLECTION 3358005YT7JQCWYLTG43,500166392,Journal Import 2591614:,/EFT/RECEIPT,2,,,,,0,1100,Posted
02-09-2024,01.12102.000.0000.000.3706008.00000.000,eHIS,HIS_COLLECTION,3076286 HIS_COLLECTION 3358005YT7JQCWYLTG43,500166232,Journal Import 2591614:,/EFT/RECEIPT,2,,,,,0,800,Posted
02-09-2024,01.12102.000.0000.000.3706008.00000.000,eHIS,HIS_COLLECTION,3076292 HIS_COLLECTION 3358005YT7JQCWYLTG43,500166306,Journal Import 2591614:,/EFT/RECEIPT,2,,,,,0,1850,Posted
02-09-2024,01.12102.000.0000.000.3706008.00000.000,eHIS,HIS_COLLECTION,3076313 HIS_COLLECTION 3358005YT7JQCWYLTG43,500166087,Journal Import 2591614:,/CASH/RECEIPT,2,,,,,0,1000,Posted
02-09-2024,01.12102.000.0000.000.3706008.00000.000,eHIS,HIS_COLLECTION,3076318 HIS_COLLECTION 3358005YT7JQCWYLTG43,500166293,Journal Import 2591614:,/EFT/RECEIPT,2,,,,,0,1700,Posted
02-09-2024,01.12102.000.0000.000.3706008.00000.000,eHIS,HIS_COLLECTION,3076351 HIS_COLLECTION 3358005YT7JQCWYLTG43,500166242,Journal Import 2591614:,/EFT/RECEIPT,2,,,,,0,4808,Posted
02-09-2024,01.12102.000.0000.000.3706008.00000.000,eHIS,HIS_COLLECTION,3076377 HIS_COLLECTION 3358005YT7JQCWYLTG43,500166319,Journal Import 2591614:,/EFT/RECEIPT,2,,,,,0,500,Posted
02-09-2024,01.12102.000.0000.000.3706008.00000.000,eHIS,HIS_COLLECTION,3076383 HIS_COLLECTION 3358005YT7JQCWYLTG43,500166381,Journal Import 2591614:,/EFT/RECEIPT,2,,,,,0,100,Posted
02-09-2024,01.12102.000.0000.000.3706008.00000.000,eHIS,HIS_COLLECTION,3076390 HIS_COLLECTION 3358005YT7JQCWYLTG43,500165944,Journal Import 2591614:,/CASH/RECEIPT,2,,,,,0,99,Posted
02-09-2024,01.12102.000.0000.000.3706008.00000.000,eHIS,HIS_COLLECTION,3076406 HIS_COLLECTION 3358005YT7JQCWYLTG43,500166298,Journal Import 2591614:,/CASH/RECEIPT,2,,,,,0,2500,Posted
02-09-2024,01.12102.000.0000.000.3706008.00000.000,eHIS,HIS_COLLECTION,3076410 HIS_COLLECTION 3358005YT7JQCWYLTG43,500166082,Journal Import 2591614:,/CASH/RECEIPT,2,,,,,0,250,Posted
02-09-2024,01.12102.000.0000.000.3706008.00000.000,eHIS,HIS_COLLECTION,3076412 HIS_COLLECTION 3358005YT7JQCWYLTG43,500166211,Journal Import 2591614:,/EFT/RECEIPT,2,,,,,0,600,Posted
02-09-2024,01.12102.000.0000.000.3706008.00000.000,eHIS,HIS_COLLECTION,3076416 HIS_COLLECTION 3358005YT7JQCWYLTG43,500166228,Journal Import 2591614:,/EFT/RECEIPT,2,,,,,0,700,Posted
02-09-2024,01.12102.000.0000.000.3706008.00000.000,eHIS,HIS_COLLECTION,3076430 HIS_COLLECTION 3358005YT7JQCWYLTG43,500166307,Journal Import 2591614:,/EFT/RECEIPT,2,,,,,0,1850,Posted
02-09-2024,01.12102.000.0000.000.3706008.00000.000,eHIS,HIS_COLLECTION,3076441 HIS_COLLECTION 3358005YT7JQCWYLTG43,500166308,Journal Import 2591614:,/EFT/RECEIPT,2,,,,,0,1850,Posted
02-09-2024,01.12102.000.0000.000.3706008.00000.000,eHIS,HIS_COLLECTION,3076449 HIS_COLLECTION 3358005YT7JQCWYLTG43,500166320,Journal Import 2591614:,/EFT/RECEIPT,2,,,,,0,500,Posted
02-09-2024,01.12102.000.0000.000.3706008.00000.000,eHIS,HIS_COLLECTION,3076482 HIS_COLLECTION 3358005YT7JQCWYLTG43,500166217,Journal Import 2591614:,/EFT/RECEIPT,2,,,,,0,640,Posted
02-09-2024,01.12102.000.0000.000.3706008.00000.000,eHIS,HIS_COLLECTION,3076490 HIS_COLLECTION 3358005YT7JQCWYLTG43,500166382,Journal Import 2591614:,/EFT/RECEIPT,2,,,,,0,100,Posted
02-09-2024,01.12102.000.0000.000.3706008.00000.000,eHIS,HIS_COLLECTION,3076496 HIS_COLLECTION 3358005YT7JQCWYLTG43,500166209,Journal Import 2591614:,/CARD/RECEIPT,2,,,,,0,525,Posted
02-09-2024,01.12102.000.0000.000.3706008.00000.000,eHIS,HIS_COLLECTION,3076506 HIS_COLLECTION 3358005YT7JQCWYLTG43,500166233,Journal Import 2591614:,/EFT/RECEIPT,2,,,,,0,800,Posted
02-09-2024,01.12102.000.0000.000.3706008.00000.000,eHIS,HIS_COLLECTION,3076514 HIS_COLLECTION 3358005YT7JQCWYLTG43,500166128,Journal Import 2591614:,/CASH/RECEIPT,2,,,,,0,500,Posted
02-09-2024,01.12102.000.0000.000.3706008.00000.000,eHIS,HIS_COLLECTION,3076520 HIS_COLLECTION 3358005YT7JQCWYLTG43,500166363,Journal Import 2591614:,/EFT/RECEIPT,2,,,,,0,900,Posted
02-09-2024,01.12102.000.0000.000.3706008.00000.000,eHIS,HIS_COLLECTION,3076534 HIS_COLLECTION 3358005YT7JQCWYLTG43,500166321,Journal Import 2591614:,/EFT/RECEIPT,2,,,,,0,500,Posted
02-09-2024,01.12102.000.0000.000.3706008.00000.000,eHIS,HIS_COLLECTION,3076543 HIS_COLLECTION 3358005YT7JQCWYLTG43,500166322,Journal Import 2591614:,/EFT/RECEIPT,2,,,,,0,500,Posted
02-09-2024,01.12102.000.0000.000.3706008.00000.000,eHIS,HIS_COLLECTION,3076553 HIS_COLLECTION 3358005YT7JQCWYLTG43,500166383,Journal Import 2591614:,/EFT/RECEIPT,2,,,,,0,100,Posted
02-09-2024,01.12102.000.0000.000.3706008.00000.000,eHIS,HIS_COLLECTION,3076555 HIS_COLLECTION 3358005YT7JQCWYLTG43,500166234,Journal Import 2591614:,/EFT/RECEIPT,2,,,,,0,800,Posted
02-09-2024,01.12102.000.0000.000.3706008.00000.000,eHIS,HIS_COLLECTION,3076557 HIS_COLLECTION 3358005YT7JQCWYLTG43,500166323,Journal Import 2591614:,/EFT/RECEIPT,2,,,,,0,500,Posted
02-09-2024,01.12102.000.0000.000.3706008.00000.000,eHIS,HIS_COLLECTION,3076561 HIS_COLLECTION 3358005YT7JQCWYLTG43,500165908,Journal Import 2591614:,/CASH/RECEIPT,2,,,,,0,800,Posted
02-09-2024,01.12102.000.0000.000.3706008.00000.000,eHIS,HIS_COLLECTION,3076572 HIS_COLLECTION 3358005YT7JQCWYLTG43,500166305,Journal Import 2591614:,/EFT/RECEIPT,2,,,,,0,450,Posted
02-09-2024,01.12102.000.0000.000.3706008.00000.000,eHIS,HIS_COLLECTION,3076578 HIS_COLLECTION 3358005YT7JQCWYLTG43,500166299,Journal Import 2591614:,/CASH/RECEIPT,2,,,,,0,2580,Posted
02-09-2024,01.12102.000.0000.000.3706008.00000.000,eHIS,HIS_COLLECTION,3076582 HIS_COLLECTION 3358005YT7JQCWYLTG43,500166369,Journal Import 2591614:,/DEPOSIT ADJUSTMENT/TRANSFER/RECEIPT,2,,,,,0,9000,Posted
03-09-2024,01.12102.000.0000.000.3706008.00000.000,eHIS,HIS_COLLECTION,3076583 HIS_COLLECTION 3358005YT7JQCWYLTG43,500166452,Journal Import 2600363:,/DEPOSIT ADJUSTMENT/TRANSFER/REFUND,1,,,,,9000,0,Posted
03-09-2024,01.12102.000.0000.000.3706008.00000.000,eHIS,HIS_COLLECTION,3076583 HIS_COLLECTION 3358005YT7JQCWYLTG43,500166452,Journal Import 2600363:,/DEPOSIT ADJUSTMENT/TRANSFER/REFUND,2,,,,,0,9000,Posted
02-09-2024,01.12102.000.0000.000.3706008.00000.000,eHIS,HIS_COLLECTION,3076621 HIS_COLLECTION 3358005YT7JQCWYLTG43,500166294,Journal Import 2591614:,/CARD/RECEIPT,2,,,,,0,1800,Posted
02-09-2024,01.12102.000.0000.000.3706008.00000.000,eHIS,HIS_COLLECTION,3076632 HIS_COLLECTION 3358005YT7JQCWYLTG43,500166285,Journal Import 2591614:,/EFT/RECEIPT,2,,,,,0,21800,Posted
02-09-2024,01.12102.000.0000.000.3706008.00000.000,eHIS,HIS_COLLECTION,3076636 HIS_COLLECTION 3358005YT7JQCWYLTG43,500166106,Journal Import 2591614:,/CASH/RECEIPT,2,,,,,0,350,Posted
02-09-2024,01.12102.000.0000.000.3706008.00000.000,eHIS,HIS_COLLECTION,3076663 HIS_COLLECTION 3358005YT7JQCWYLTG43,500166127,Journal Import 2591614:,/CASH/RECEIPT,2,,,,,0,450,Posted
02-09-2024,01.12102.000.0000.000.3706008.00000.000,eHIS,HIS_COLLECTION,3076668 HIS_COLLECTION 3358005YT7JQCWYLTG43,500166088,Journal Import 2591614:,/CASH/RECEIPT,2,,,,,0,1000,Posted
02-09-2024,01.12102.000.0000.000.3706008.00000.000,eHIS,HIS_COLLECTION,3076682 HIS_COLLECTION 3358005YT7JQCWYLTG43,500166332,Journal Import 2591614:,/CASH/RECEIPT,2,,,,,0,6000,Posted
02-09-2024,01.12102.000.0000.000.3706008.00000.000,eHIS,HIS_COLLECTION,3076683 HIS_COLLECTION 3358005YT7JQCWYLTG43,500166215,Journal Import 2591614:,/EFT/RECEIPT,2,,,,,0,2340,Posted
02-09-2024,01.12102.000.0000.000.3706008.00000.000,eHIS,HIS_COLLECTION,3076686 HIS_COLLECTION 3358005YT7JQCWYLTG43,500166083,Journal Import 2591614:,/CASH/RECEIPT,2,,,,,0,250,Posted
02-09-2024,01.12102.000.0000.000.3706008.00000.000,eHIS,HIS_COLLECTION,3076700 HIS_COLLECTION 3358005YT7JQCWYLTG43,500166126,Journal Import 2591614:,/CASH/RECEIPT,2,,,,,0,400,Posted
02-09-2024,01.12102.000.0000.000.3706008.00000.000,eHIS,HIS_COLLECTION,3076704 HIS_COLLECTION 3358005YT7JQCWYLTG43,500166084,Journal Import 2591614:,/CASH/RECEIPT,2,,,,,0,250,Posted
02-09-2024,01.12102.000.0000.000.3706008.00000.000,eHIS,HIS_COLLECTION,3076742 HIS_COLLECTION 3358005YT7JQCWYLTG43,500166312,Journal Import 2591614:,/EFT/RECEIPT,2,,,,,0,34232,Posted
03-09-2024,01.12102.000.0000.000.3706008.00000.000,eHIS,HIS_COLLECTION,3076749 HIS_COLLECTION 3358005YT7JQCWYLTG43,500166448,Journal Import 2600200:,/EFT/REFUND,2,,,,,34232,0,Posted
02-09-2024,01.12102.000.0000.000.3706008.00000.000,eHIS,HIS_COLLECTION,3076756 HIS_COLLECTION 3358005YT7JQCWYLTG43,500166229,Journal Import 2591614:,/EFT/RECEIPT,2,,,,,0,3400,Posted
02-09-2024,01.12102.000.0000.000.3706008.00000.000,eHIS,HIS_COLLECTION,3076776 HIS_COLLECTION 3358005YT7JQCWYLTG43,500165881,Journal Import 2591614:,/CASH/RECEIPT,2,,,,,0,1200,Posted
02-09-2024,01.12102.000.0000.000.3706008.00000.000,eHIS,HIS_COLLECTION,3076798 HIS_COLLECTION 3358005YT7JQCWYLTG43,500166287,Journal Import 2591614:,/EFT/RECEIPT,2,,,,,0,400,Posted
02-09-2024,01.12102.000.0000.000.3706008.00000.000,eHIS,HIS_COLLECTION,3076808 HIS_COLLECTION 3358005YT7JQCWYLTG43,500166031,Journal Import 2591614:,/CASH/RECEIPT,2,,,,,0,500,Posted
02-09-2024,01.12102.000.0000.000.3706008.00000.000,eHIS,HIS_COLLECTION,3076811 HIS_COLLECTION 3358005YT7JQCWYLTG43,500166235,Journal Import 2591614:,/EFT/RECEIPT,2,,,,,0,800,Posted
02-09-2024,01.12102.000.0000.000.3706008.00000.000,eHIS,HIS_COLLECTION,3076819 HIS_COLLECTION 3358005YT7JQCWYLTG43,500166169,Journal Import 2591614:,/CASH/RECEIPT,2,,,,,0,1100,Posted
02-09-2024,01.12102.000.0000.000.3706008.00000.000,eHIS,HIS_COLLECTION,3076828 HIS_COLLECTION 3358005YT7JQCWYLTG43,500165909,Journal Import 2591614:,/CASH/RECEIPT,2,,,,,0,800,Posted
02-09-2024,01.12102.000.0000.000.3706008.00000.000,eHIS,HIS_COLLECTION,3076840 HIS_COLLECTION 3358005YT7JQCWYLTG43,500166170,Journal Import 2591614:,/CASH/RECEIPT,2,,,,,0,1100,Posted
02-09-2024,01.12102.000.0000.000.3706008.00000.000,eHIS,HIS_COLLECTION,3076844 HIS_COLLECTION 3358005YT7JQCWYLTG43,500166288,Journal Import 2591614:,/EFT/RECEIPT,2,,,,,0,400,Posted
02-09-2024,01.12102.000.0000.000.3706008.00000.000,eHIS,HIS_COLLECTION,3076855 HIS_COLLECTION 3358005YT7JQCWYLTG43,500165910,Journal Import 2591614:,/CASH/RECEIPT,2,,,,,0,800,Posted
02-09-2024,01.12102.000.0000.000.3706008.00000.000,eHIS,HIS_COLLECTION,3076865 HIS_COLLECTION 3358005YT7JQCWYLTG43,500166324,Journal Import 2591614:,/EFT/RECEIPT,2,,,,,0,500,Posted
02-09-2024,01.12102.000.0000.000.3706008.00000.000,eHIS,HIS_COLLECTION,3076873 HIS_COLLECTION 3358005YT7JQCWYLTG43,500165911,Journal Import 2591614:,/CASH/RECEIPT,2,,,,,0,800,Posted
02-09-2024,01.12102.000.0000.000.3706008.00000.000,eHIS,HIS_COLLECTION,3076881 HIS_COLLECTION 3358005YT7JQCWYLTG43,500166309,Journal Import 2591614:,/EFT/RECEIPT,2,,,,,0,1850,Posted
02-09-2024,01.12102.000.0000.000.3706008.00000.000,eHIS,HIS_COLLECTION,3076883 HIS_COLLECTION 3358005YT7JQCWYLTG43,500166236,Journal Import 2591614:,/CARD/RECEIPT,2,,,,,0,800,Posted
02-09-2024,01.12102.000.0000.000.3706008.00000.000,eHIS,HIS_COLLECTION,3076891 HIS_COLLECTION 3358005YT7JQCWYLTG43,500166391,Journal Import 2591614:,/EFT/RECEIPT,2,,,,,0,1030,Posted
02-09-2024,01.12102.000.0000.000.3706008.00000.000,eHIS,HIS_COLLECTION,3076893 HIS_COLLECTION 3358005YT7JQCWYLTG43,500166086,Journal Import 2591614:,/CASH/RECEIPT,2,,,,,0,299,Posted
02-09-2024,01.12102.000.0000.000.3706008.00000.000,eHIS,HIS_COLLECTION,3076906 HIS_COLLECTION 3358005YT7JQCWYLTG43,500166291,Journal Import 2591614:,/EFT/RECEIPT,2,,,,,0,1680,Posted
02-09-2024,01.12102.000.0000.000.3706008.00000.000,eHIS,HIS_COLLECTION,3076922 HIS_COLLECTION 3358005YT7JQCWYLTG43,500166241,Journal Import 2591614:,/EFT/RECEIPT,2,,,,,0,3980,Posted
02-09-2024,01.12102.000.0000.000.3706008.00000.000,eHIS,HIS_COLLECTION,3076926 HIS_COLLECTION 3358005YT7JQCWYLTG43,500165912,Journal Import 2591614:,/CASH/RECEIPT,2,,,,,0,800,Posted
02-09-2024,01.12102.000.0000.000.3706008.00000.000,eHIS,HIS_COLLECTION,3076935 HIS_COLLECTION 3358005YT7JQCWYLTG43,500166212,Journal Import 2591614:,/EFT/RECEIPT,2,,,,,0,2000,Posted
02-09-2024,01.12102.000.0000.000.3706008.00000.000,eHIS,HIS_COLLECTION,3076941 HIS_COLLECTION 3358005YT7JQCWYLTG43,500166387,Journal Import 2591614:,/EFT/RECEIPT,2,,,,,0,1000,Posted
02-09-2024,01.12102.000.0000.000.3706008.00000.000,eHIS,HIS_COLLECTION,3076946 HIS_COLLECTION 3358005YT7JQCWYLTG43,500166214,Journal Import 2591614:,/EFT/RECEIPT,2,,,,,0,2080,Posted
02-09-2024,01.12102.000.0000.000.3706008.00000.000,eHIS,HIS_COLLECTION,3076962 HIS_COLLECTION 3358005YT7JQCWYLTG43,500166325,Journal Import 2591614:,/EFT/RECEIPT,2,,,,,0,500,Posted
02-09-2024,01.12102.000.0000.000.3706008.00000.000,eHIS,HIS_COLLECTION,3076971 HIS_COLLECTION 3358005YT7JQCWYLTG43,500166395,Journal Import 2591614:,/EFT/RECEIPT,2,,,,,0,200,Posted
02-09-2024,01.12102.000.0000.000.3706008.00000.000,eHIS,HIS_COLLECTION,3076979 HIS_COLLECTION 3358005YT7JQCWYLTG43,500166108,Journal Import 2591614:,/CASH/RECEIPT,2,,,,,0,1000,Posted
02-09-2024,01.12102.000.0000.000.3706008.00000.000,eHIS,HIS_COLLECTION,3076985 HIS_COLLECTION 3358005YT7JQCWYLTG43,500166171,Journal Import 2591614:,/CASH/RECEIPT,2,,,,,0,1100,Posted
02-09-2024,01.12102.000.0000.000.3706008.00000.000,eHIS,HIS_COLLECTION,3076991 HIS_COLLECTION 3358005YT7JQCWYLTG43,500166326,Journal Import 2591614:,/EFT/RECEIPT,2,,,,,0,500,Posted
02-09-2024,01.12102.000.0000.000.3706008.00000.000,eHIS,HIS_COLLECTION,3077001 HIS_COLLECTION 3358005YT7JQCWYLTG43,500166213,Journal Import 2591614:,/EFT/RECEIPT,2,,,,,0,2050,Posted
02-09-2024,01.12102.000.0000.000.3706008.00000.000,eHIS,HIS_COLLECTION,3077007 HIS_COLLECTION 3358005YT7JQCWYLTG43,500165967,Journal Import 2591614:,/CASH/RECEIPT,2,,,,,0,600,Posted
02-09-2024,01.12102.000.0000.000.3706008.00000.000,eHIS,HIS_COLLECTION,3077009 HIS_COLLECTION 3358005YT7JQCWYLTG43,500166237,Journal Import 2591614:,/EFT/RECEIPT,2,,,,,0,800,Posted
02-09-2024,01.12102.000.0000.000.3706008.00000.000,eHIS,HIS_COLLECTION,3077014 HIS_COLLECTION 3358005YT7JQCWYLTG43,500166396,Journal Import 2591614:,/EFT/RECEIPT,2,,,,,0,200,Posted
02-09-2024,01.12102.000.0000.000.3706008.00000.000,eHIS,HIS_COLLECTION,3077032 HIS_COLLECTION 3358005YT7JQCWYLTG43,500166109,Journal Import 2591614:,/CASH/RECEIPT,2,,,,,0,1000,Posted
02-09-2024,01.12102.000.0000.000.3706008.00000.000,eHIS,HIS_COLLECTION,3077034 HIS_COLLECTION 3358005YT7JQCWYLTG43,500166277,Journal Import 2591614:,/EFT/RECEIPT,2,,,,,0,250,Posted
02-09-2024,01.12102.000.0000.000.3706008.00000.000,eHIS,HIS_COLLECTION,3077038 HIS_COLLECTION 3358005YT7JQCWYLTG43,500166172,Journal Import 2591614:,/CASH/RECEIPT,2,,,,,0,1100,Posted
02-09-2024,01.12102.000.0000.000.3706008.00000.000,eHIS,HIS_COLLECTION,3077046 HIS_COLLECTION 3358005YT7JQCWYLTG43,500166289,Journal Import 2591614:,/EFT/RECEIPT,2,,,,,0,400,Posted
02-09-2024,01.12102.000.0000.000.3706008.00000.000,eHIS,HIS_COLLECTION,3077061 HIS_COLLECTION 3358005YT7JQCWYLTG43,500166390,Journal Import 2591614:,/CARD/RECEIPT,2,,,,,0,127,Posted
02-09-2024,01.12102.000.0000.000.3706008.00000.000,eHIS,HIS_COLLECTION,3077082 HIS_COLLECTION 3358005YT7JQCWYLTG43,500166107,Journal Import 2591614:,/CASH/RECEIPT,2,,,,,0,350,Posted
02-09-2024,01.12102.000.0000.000.3706008.00000.000,eHIS,HIS_COLLECTION,3077084 HIS_COLLECTION 3358005YT7JQCWYLTG43,500166393,Journal Import 2591614:,/EFT/RECEIPT,2,,,,,0,1100,Posted
02-09-2024,01.12102.000.0000.000.3706008.00000.000,eHIS,HIS_COLLECTION,3077091 HIS_COLLECTION 3358005YT7JQCWYLTG43,500165913,Journal Import 2591614:,/CASH/RECEIPT,2,,,,,0,800,Posted
02-09-2024,01.12102.000.0000.000.3706008.00000.000,eHIS,HIS_COLLECTION,3077094 HIS_COLLECTION 3358005YT7JQCWYLTG43,500166231,Journal Import 2591614:,/EFT/RECEIPT,2,,,,,0,3500,Posted
02-09-2024,01.12102.000.0000.000.3706008.00000.000,eHIS,HIS_COLLECTION,3077096 HIS_COLLECTION 3358005YT7JQCWYLTG43,500165889,Journal Import 2591614:,/CASH/RECEIPT,2,,,,,0,750,Posted
02-09-2024,01.12102.000.0000.000.3706008.00000.000,eHIS,HIS_COLLECTION,3077102 HIS_COLLECTION 3358005YT7JQCWYLTG43,500166238,Journal Import 2591614:,/EFT/RECEIPT,2,,,,,0,800,Posted
02-09-2024,01.12102.000.0000.000.3706008.00000.000,eHIS,HIS_COLLECTION,3077106 HIS_COLLECTION 3358005YT7JQCWYLTG43,500166336,Journal Import 2591614:,/CASH/RECEIPT,2,,,,,0,3900,Posted
02-09-2024,01.12102.000.0000.000.3706008.00000.000,eHIS,HIS_COLLECTION,3077123 HIS_COLLECTION 3358005YT7JQCWYLTG43,500166279,Journal Import 2591614:,/EFT/RECEIPT,2,,,,,0,1300,Posted
02-09-2024,01.12102.000.0000.000.3706008.00000.000,eHIS,HIS_COLLECTION,3077146 HIS_COLLECTION 3358005YT7JQCWYLTG43,500166384,Journal Import 2591614:,/EFT/RECEIPT,2,,,,,0,100,Posted
02-09-2024,01.12102.000.0000.000.3706008.00000.000,eHIS,HIS_COLLECTION,3077148 HIS_COLLECTION 3358005YT7JQCWYLTG43,500166103,Journal Import 2591614:,/CASH/RECEIPT,2,,,,,0,300,Posted
02-09-2024,01.12102.000.0000.000.3706008.00000.000,eHIS,HIS_COLLECTION,3077149 HIS_COLLECTION 3358005YT7JQCWYLTG43,500166327,Journal Import 2591614:,/EFT/RECEIPT,2,,,,,0,500,Posted
02-09-2024,01.12102.000.0000.000.3706008.00000.000,eHIS,HIS_COLLECTION,3077177 HIS_COLLECTION 3358005YT7JQCWYLTG43,500166271,Journal Import 2591614:,/EFT/RECEIPT,2,,,,,0,1200,Posted
02-09-2024,01.12102.000.0000.000.3706008.00000.000,eHIS,HIS_COLLECTION,3077183 HIS_COLLECTION 3358005YT7JQCWYLTG43,500166219,Journal Import 2591614:,/EFT/RECEIPT,2,,,,,0,650,Posted
02-09-2024,01.12102.000.0000.000.3706008.00000.000,eHIS,HIS_COLLECTION,3077186 HIS_COLLECTION 3358005YT7JQCWYLTG43,500165914,Journal Import 2591614:,/CASH/RECEIPT,2,,,,,0,800,Posted
02-09-2024,01.12102.000.0000.000.3706008.00000.000,eHIS,HIS_COLLECTION,3077190 HIS_COLLECTION 3358005YT7JQCWYLTG43,500166239,Journal Import 2591614:,/CARD/RECEIPT,2,,,,,0,800,Posted
02-09-2024,01.12102.000.0000.000.3706008.00000.000,eHIS,HIS_COLLECTION,3077196 HIS_COLLECTION 3358005YT7JQCWYLTG43,500166397,Journal Import 2591614:,/EFT/RECEIPT,2,,,,,0,200,Posted
02-09-2024,01.12102.000.0000.000.3706008.00000.000,eHIS,HIS_COLLECTION,3077204 HIS_COLLECTION 3358005YT7JQCWYLTG43,500166223,Journal Import 2591614:,/EFT/RECEIPT,2,,,,,0,3050,Posted
02-09-2024,01.12102.000.0000.000.3706008.00000.000,eHIS,HIS_COLLECTION,3077206 HIS_COLLECTION 3358005YT7JQCWYLTG43,500166394,Journal Import 2591614:,/EFT/RECEIPT,2,,,,,0,1100,Posted
02-09-2024,01.12102.000.0000.000.3706008.00000.000,eHIS,HIS_COLLECTION,3077212 HIS_COLLECTION 3358005YT7JQCWYLTG43,500166317,Journal Import 2591614:,/CASH/RECEIPT,2,,,,,0,3000,Posted
02-09-2024,01.12102.000.0000.000.3706008.00000.000,eHIS,HIS_COLLECTION,3077213 HIS_COLLECTION 3358005YT7JQCWYLTG43,500166286,Journal Import 2591614:,/EFT/RECEIPT,2,,,,,0,280,Posted
02-09-2024,01.12102.000.0000.000.3706008.00000.000,eHIS,HIS_COLLECTION,3077232 HIS_COLLECTION 3358005YT7JQCWYLTG43,500166221,Journal Import 2591614:,/CARD/RECEIPT,2,,,,,0,2600,Posted
02-09-2024,01.12102.000.0000.000.3706008.00000.000,eHIS,HIS_COLLECTION,3077242 HIS_COLLECTION 3358005YT7JQCWYLTG43,500166388,Journal Import 2591614:,/EFT/RECEIPT,2,,,,,0,1000,Posted
03-09-2024,01.12102.000.0000.000.3706008.00000.000,eHIS,HIS_COLLECTION,3077271 HIS_COLLECTION 3358005YT7JQCWYLTG43,500166443,Journal Import 2599930:,/EFT/RECEIPT,2,,,,,0,350,Posted
02-09-2024,01.12102.000.0000.000.3706008.00000.000,eHIS,HIS_COLLECTION,3077288 HIS_COLLECTION 3358005YT7JQCWYLTG43,500166227,Journal Import 2591614:,/CASH/RECEIPT,2,,,,,0,28088,Posted
02-09-2024,01.12102.000.0000.000.3706008.00000.000,eHIS,HIS_COLLECTION,3077298 HIS_COLLECTION 3358005YT7JQCWYLTG43,500166364,Journal Import 2591614:,/EFT/RECEIPT,2,,,,,0,900,Posted
02-09-2024,01.12102.000.0000.000.3706008.00000.000,eHIS,HIS_COLLECTION,3077313 HIS_COLLECTION 3358005YT7JQCWYLTG43,500166168,Journal Import 2591614:,/CASH/RECEIPT,2,,,,,0,200,Posted
02-09-2024,01.12102.000.0000.000.3706008.00000.000,eHIS,HIS_COLLECTION,3077319 HIS_COLLECTION 3358005YT7JQCWYLTG43,500166280,Journal Import 2591614:,/CARD/RECEIPT,2,,,,,0,1500,Posted
02-09-2024,01.12102.000.0000.000.3706008.00000.000,eHIS,HIS_COLLECTION,3077325 HIS_COLLECTION 3358005YT7JQCWYLTG43,500166331,Journal Import 2591614:,/CASH/RECEIPT,2,,,,,0,5700,Posted
02-09-2024,01.12102.000.0000.000.3706008.00000.000,eHIS,HIS_COLLECTION,3077337 HIS_COLLECTION 3358005YT7JQCWYLTG43,500166085,Journal Import 2591614:,/CASH/RECEIPT,2,,,,,0,250,Posted
03-09-2024,01.12102.000.0000.000.3706008.00000.000,eHIS,HIS_COLLECTION,3077339 HIS_COLLECTION 3358005YT7JQCWYLTG43,500166444,Journal Import 2599930:,/EFT/RECEIPT,2,,,,,0,800,Posted
02-09-2024,01.12102.000.0000.000.3706008.00000.000,eHIS,HIS_COLLECTION,3077346 HIS_COLLECTION 3358005YT7JQCWYLTG43,500166398,Journal Import 2591614:,/CARD/RECEIPT,2,,,,,0,200,Posted
02-09-2024,01.12102.000.0000.000.3706008.00000.000,eHIS,HIS_COLLECTION,3077348 HIS_COLLECTION 3358005YT7JQCWYLTG43,500166272,Journal Import 2591614:,/EFT/RECEIPT,2,,,,,0,1200,Posted
02-09-2024,01.12102.000.0000.000.3706008.00000.000,eHIS,HIS_COLLECTION,3077364 HIS_COLLECTION 3358005YT7JQCWYLTG43,500166274,Journal Import 2591614:,/CARD/RECEIPT,2,,,,,0,12000,Posted
02-09-2024,01.12102.000.0000.000.3706008.00000.000,eHIS,HIS_COLLECTION,3077386 HIS_COLLECTION 3358005YT7JQCWYLTG43,500166389,Journal Import 2591614:,/CASH/RECEIPT,2,,,,,0,1250,Posted
02-09-2024,01.12102.000.0000.000.3706008.00000.000,eHIS,HIS_COLLECTION,3077390 HIS_COLLECTION 3358005YT7JQCWYLTG43,500165946,Journal Import 2591614:,/CASH/RECEIPT,2,,,,,0,100,Posted
02-09-2024,01.12102.000.0000.000.3706008.00000.000,eHIS,HIS_COLLECTION,3077397 HIS_COLLECTION 3358005YT7JQCWYLTG43,500166032,Journal Import 2591614:,/CASH/RECEIPT,2,,,,,0,500,Posted
02-09-2024,01.12102.000.0000.000.3706008.00000.000,eHIS,HIS_COLLECTION,3077399 HIS_COLLECTION 3358005YT7JQCWYLTG43,500166208,Journal Import 2591614:,/CARD/RECEIPT,2,,,,,0,510,Posted
02-09-2024,01.12102.000.0000.000.3706008.00000.000,eHIS,HIS_COLLECTION,3077401 HIS_COLLECTION 3358005YT7JQCWYLTG43,500165968,Journal Import 2591614:,/CASH/RECEIPT,2,,,,,0,600,Posted
02-09-2024,01.12102.000.0000.000.3706008.00000.000,eHIS,HIS_COLLECTION,3077407 HIS_COLLECTION 3358005YT7JQCWYLTG43,500166365,Journal Import 2591614:,/EFT/RECEIPT,2,,,,,0,900,Posted
02-09-2024,01.12102.000.0000.000.3706008.00000.000,eHIS,HIS_COLLECTION,3077418 HIS_COLLECTION 3358005YT7JQCWYLTG43,500165947,Journal Import 2591614:,/CASH/RECEIPT,2,,,,,0,100,Posted
02-09-2024,01.12102.000.0000.000.3706008.00000.000,eHIS,HIS_COLLECTION,3077420 HIS_COLLECTION 3358005YT7JQCWYLTG43,500165915,Journal Import 2591614:,/CASH/RECEIPT,2,,,,,0,800,Posted
02-09-2024,01.12102.000.0000.000.3706008.00000.000,eHIS,HIS_COLLECTION,3077426 HIS_COLLECTION 3358005YT7JQCWYLTG43,500166310,Journal Import 2591614:,/CARD/RECEIPT,2,,,,,0,1850,Posted
02-09-2024,01.12102.000.0000.000.3706008.00000.000,eHIS,HIS_COLLECTION,3077429 HIS_COLLECTION 3358005YT7JQCWYLTG43,500166104,Journal Import 2591614:,/CASH/RECEIPT,2,,,,,0,320,Posted
02-09-2024,01.12102.000.0000.000.3706008.00000.000,eHIS,HIS_COLLECTION,3077431 HIS_COLLECTION 3358005YT7JQCWYLTG43,500166385,Journal Import 2591614:,/EFT/RECEIPT,2,,,,,0,100,Posted
02-09-2024,01.12102.000.0000.000.3706008.00000.000,eHIS,HIS_COLLECTION,3077441 HIS_COLLECTION 3358005YT7JQCWYLTG43,500166311,Journal Import 2591614:,/EFT/RECEIPT,2,,,,,0,1850,Posted
02-09-2024,01.12102.000.0000.000.3706008.00000.000,eHIS,HIS_COLLECTION,3077445 HIS_COLLECTION 3358005YT7JQCWYLTG43,500166276,Journal Import 2591614:,/CASH/RECEIPT,2,,,,,0,1800,Posted
02-09-2024,01.12102.000.0000.000.3706008.00000.000,eHIS,HIS_COLLECTION,3077446 HIS_COLLECTION 3358005YT7JQCWYLTG43,500166368,Journal Import 2591614:,/DEPOSIT ADJUSTMENT/TRANSFER/RECEIPT,2,,,,,0,50,Posted
03-09-2024,01.12102.000.0000.000.3706008.00000.000,eHIS,HIS_COLLECTION,3077447 HIS_COLLECTION 3358005YT7JQCWYLTG43,500166449,Journal Import 2600363:,/DEPOSIT ADJUSTMENT/TRANSFER/REFUND,1,,,,,50,0,Posted
03-09-2024,01.12102.000.0000.000.3706008.00000.000,eHIS,HIS_COLLECTION,3077447 HIS_COLLECTION 3358005YT7JQCWYLTG43,500166449,Journal Import 2600363:,/DEPOSIT ADJUSTMENT/TRANSFER/REFUND,2,,,,,0,50,Posted
03-09-2024,01.12102.000.0000.000.3706008.00000.000,eHIS,HIS_COLLECTION,3077511 HIS_COLLECTION 3358005YT7JQCWYLTG43,500166962,Journal Import 2591614:,/CASH/RECEIPT,2,,,,,0,2880,Posted
03-09-2024,01.12102.000.0000.000.3706008.00000.000,eHIS,HIS_COLLECTION,3077525 HIS_COLLECTION 3358005YT7JQCWYLTG43,500166415,Journal Import 2591614:,/CASH/RECEIPT,2,,,,,0,100,Posted
03-09-2024,01.12102.000.0000.000.3706008.00000.000,eHIS,HIS_COLLECTION,3077568 HIS_COLLECTION 3358005YT7JQCWYLTG43,500166903,Journal Import 2591614:,/EFT/RECEIPT,2,,,,,0,100,Posted
03-09-2024,01.12102.000.0000.000.3706008.00000.000,eHIS,HIS_COLLECTION,3077574 HIS_COLLECTION 3358005YT7JQCWYLTG43,500166939,Journal Import 2591614:,/CASH/RECEIPT,2,,,,,0,1850,Posted
03-09-2024,01.12102.000.0000.000.3706008.00000.000,eHIS,HIS_COLLECTION,3077579 HIS_COLLECTION 3358005YT7JQCWYLTG43,500167024,Journal Import 2591614:,/EFT/RECEIPT,4,,,,,0,7,Posted
03-09-2024,01.12102.000.0000.000.3706008.00000.000,eHIS,HIS_COLLECTION,3077579 HIS_COLLECTION 3358005YT7JQCWYLTG43,500167024,Journal Import 2591614:,/EFT/RECEIPT,5,,,,,0,2000,Posted
03-09-2024,01.12102.000.0000.000.3706008.00000.000,eHIS,HIS_COLLECTION,3077579 HIS_COLLECTION 3358005YT7JQCWYLTG43,500167024,Journal Import 2591614:,/EFT/RECEIPT,6,,,,,0,2000,Posted
03-09-2024,01.12102.000.0000.000.3706008.00000.000,eHIS,HIS_COLLECTION,3077580 HIS_COLLECTION 3358005YT7JQCWYLTG43,500166838,Journal Import 2591614:,/CASH/RECEIPT,2,,,,,0,3500,Posted
03-09-2024,01.12102.000.0000.000.3706008.00000.000,eHIS,HIS_COLLECTION,3077582 HIS_COLLECTION 3358005YT7JQCWYLTG43,500167015,Journal Import 2591614:,/CASH/REFUND,2,,,,,3500,0,Posted
03-09-2024,01.12102.000.0000.000.3706008.00000.000,eHIS,HIS_COLLECTION,3077585 HIS_COLLECTION 3358005YT7JQCWYLTG43,500166875,Journal Import 2591614:,/DEPOSIT ADJUSTMENT/TRANSFER/RECEIPT,2,,,,,0,3500,Posted
03-09-2024,01.12102.000.0000.000.3706008.00000.000,eHIS,HIS_COLLECTION,3077586 HIS_COLLECTION 3358005YT7JQCWYLTG43,500166451,Journal Import 2600363:,/DEPOSIT ADJUSTMENT/TRANSFER/REFUND,1,,,,,3500,0,Posted
03-09-2024,01.12102.000.0000.000.3706008.00000.000,eHIS,HIS_COLLECTION,3077586 HIS_COLLECTION 3358005YT7JQCWYLTG43,500166451,Journal Import 2600363:,/DEPOSIT ADJUSTMENT/TRANSFER/REFUND,2,,,,,0,3500,Posted
03-09-2024,01.12102.000.0000.000.3706008.00000.000,eHIS,HIS_COLLECTION,3077588 HIS_COLLECTION 3358005YT7JQCWYLTG43,500166856,Journal Import 2591614:,/DEPOSIT ADJUSTMENT/TRANSFER/RECEIPT,2,,,,,0,507,Posted
03-09-2024,01.12102.000.0000.000.3706008.00000.000,eHIS,HIS_COLLECTION,3077589 HIS_COLLECTION 3358005YT7JQCWYLTG43,500166450,Journal Import 2600363:,/DEPOSIT ADJUSTMENT/TRANSFER/REFUND,1,,,,,507,0,Posted
03-09-2024,01.12102.000.0000.000.3706008.00000.000,eHIS,HIS_COLLECTION,3077589 HIS_COLLECTION 3358005YT7JQCWYLTG43,500166450,Journal Import 2600363:,/DEPOSIT ADJUSTMENT/TRANSFER/REFUND,2,,,,,0,507,Posted
03-09-2024,01.12102.000.0000.000.3706008.00000.000,eHIS,HIS_COLLECTION,3077595 HIS_COLLECTION 3358005YT7JQCWYLTG43,500166416,Journal Import 2591614:,/CASH/RECEIPT,2,,,,,0,100,Posted
03-09-2024,01.12102.000.0000.000.3706008.00000.000,eHIS,HIS_COLLECTION,3077597 HIS_COLLECTION 3358005YT7JQCWYLTG43,500166837,Journal Import 2591614:,/CASH/RECEIPT,2,,,,,0,3200,Posted
03-09-2024,01.12102.000.0000.000.3706008.00000.000,eHIS,HIS_COLLECTION,3077619 HIS_COLLECTION 3358005YT7JQCWYLTG43,500166952,Journal Import 2591614:,/CASH/RECEIPT,2,,,,,0,2300,Posted
03-09-2024,01.12102.000.0000.000.3706008.00000.000,eHIS,HIS_COLLECTION,3077621 HIS_COLLECTION 3358005YT7JQCWYLTG43,500166904,Journal Import 2591614:,/EFT/RECEIPT,2,,,,,0,100,Posted
03-09-2024,01.12102.000.0000.000.3706008.00000.000,eHIS,HIS_COLLECTION,3077642 HIS_COLLECTION 3358005YT7JQCWYLTG43,500166839,Journal Import 2591614:,/CASH/RECEIPT,2,,,,,0,3500,Posted
03-09-2024,01.12102.000.0000.000.3706008.00000.000,eHIS,HIS_COLLECTION,3077646 HIS_COLLECTION 3358005YT7JQCWYLTG43,500167013,Journal Import 2591614:,/CARD/RECEIPT,2,,,,,0,5888,Posted
03-09-2024,01.12102.000.0000.000.3706008.00000.000,eHIS,HIS_COLLECTION,3077653 HIS_COLLECTION 3358005YT7JQCWYLTG43,500167014,Journal Import 2591614:,/CARD/RECEIPT,2,,,,,0,5888,Posted
04-09-2024,01.12102.000.0000.000.3706008.00000.000,eHIS,HIS_COLLECTION,3077663 HIS_COLLECTION 3358005YT7JQCWYLTG43,500167073,Journal Import 2599930:,/EFT/RECEIPT,2,,,,,0,258,Posted
03-09-2024,01.12102.000.0000.000.3706008.00000.000,eHIS,HIS_COLLECTION,3077687 HIS_COLLECTION 3358005YT7JQCWYLTG43,500166905,Journal Import 2591614:,/EFT/RECEIPT,2,,,,,0,100,Posted
04-09-2024,01.12102.000.0000.000.3706008.00000.000,eHIS,HIS_COLLECTION,3077699 HIS_COLLECTION 3358005YT7JQCWYLTG43,500167081,Journal Import 2599930:,/EFT/RECEIPT,2,,,,,0,1690,Posted
04-09-2024,01.12102.000.0000.000.3706008.00000.000,eHIS,HIS_COLLECTION,3077712 HIS_COLLECTION 3358005YT7JQCWYLTG43,500167082,Journal Import 2599930:,/EFT/RECEIPT,2,,,,,0,3500,Posted
03-09-2024,01.12102.000.0000.000.3706008.00000.000,eHIS,HIS_COLLECTION,3077721 HIS_COLLECTION 3358005YT7JQCWYLTG43,500166858,Journal Import 2591614:,/EFT/RECEIPT,2,,,,,0,2100,Posted
04-09-2024,01.12102.000.0000.000.3706008.00000.000,eHIS,HIS_COLLECTION,3077724 HIS_COLLECTION 3358005YT7JQCWYLTG43,500167083,Journal Import 2599930:,/EFT/RECEIPT,2,,,,,0,3500,Posted
03-09-2024,01.12102.000.0000.000.3706008.00000.000,eHIS,HIS_COLLECTION,3077729 HIS_COLLECTION 3358005YT7JQCWYLTG43,500166498,Journal Import 2591614:,/CASH/RECEIPT,2,,,,,0,800,Posted
03-09-2024,01.12102.000.0000.000.3706008.00000.000,eHIS,HIS_COLLECTION,3077766 HIS_COLLECTION 3358005YT7JQCWYLTG43,500166943,Journal Import 2591614:,/CARD/RECEIPT,2,,,,,0,400,Posted
03-09-2024,01.12102.000.0000.000.3706008.00000.000,eHIS,HIS_COLLECTION,3077779 HIS_COLLECTION 3358005YT7JQCWYLTG43,500166572,Journal Import 2591614:,/CASH/RECEIPT,2,,,,,0,700,Posted
04-09-2024,01.12102.000.0000.000.3706008.00000.000,eHIS,HIS_COLLECTION,3077785 HIS_COLLECTION 3358005YT7JQCWYLTG43,500167080,Journal Import 2599930:,/EFT/RECEIPT,2,,,,,0,1375,Posted
03-09-2024,01.12102.000.0000.000.3706008.00000.000,eHIS,HIS_COLLECTION,3077789 HIS_COLLECTION 3358005YT7JQCWYLTG43,500166879,Journal Import 2591614:,/EFT/RECEIPT,2,,,,,0,800,Posted
03-09-2024,01.12102.000.0000.000.3706008.00000.000,eHIS,HIS_COLLECTION,3077793 HIS_COLLECTION 3358005YT7JQCWYLTG43,500166963,Journal Import 2591614:,/CASH/RECEIPT,2,,,,,0,3080,Posted
04-09-2024,01.12102.000.0000.000.3706008.00000.000,eHIS,HIS_COLLECTION,3077797 HIS_COLLECTION 3358005YT7JQCWYLTG43,500167079,Journal Import 2599930:,/EFT/RECEIPT,2,,,,,0,800,Posted
03-09-2024,01.12102.000.0000.000.3706008.00000.000,eHIS,HIS_COLLECTION,3077810 HIS_COLLECTION 3358005YT7JQCWYLTG43,500166600,Journal Import 2591614:,/CASH/RECEIPT,2,,,,,0,500,Posted
03-09-2024,01.12102.000.0000.000.3706008.00000.000,eHIS,HIS_COLLECTION,3077814 HIS_COLLECTION 3358005YT7JQCWYLTG43,500166906,Journal Import 2591614:,/EFT/RECEIPT,2,,,,,0,100,Posted
03-09-2024,01.12102.000.0000.000.3706008.00000.000,eHIS,HIS_COLLECTION,3077822 HIS_COLLECTION 3358005YT7JQCWYLTG43,500166928,Journal Import 2591614:,/CASH/RECEIPT,2,,,,,0,1650,Posted
03-09-2024,01.12102.000.0000.000.3706008.00000.000,eHIS,HIS_COLLECTION,3077823 HIS_COLLECTION 3358005YT7JQCWYLTG43,500166918,Journal Import 2591614:,/EFT/RECEIPT,2,,,,,0,200,Posted
03-09-2024,01.12102.000.0000.000.3706008.00000.000,eHIS,HIS_COLLECTION,3077839 HIS_COLLECTION 3358005YT7JQCWYLTG43,500166929,Journal Import 2591614:,/CASH/RECEIPT,2,,,,,0,1700,Posted
03-09-2024,01.12102.000.0000.000.3706008.00000.000,eHIS,HIS_COLLECTION,3077859 HIS_COLLECTION 3358005YT7JQCWYLTG43,500167010,Journal Import 2591614:,/CASH/REFUND,2,,,,,1375,0,Posted
03-09-2024,01.12102.000.0000.000.3706008.00000.000,eHIS,HIS_COLLECTION,3077865 HIS_COLLECTION 3358005YT7JQCWYLTG43,500166945,Journal Import 2591614:,/EFT/RECEIPT,2,,,,,0,1600,Posted
03-09-2024,01.12102.000.0000.000.3706008.00000.000,eHIS,HIS_COLLECTION,3077867 HIS_COLLECTION 3358005YT7JQCWYLTG43,500166422,Journal Import 2591614:,/CASH/RECEIPT,2,,,,,0,800,Posted
03-09-2024,01.12102.000.0000.000.3706008.00000.000,eHIS,HIS_COLLECTION,3077877 HIS_COLLECTION 3358005YT7JQCWYLTG43,500166923,Journal Import 2591614:,/EFT/RECEIPT,2,,,,,0,1200,Posted
03-09-2024,01.12102.000.0000.000.3706008.00000.000,eHIS,HIS_COLLECTION,3077889 HIS_COLLECTION 3358005YT7JQCWYLTG43,500166955,Journal Import 2591614:,/EFT/RECEIPT,2,,,,,0,1850,Posted
03-09-2024,01.12102.000.0000.000.3706008.00000.000,eHIS,HIS_COLLECTION,3077899 HIS_COLLECTION 3358005YT7JQCWYLTG43,500166601,Journal Import 2591614:,/CASH/RECEIPT,2,,,,,0,500,Posted
03-09-2024,01.12102.000.0000.000.3706008.00000.000,eHIS,HIS_COLLECTION,3077900 HIS_COLLECTION 3358005YT7JQCWYLTG43,500166930,Journal Import 2591614:,/EFT/RECEIPT,2,,,,,0,250,Posted
03-09-2024,01.12102.000.0000.000.3706008.00000.000,eHIS,HIS_COLLECTION,3077912 HIS_COLLECTION 3358005YT7JQCWYLTG43,500166423,Journal Import 2591614:,/CASH/RECEIPT,2,,,,,0,800,Posted
03-09-2024,01.12102.000.0000.000.3706008.00000.000,eHIS,HIS_COLLECTION,3077918 HIS_COLLECTION 3358005YT7JQCWYLTG43,500166967,Journal Import 2591614:,/CASH/RECEIPT,2,,,,,0,900,Posted
03-09-2024,01.12102.000.0000.000.3706008.00000.000,eHIS,HIS_COLLECTION,3077929 HIS_COLLECTION 3358005YT7JQCWYLTG43,500166964,Journal Import 2591614:,/CASH/RECEIPT,2,,,,,0,3100,Posted
03-09-2024,01.12102.000.0000.000.3706008.00000.000,eHIS,HIS_COLLECTION,3077935 HIS_COLLECTION 3358005YT7JQCWYLTG43,500166876,Journal Import 2591614:,/EFT/RECEIPT,2,,,,,0,3500,Posted
03-09-2024,01.12102.000.0000.000.3706008.00000.000,eHIS,HIS_COLLECTION,3077960 HIS_COLLECTION 3358005YT7JQCWYLTG43,500166898,Journal Import 2591614:,/CARD/RECEIPT,2,,,,,0,5000,Posted
03-09-2024,01.12102.000.0000.000.3706008.00000.000,eHIS,HIS_COLLECTION,3077967 HIS_COLLECTION 3358005YT7JQCWYLTG43,500166909,Journal Import 2591614:,/EFT/RECEIPT,2,,,,,0,1000,Posted
03-09-2024,01.12102.000.0000.000.3706008.00000.000,eHIS,HIS_COLLECTION,3077973 HIS_COLLECTION 3358005YT7JQCWYLTG43,500166950,Journal Import 2591614:,/CASH/RECEIPT,2,,,,,0,2050,Posted
03-09-2024,01.12102.000.0000.000.3706008.00000.000,eHIS,HIS_COLLECTION,3077975 HIS_COLLECTION 3358005YT7JQCWYLTG43,500166956,Journal Import 2591614:,/CARD/RECEIPT,2,,,,,0,1850,Posted
03-09-2024,01.12102.000.0000.000.3706008.00000.000,eHIS,HIS_COLLECTION,3077977 HIS_COLLECTION 3358005YT7JQCWYLTG43,500166954,Journal Import 2591614:,/EFT/RECEIPT,2,,,,,0,1800,Posted
03-09-2024,01.12102.000.0000.000.3706008.00000.000,eHIS,HIS_COLLECTION,3077987 HIS_COLLECTION 3358005YT7JQCWYLTG43,500166424,Journal Import 2591614:,/CASH/RECEIPT,2,,,,,0,800,Posted
03-09-2024,01.12102.000.0000.000.3706008.00000.000,eHIS,HIS_COLLECTION,3078003 HIS_COLLECTION 3358005YT7JQCWYLTG43,500166425,Journal Import 2591614:,/CASH/RECEIPT,2,,,,,0,800,Posted
03-09-2024,01.12102.000.0000.000.3706008.00000.000,eHIS,HIS_COLLECTION,3078023 HIS_COLLECTION 3358005YT7JQCWYLTG43,500166880,Journal Import 2591614:,/EFT/RECEIPT,2,,,,,0,800,Posted
03-09-2024,01.12102.000.0000.000.3706008.00000.000,eHIS,HIS_COLLECTION,3078042 HIS_COLLECTION 3358005YT7JQCWYLTG43,500166691,Journal Import 2591614:,/CASH/RECEIPT,2,,,,,0,400,Posted
04-09-2024,01.12102.000.0000.000.3706008.00000.000,eHIS,HIS_COLLECTION,3078050 HIS_COLLECTION 3358005YT7JQCWYLTG43,500167077,Journal Import 2599930:,/EFT/RECEIPT,2,,,,,0,450,Posted
03-09-2024,01.12102.000.0000.000.3706008.00000.000,eHIS,HIS_COLLECTION,3078054 HIS_COLLECTION 3358005YT7JQCWYLTG43,500166669,Journal Import 2591614:,/CASH/RECEIPT,2,,,,,0,300,Posted
03-09-2024,01.12102.000.0000.000.3706008.00000.000,eHIS,HIS_COLLECTION,3078055 HIS_COLLECTION 3358005YT7JQCWYLTG43,500166840,Journal Import 2591614:,/EFT/RECEIPT,2,,,,,0,500,Posted
03-09-2024,01.12102.000.0000.000.3706008.00000.000,eHIS,HIS_COLLECTION,3078057 HIS_COLLECTION 3358005YT7JQCWYLTG43,500166890,Journal Import 2591614:,/CARD/RECEIPT,2,,,,,0,4900,Posted
03-09-2024,01.12102.000.0000.000.3706008.00000.000,eHIS,HIS_COLLECTION,3078071 HIS_COLLECTION 3358005YT7JQCWYLTG43,500166968,Journal Import 2591614:,/CASH/RECEIPT,2,,,,,0,900,Posted
03-09-2024,01.12102.000.0000.000.3706008.00000.000,eHIS,HIS_COLLECTION,3078073 HIS_COLLECTION 3358005YT7JQCWYLTG43,500166426,Journal Import 2591614:,/CASH/RECEIPT,2,,,,,0,800,Posted
03-09-2024,01.12102.000.0000.000.3706008.00000.000,eHIS,HIS_COLLECTION,3078077 HIS_COLLECTION 3358005YT7JQCWYLTG43,500166427,Journal Import 2591614:,/CASH/RECEIPT,2,,,,,0,800,Posted
03-09-2024,01.12102.000.0000.000.3706008.00000.000,eHIS,HIS_COLLECTION,3078083 HIS_COLLECTION 3358005YT7JQCWYLTG43,500166910,Journal Import 2591614:,/CARD/RECEIPT,2,,,,,0,1000,Posted
03-09-2024,01.12102.000.0000.000.3706008.00000.000,eHIS,HIS_COLLECTION,3078089 HIS_COLLECTION 3358005YT7JQCWYLTG43,500166761,Journal Import 2591614:,/CASH/RECEIPT,2,,,,,0,250,Posted
03-09-2024,01.12102.000.0000.000.3706008.00000.000,eHIS,HIS_COLLECTION,3078091 HIS_COLLECTION 3358005YT7JQCWYLTG43,500166881,Journal Import 2591614:,/EFT/RECEIPT,2,,,,,0,800,Posted
03-09-2024,01.12102.000.0000.000.3706008.00000.000,eHIS,HIS_COLLECTION,3078099 HIS_COLLECTION 3358005YT7JQCWYLTG43,500166865,Journal Import 2591614:,/CARD/RECEIPT,2,,,,,0,650,Posted
03-09-2024,01.12102.000.0000.000.3706008.00000.000,eHIS,HIS_COLLECTION,3078101 HIS_COLLECTION 3358005YT7JQCWYLTG43,500166914,Journal Import 2591614:,/EFT/RECEIPT,2,,,,,0,1100,Posted
03-09-2024,01.12102.000.0000.000.3706008.00000.000,eHIS,HIS_COLLECTION,3078109 HIS_COLLECTION 3358005YT7JQCWYLTG43,500166743,Journal Import 2591614:,/CASH/RECEIPT,2,,,,,0,1100,Posted
03-09-2024,01.12102.000.0000.000.3706008.00000.000,eHIS,HIS_COLLECTION,3078127 HIS_COLLECTION 3358005YT7JQCWYLTG43,500166670,Journal Import 2591614:,/CASH/RECEIPT,2,,,,,0,300,Posted
03-09-2024,01.12102.000.0000.000.3706008.00000.000,eHIS,HIS_COLLECTION,3078131 HIS_COLLECTION 3358005YT7JQCWYLTG43,500166931,Journal Import 2591614:,/EFT/RECEIPT,2,,,,,0,250,Posted
03-09-2024,01.12102.000.0000.000.3706008.00000.000,eHIS,HIS_COLLECTION,3078145 HIS_COLLECTION 3358005YT7JQCWYLTG43,500166917,Journal Import 2591614:,/CASH/RECEIPT,2,,,,,0,1350,Posted
03-09-2024,01.12102.000.0000.000.3706008.00000.000,eHIS,HIS_COLLECTION,3078147 HIS_COLLECTION 3358005YT7JQCWYLTG43,500166872,Journal Import 2591614:,/CARD/RECEIPT,2,,,,,0,736,Posted
04-09-2024,01.12102.000.0000.000.3706008.00000.000,eHIS,HIS_COLLECTION,3078149 HIS_COLLECTION 3358005YT7JQCWYLTG43,500167075,Journal Import 2599930:,/EFT/RECEIPT,2,,,,,0,350,Posted
03-09-2024,01.12102.000.0000.000.3706008.00000.000,eHIS,HIS_COLLECTION,3078153 HIS_COLLECTION 3358005YT7JQCWYLTG43,500166919,Journal Import 2591614:,/CARD/RECEIPT,2,,,,,0,200,Posted
03-09-2024,01.12102.000.0000.000.3706008.00000.000,eHIS,HIS_COLLECTION,3078162 HIS_COLLECTION 3358005YT7JQCWYLTG43,500166871,Journal Import 2591614:,/CARD/RECEIPT,2,,,,,0,700,Posted
03-09-2024,01.12102.000.0000.000.3706008.00000.000,eHIS,HIS_COLLECTION,3078168 HIS_COLLECTION 3358005YT7JQCWYLTG43,500166547,Journal Import 2591614:,/CASH/RECEIPT,2,,,,,0,600,Posted
03-09-2024,01.12102.000.0000.000.3706008.00000.000,eHIS,HIS_COLLECTION,3078170 HIS_COLLECTION 3358005YT7JQCWYLTG43,500166673,Journal Import 2591614:,/CASH/RECEIPT,2,,,,,0,1000,Posted
03-09-2024,01.12102.000.0000.000.3706008.00000.000,eHIS,HIS_COLLECTION,3078182 HIS_COLLECTION 3358005YT7JQCWYLTG43,500166671,Journal Import 2591614:,/CASH/RECEIPT,2,,,,,0,300,Posted
03-09-2024,01.12102.000.0000.000.3706008.00000.000,eHIS,HIS_COLLECTION,3078192 HIS_COLLECTION 3358005YT7JQCWYLTG43,500166944,Journal Import 2591614:,/CARD/RECEIPT,2,,,,,0,1550,Posted
03-09-2024,01.12102.000.0000.000.3706008.00000.000,eHIS,HIS_COLLECTION,3078196 HIS_COLLECTION 3358005YT7JQCWYLTG43,500166428,Journal Import 2591614:,/CASH/RECEIPT,2,,,,,0,800,Posted
03-09-2024,01.12102.000.0000.000.3706008.00000.000,eHIS,HIS_COLLECTION,3078208 HIS_COLLECTION 3358005YT7JQCWYLTG43,500166548,Journal Import 2591614:,/CASH/RECEIPT,2,,,,,0,600,Posted
03-09-2024,01.12102.000.0000.000.3706008.00000.000,eHIS,HIS_COLLECTION,3078212 HIS_COLLECTION 3358005YT7JQCWYLTG43,500166882,Journal Import 2591614:,/EFT/RECEIPT,2,,,,,0,800,Posted
03-09-2024,01.12102.000.0000.000.3706008.00000.000,eHIS,HIS_COLLECTION,3078217 HIS_COLLECTION 3358005YT7JQCWYLTG43,500166436,Journal Import 2591614:,/CASH/RECEIPT,2,,,,,0,1200,Posted
03-09-2024,01.12102.000.0000.000.3706008.00000.000,eHIS,HIS_COLLECTION,3078230 HIS_COLLECTION 3358005YT7JQCWYLTG43,500166672,Journal Import 2591614:,/CASH/RECEIPT,2,,,,,0,350,Posted
03-09-2024,01.12102.000.0000.000.3706008.00000.000,eHIS,HIS_COLLECTION,3078232 HIS_COLLECTION 3358005YT7JQCWYLTG43,500166437,Journal Import 2591614:,/CASH/RECEIPT,2,,,,,0,1200,Posted
03-09-2024,01.12102.000.0000.000.3706008.00000.000,eHIS,HIS_COLLECTION,3078244 HIS_COLLECTION 3358005YT7JQCWYLTG43,500166841,Journal Import 2591614:,/CARD/RECEIPT,2,,,,,0,500,Posted
03-09-2024,01.12102.000.0000.000.3706008.00000.000,eHIS,HIS_COLLECTION,3078248 HIS_COLLECTION 3358005YT7JQCWYLTG43,500166889,Journal Import 2591614:,/CARD/RECEIPT,2,,,,,0,4150,Posted
03-09-2024,01.12102.000.0000.000.3706008.00000.000,eHIS,HIS_COLLECTION,3078257 HIS_COLLECTION 3358005YT7JQCWYLTG43,500166693,Journal Import 2591614:,/CASH/RECEIPT,2,,,,,0,450,Posted
03-09-2024,01.12102.000.0000.000.3706008.00000.000,eHIS,HIS_COLLECTION,3078267 HIS_COLLECTION 3358005YT7JQCWYLTG43,500166936,Journal Import 2591614:,/EFT/RECEIPT,2,,,,,0,1480,Posted
03-09-2024,01.12102.000.0000.000.3706008.00000.000,eHIS,HIS_COLLECTION,3078275 HIS_COLLECTION 3358005YT7JQCWYLTG43,500166883,Journal Import 2591614:,/EFT/RECEIPT,2,,,,,0,800,Posted
03-09-2024,01.12102.000.0000.000.3706008.00000.000,eHIS,HIS_COLLECTION,3078280 HIS_COLLECTION 3358005YT7JQCWYLTG43,500166417,Journal Import 2591614:,/CASH/RECEIPT,2,,,,,0,100,Posted
03-09-2024,01.12102.000.0000.000.3706008.00000.000,eHIS,HIS_COLLECTION,3078296 HIS_COLLECTION 3358005YT7JQCWYLTG43,500166549,Journal Import 2591614:,/CASH/RECEIPT,2,,,,,0,600,Posted
03-09-2024,01.12102.000.0000.000.3706008.00000.000,eHIS,HIS_COLLECTION,3078302 HIS_COLLECTION 3358005YT7JQCWYLTG43,500166429,Journal Import 2591614:,/CASH/RECEIPT,2,,,,,0,800,Posted
03-09-2024,01.12102.000.0000.000.3706008.00000.000,eHIS,HIS_COLLECTION,3078308 HIS_COLLECTION 3358005YT7JQCWYLTG43,500166430,Journal Import 2591614:,/CASH/RECEIPT,2,,,,,0,800,Posted
03-09-2024,01.12102.000.0000.000.3706008.00000.000,eHIS,HIS_COLLECTION,3078324 HIS_COLLECTION 3358005YT7JQCWYLTG43,500166739,Journal Import 2591614:,/CASH/RECEIPT,2,,,,,0,200,Posted
03-09-2024,01.12102.000.0000.000.3706008.00000.000,eHIS,HIS_COLLECTION,3078334 HIS_COLLECTION 3358005YT7JQCWYLTG43,500166602,Journal Import 2591614:,/CASH/RECEIPT,2,,,,,0,500,Posted
03-09-2024,01.12102.000.0000.000.3706008.00000.000,eHIS,HIS_COLLECTION,3078338 HIS_COLLECTION 3358005YT7JQCWYLTG43,500166603,Journal Import 2591614:,/CASH/RECEIPT,2,,,,,0,500,Posted
03-09-2024,01.12102.000.0000.000.3706008.00000.000,eHIS,HIS_COLLECTION,3078345 HIS_COLLECTION 3358005YT7JQCWYLTG43,500166740,Journal Import 2591614:,/CASH/RECEIPT,2,,,,,0,200,Posted
03-09-2024,01.12102.000.0000.000.3706008.00000.000,eHIS,HIS_COLLECTION,3078352 HIS_COLLECTION 3358005YT7JQCWYLTG43,500166674,Journal Import 2591614:,/CASH/RECEIPT,2,,,,,0,1000,Posted
03-09-2024,01.12102.000.0000.000.3706008.00000.000,eHIS,HIS_COLLECTION,3078354 HIS_COLLECTION 3358005YT7JQCWYLTG43,500166438,Journal Import 2591614:,/CASH/RECEIPT,2,,,,,0,1200,Posted
03-09-2024,01.12102.000.0000.000.3706008.00000.000,eHIS,HIS_COLLECTION,3078399 HIS_COLLECTION 3358005YT7JQCWYLTG43,500167019,Journal Import 2591614:,/CARD/RECEIPT,2,,,,,0,900,Posted
03-09-2024,01.12102.000.0000.000.3706008.00000.000,eHIS,HIS_COLLECTION,3078410 HIS_COLLECTION 3358005YT7JQCWYLTG43,500166431,Journal Import 2591614:,/CASH/RECEIPT,2,,,,,0,800,Posted
03-09-2024,01.12102.000.0000.000.3706008.00000.000,eHIS,HIS_COLLECTION,3078412 HIS_COLLECTION 3358005YT7JQCWYLTG43,500166439,Journal Import 2591614:,/CASH/RECEIPT,2,,,,,0,1200,Posted
03-09-2024,01.12102.000.0000.000.3706008.00000.000,eHIS,HIS_COLLECTION,3078426 HIS_COLLECTION 3358005YT7JQCWYLTG43,500166916,Journal Import 2591614:,/CASH/RECEIPT,2,,,,,0,1300,Posted
03-09-2024,01.12102.000.0000.000.3706008.00000.000,eHIS,HIS_COLLECTION,3078432 HIS_COLLECTION 3358005YT7JQCWYLTG43,500166714,Journal Import 2591614:,/CASH/RECEIPT,2,,,,,0,199,Posted
03-09-2024,01.12102.000.0000.000.3706008.00000.000,eHIS,HIS_COLLECTION,3078440 HIS_COLLECTION 3358005YT7JQCWYLTG43,500166715,Journal Import 2591614:,/CASH/RECEIPT,2,,,,,0,199,Posted
03-09-2024,01.12102.000.0000.000.3706008.00000.000,eHIS,HIS_COLLECTION,3078444 HIS_COLLECTION 3358005YT7JQCWYLTG43,500166926,Journal Import 2591614:,/CARD/RECEIPT,2,,,,,0,12250,Posted
03-09-2024,01.12102.000.0000.000.3706008.00000.000,eHIS,HIS_COLLECTION,3078463 HIS_COLLECTION 3358005YT7JQCWYLTG43,500166604,Journal Import 2591614:,/CASH/RECEIPT,2,,,,,0,500,Posted
03-09-2024,01.12102.000.0000.000.3706008.00000.000,eHIS,HIS_COLLECTION,3078477 HIS_COLLECTION 3358005YT7JQCWYLTG43,500166605,Journal Import 2591614:,/CASH/RECEIPT,2,,,,,0,500,Posted
03-09-2024,01.12102.000.0000.000.3706008.00000.000,eHIS,HIS_COLLECTION,3078481 HIS_COLLECTION 3358005YT7JQCWYLTG43,500166884,Journal Import 2591614:,/EFT/RECEIPT,2,,,,,0,800,Posted
03-09-2024,01.12102.000.0000.000.3706008.00000.000,eHIS,HIS_COLLECTION,3078499 HIS_COLLECTION 3358005YT7JQCWYLTG43,500166606,Journal Import 2591614:,/CASH/RECEIPT,2,,,,,0,500,Posted
03-09-2024,01.12102.000.0000.000.3706008.00000.000,eHIS,HIS_COLLECTION,3078513 HIS_COLLECTION 3358005YT7JQCWYLTG43,500166885,Journal Import 2591614:,/EFT/RECEIPT,2,,,,,0,800,Posted
03-09-2024,01.12102.000.0000.000.3706008.00000.000,eHIS,HIS_COLLECTION,3078539 HIS_COLLECTION 3358005YT7JQCWYLTG43,500166418,Journal Import 2591614:,/CASH/RECEIPT,2,,,,,0,100,Posted
03-09-2024,01.12102.000.0000.000.3706008.00000.000,eHIS,HIS_COLLECTION,3078546 HIS_COLLECTION 3358005YT7JQCWYLTG43,500166495,Journal Import 2591614:,/CASH/RECEIPT,2,,,,,0,750,Posted
03-09-2024,01.12102.000.0000.000.3706008.00000.000,eHIS,HIS_COLLECTION,3078560 HIS_COLLECTION 3358005YT7JQCWYLTG43,500166969,Journal Import 2591614:,/CASH/RECEIPT,2,,,,,0,900,Posted
03-09-2024,01.12102.000.0000.000.3706008.00000.000,eHIS,HIS_COLLECTION,3078562 HIS_COLLECTION 3358005YT7JQCWYLTG43,500166966,Journal Import 2591614:,/CASH/RECEIPT,2,,,,,0,825,Posted
03-09-2024,01.12102.000.0000.000.3706008.00000.000,eHIS,HIS_COLLECTION,3078570 HIS_COLLECTION 3358005YT7JQCWYLTG43,500166440,Journal Import 2591614:,/CASH/RECEIPT,2,,,,,0,1200,Posted
03-09-2024,01.12102.000.0000.000.3706008.00000.000,eHIS,HIS_COLLECTION,3078583 HIS_COLLECTION 3358005YT7JQCWYLTG43,500166970,Journal Import 2591614:,/CASH/RECEIPT,2,,,,,0,900,Posted
03-09-2024,01.12102.000.0000.000.3706008.00000.000,eHIS,HIS_COLLECTION,3078585 HIS_COLLECTION 3358005YT7JQCWYLTG43,500166762,Journal Import 2591614:,/CASH/RECEIPT,2,,,,,0,250,Posted
03-09-2024,01.12102.000.0000.000.3706008.00000.000,eHIS,HIS_COLLECTION,3078590 HIS_COLLECTION 3358005YT7JQCWYLTG43,500166763,Journal Import 2591614:,/CASH/RECEIPT,2,,,,,0,250,Posted
03-09-2024,01.12102.000.0000.000.3706008.00000.000,eHIS,HIS_COLLECTION,3078594 HIS_COLLECTION 3358005YT7JQCWYLTG43,500166932,Journal Import 2591614:,/EFT/RECEIPT,2,,,,,0,250,Posted
03-09-2024,01.12102.000.0000.000.3706008.00000.000,eHIS,HIS_COLLECTION,3078604 HIS_COLLECTION 3358005YT7JQCWYLTG43,500166419,Journal Import 2591614:,/CASH/RECEIPT,2,,,,,0,100,Posted
03-09-2024,01.12102.000.0000.000.3706008.00000.000,eHIS,HIS_COLLECTION,3078606 HIS_COLLECTION 3358005YT7JQCWYLTG43,500166933,Journal Import 2591614:,/EFT/RECEIPT,2,,,,,0,250,Posted
03-09-2024,01.12102.000.0000.000.3706008.00000.000,eHIS,HIS_COLLECTION,3078612 HIS_COLLECTION 3358005YT7JQCWYLTG43,500166886,Journal Import 2591614:,/EFT/RECEIPT,2,,,,,0,800,Posted
04-09-2024,01.12102.000.0000.000.3706008.00000.000,eHIS,HIS_COLLECTION,3078616 HIS_COLLECTION 3358005YT7JQCWYLTG43,500167078,Journal Import 2599930:,/EFT/RECEIPT,2,,,,,0,710,Posted
03-09-2024,01.12102.000.0000.000.3706008.00000.000,eHIS,HIS_COLLECTION,3078622 HIS_COLLECTION 3358005YT7JQCWYLTG43,500166432,Journal Import 2591614:,/CASH/RECEIPT,2,,,,,0,800,Posted
03-09-2024,01.12102.000.0000.000.3706008.00000.000,eHIS,HIS_COLLECTION,3078628 HIS_COLLECTION 3358005YT7JQCWYLTG43,500166842,Journal Import 2591614:,/EFT/RECEIPT,2,,,,,0,500,Posted
03-09-2024,01.12102.000.0000.000.3706008.00000.000,eHIS,HIS_COLLECTION,3078638 HIS_COLLECTION 3358005YT7JQCWYLTG43,500166924,Journal Import 2591614:,/EFT/RECEIPT,2,,,,,0,1200,Posted
03-09-2024,01.12102.000.0000.000.3706008.00000.000,eHIS,HIS_COLLECTION,3078640 HIS_COLLECTION 3358005YT7JQCWYLTG43,500166433,Journal Import 2591614:,/CASH/RECEIPT,2,,,,,0,800,Posted
03-09-2024,01.12102.000.0000.000.3706008.00000.000,eHIS,HIS_COLLECTION,3078659 HIS_COLLECTION 3358005YT7JQCWYLTG43,500166907,Journal Import 2591614:,/EFT/RECEIPT,2,,,,,0,100,Posted
03-09-2024,01.12102.000.0000.000.3706008.00000.000,eHIS,HIS_COLLECTION,3078663 HIS_COLLECTION 3358005YT7JQCWYLTG43,500166764,Journal Import 2591614:,/CASH/RECEIPT,2,,,,,0,900,Posted
03-09-2024,01.12102.000.0000.000.3706008.00000.000,eHIS,HIS_COLLECTION,3078671 HIS_COLLECTION 3358005YT7JQCWYLTG43,500166420,Journal Import 2591614:,/CASH/RECEIPT,2,,,,,0,100,Posted
03-09-2024,01.12102.000.0000.000.3706008.00000.000,eHIS,HIS_COLLECTION,3078679 HIS_COLLECTION 3358005YT7JQCWYLTG43,500166887,Journal Import 2591614:,/EFT/RECEIPT,2,,,,,0,800,Posted
03-09-2024,01.12102.000.0000.000.3706008.00000.000,eHIS,HIS_COLLECTION,3078687 HIS_COLLECTION 3358005YT7JQCWYLTG43,500166957,Journal Import 2591614:,/CARD/RECEIPT,2,,,,,0,1850,Posted
03-09-2024,01.12102.000.0000.000.3706008.00000.000,eHIS,HIS_COLLECTION,3078705 HIS_COLLECTION 3358005YT7JQCWYLTG43,500166741,Journal Import 2591614:,/CASH/RECEIPT,2,,,,,0,200,Posted
03-09-2024,01.12102.000.0000.000.3706008.00000.000,eHIS,HIS_COLLECTION,3078721 HIS_COLLECTION 3358005YT7JQCWYLTG43,500166742,Journal Import 2591614:,/CASH/RECEIPT,2,,,,,0,225,Posted
03-09-2024,01.12102.000.0000.000.3706008.00000.000,eHIS,HIS_COLLECTION,3078722 HIS_COLLECTION 3358005YT7JQCWYLTG43,500166941,Journal Import 2591614:,/EFT/RECEIPT,2,,,,,0,275,Posted
03-09-2024,01.12102.000.0000.000.3706008.00000.000,eHIS,HIS_COLLECTION,3078730 HIS_COLLECTION 3358005YT7JQCWYLTG43,500166843,Journal Import 2591614:,/EFT/RECEIPT,2,,,,,0,500,Posted
03-09-2024,01.12102.000.0000.000.3706008.00000.000,eHIS,HIS_COLLECTION,3078735 HIS_COLLECTION 3358005YT7JQCWYLTG43,500166965,Journal Import 2591614:,/CASH/RECEIPT,2,,,,,0,3800,Posted
03-09-2024,01.12102.000.0000.000.3706008.00000.000,eHIS,HIS_COLLECTION,3078736 HIS_COLLECTION 3358005YT7JQCWYLTG43,500166902,Journal Import 2591614:,/EFT/RECEIPT,2,,,,,0,70,Posted
03-09-2024,01.12102.000.0000.000.3706008.00000.000,eHIS,HIS_COLLECTION,3078740 HIS_COLLECTION 3358005YT7JQCWYLTG43,500166866,Journal Import 2591614:,/EFT/RECEIPT,2,,,,,0,650,Posted
03-09-2024,01.12102.000.0000.000.3706008.00000.000,eHIS,HIS_COLLECTION,3078765 HIS_COLLECTION 3358005YT7JQCWYLTG43,500166844,Journal Import 2591614:,/EFT/RECEIPT,2,,,,,0,500,Posted
03-09-2024,01.12102.000.0000.000.3706008.00000.000,eHIS,HIS_COLLECTION,3078777 HIS_COLLECTION 3358005YT7JQCWYLTG43,500166915,Journal Import 2591614:,/EFT/RECEIPT,2,,,,,0,1100,Posted
03-09-2024,01.12102.000.0000.000.3706008.00000.000,eHIS,HIS_COLLECTION,3078789 HIS_COLLECTION 3358005YT7JQCWYLTG43,500166953,Journal Import 2591614:,/EFT/RECEIPT,2,,,,,0,400,Posted
03-09-2024,01.12102.000.0000.000.3706008.00000.000,eHIS,HIS_COLLECTION,3078802 HIS_COLLECTION 3358005YT7JQCWYLTG43,500167020,Journal Import 2591614:,/EFT/RECEIPT,2,,,,,0,900,Posted
03-09-2024,01.12102.000.0000.000.3706008.00000.000,eHIS,HIS_COLLECTION,3078806 HIS_COLLECTION 3358005YT7JQCWYLTG43,500166845,Journal Import 2591614:,/EFT/RECEIPT,2,,,,,0,500,Posted
03-09-2024,01.12102.000.0000.000.3706008.00000.000,eHIS,HIS_COLLECTION,3078814 HIS_COLLECTION 3358005YT7JQCWYLTG43,500166692,Journal Import 2591614:,/CASH/RECEIPT,2,,,,,0,400,Posted
03-09-2024,01.12102.000.0000.000.3706008.00000.000,eHIS,HIS_COLLECTION,3078815 HIS_COLLECTION 3358005YT7JQCWYLTG43,500166908,Journal Import 2591614:,/EFT/RECEIPT,2,,,,,0,100,Posted
03-09-2024,01.12102.000.0000.000.3706008.00000.000,eHIS,HIS_COLLECTION,3078817 HIS_COLLECTION 3358005YT7JQCWYLTG43,500166920,Journal Import 2591614:,/EFT/RECEIPT,2,,,,,0,200,Posted
03-09-2024,01.12102.000.0000.000.3706008.00000.000,eHIS,HIS_COLLECTION,3078827 HIS_COLLECTION 3358005YT7JQCWYLTG43,500166934,Journal Import 2591614:,/EFT/RECEIPT,2,,,,,0,250,Posted
03-09-2024,01.12102.000.0000.000.3706008.00000.000,eHIS,HIS_COLLECTION,3078831 HIS_COLLECTION 3358005YT7JQCWYLTG43,500166873,Journal Import 2591614:,/EFT/RECEIPT,2,,,,,0,750,Posted
03-09-2024,01.12102.000.0000.000.3706008.00000.000,eHIS,HIS_COLLECTION,3078865 HIS_COLLECTION 3358005YT7JQCWYLTG43,500166874,Journal Import 2591614:,/EFT/RECEIPT,2,,,,,0,750,Posted
03-09-2024,01.12102.000.0000.000.3706008.00000.000,eHIS,HIS_COLLECTION,3078870 HIS_COLLECTION 3358005YT7JQCWYLTG43,500166921,Journal Import 2591614:,/EFT/RECEIPT,2,,,,,0,200,Posted
03-09-2024,01.12102.000.0000.000.3706008.00000.000,eHIS,HIS_COLLECTION,3078881 HIS_COLLECTION 3358005YT7JQCWYLTG43,500167011,Journal Import 2591614:,/EFT/RECEIPT,2,,,,,0,5016,Posted
03-09-2024,01.12102.000.0000.000.3706008.00000.000,eHIS,HIS_COLLECTION,3078883 HIS_COLLECTION 3358005YT7JQCWYLTG43,500166571,Journal Import 2591614:,/CASH/RECEIPT,2,,,,,0,650,Posted
03-09-2024,01.12102.000.0000.000.3706008.00000.000,eHIS,HIS_COLLECTION,3078889 HIS_COLLECTION 3358005YT7JQCWYLTG43,500166942,Journal Import 2591614:,/CARD/RECEIPT,2,,,,,0,350,Posted
03-09-2024,01.12102.000.0000.000.3706008.00000.000,eHIS,HIS_COLLECTION,3078899 HIS_COLLECTION 3358005YT7JQCWYLTG43,500166607,Journal Import 2591614:,/CASH/RECEIPT,2,,,,,0,500,Posted
03-09-2024,01.12102.000.0000.000.3706008.00000.000,eHIS,HIS_COLLECTION,3078901 HIS_COLLECTION 3358005YT7JQCWYLTG43,500166867,Journal Import 2591614:,/CARD/RECEIPT,2,,,,,0,650,Posted
03-09-2024,01.12102.000.0000.000.3706008.00000.000,eHIS,HIS_COLLECTION,3078903 HIS_COLLECTION 3358005YT7JQCWYLTG43,500167021,Journal Import 2591614:,/EFT/RECEIPT,2,,,,,0,6550,Posted
03-09-2024,01.12102.000.0000.000.3706008.00000.000,eHIS,HIS_COLLECTION,3078905 HIS_COLLECTION 3358005YT7JQCWYLTG43,500166935,Journal Import 2591614:,/CARD/RECEIPT,2,,,,,0,1400,Posted
03-09-2024,01.12102.000.0000.000.3706008.00000.000,eHIS,HIS_COLLECTION,3078910 HIS_COLLECTION 3358005YT7JQCWYLTG43,500166958,Journal Import 2591614:,/EFT/RECEIPT,2,,,,,0,1850,Posted
03-09-2024,01.12102.000.0000.000.3706008.00000.000,eHIS,HIS_COLLECTION,3078918 HIS_COLLECTION 3358005YT7JQCWYLTG43,500166877,Journal Import 2591614:,/CARD/RECEIPT,2,,,,,0,3500,Posted
03-09-2024,01.12102.000.0000.000.3706008.00000.000,eHIS,HIS_COLLECTION,3078923 HIS_COLLECTION 3358005YT7JQCWYLTG43,500166846,Journal Import 2591614:,/EFT/RECEIPT,2,,,,,0,500,Posted
03-09-2024,01.12102.000.0000.000.3706008.00000.000,eHIS,HIS_COLLECTION,3078925 HIS_COLLECTION 3358005YT7JQCWYLTG43,500166927,Journal Import 2591614:,/CASH/RECEIPT,2,,,,,0,1500,Posted
03-09-2024,01.12102.000.0000.000.3706008.00000.000,eHIS,HIS_COLLECTION,3078927 HIS_COLLECTION 3358005YT7JQCWYLTG43,500166496,Journal Import 2591614:,/CASH/RECEIPT,2,,,,,0,750,Posted
03-09-2024,01.12102.000.0000.000.3706008.00000.000,eHIS,HIS_COLLECTION,3078939 HIS_COLLECTION 3358005YT7JQCWYLTG43,500167018,Journal Import 2591614:,/EFT/RECEIPT,2,,,,,0,825,Posted
03-09-2024,01.12102.000.0000.000.3706008.00000.000,eHIS,HIS_COLLECTION,3078942 HIS_COLLECTION 3358005YT7JQCWYLTG43,500166694,Journal Import 2591614:,/CASH/RECEIPT,2,,,,,0,450,Posted
03-09-2024,01.12102.000.0000.000.3706008.00000.000,eHIS,HIS_COLLECTION,3078947 HIS_COLLECTION 3358005YT7JQCWYLTG43,500166868,Journal Import 2591614:,/EFT/RECEIPT,2,,,,,0,650,Posted
03-09-2024,01.12102.000.0000.000.3706008.00000.000,eHIS,HIS_COLLECTION,3078950 HIS_COLLECTION 3358005YT7JQCWYLTG43,500166951,Journal Import 2591614:,/CASH/RECEIPT,2,,,,,0,2270,Posted
03-09-2024,01.12102.000.0000.000.3706008.00000.000,eHIS,HIS_COLLECTION,3078951 HIS_COLLECTION 3358005YT7JQCWYLTG43,500167025,Journal Import 2591614:,/EFT/RECEIPT,2,,,,,0,10,Posted
04-09-2024,01.12102.000.0000.000.3706008.00000.000,eHIS,HIS_COLLECTION,3078957 HIS_COLLECTION 3358005YT7JQCWYLTG43,500167076,Journal Import 2599930:,/EFT/RECEIPT,2,,,,,0,350,Posted
03-09-2024,01.12102.000.0000.000.3706008.00000.000,eHIS,HIS_COLLECTION,3078961 HIS_COLLECTION 3358005YT7JQCWYLTG43,500166852,Journal Import 2591614:,/EFT/RECEIPT,2,,,,,0,500,Posted
03-09-2024,01.12102.000.0000.000.3706008.00000.000,eHIS,HIS_COLLECTION,3078965 HIS_COLLECTION 3358005YT7JQCWYLTG43,500166888,Journal Import 2591614:,/EFT/RECEIPT,2,,,,,0,800,Posted
03-09-2024,01.12102.000.0000.000.3706008.00000.000,eHIS,HIS_COLLECTION,3078970 HIS_COLLECTION 3358005YT7JQCWYLTG43,500166922,Journal Import 2591614:,/EFT/RECEIPT,2,,,,,0,200,Posted
03-09-2024,01.12102.000.0000.000.3706008.00000.000,eHIS,HIS_COLLECTION,3078972 HIS_COLLECTION 3358005YT7JQCWYLTG43,500166497,Journal Import 2591614:,/CASH/RECEIPT,2,,,,,0,750,Posted
04-09-2024,01.12102.000.0000.000.3706008.00000.000,eHIS,HIS_COLLECTION,3078978 HIS_COLLECTION 3358005YT7JQCWYLTG43,500167074,Journal Import 2599930:,/EFT/RECEIPT,2,,,,,0,300,Posted
04-09-2024,01.12102.000.0000.000.3706008.00000.000,eHIS,HIS_COLLECTION,3078993 HIS_COLLECTION 3358005YT7JQCWYLTG43,500167084,Journal Import 2599930:,/EFT/RECEIPT,2,,,,,0,9275,Posted
03-09-2024,01.12102.000.0000.000.3706008.00000.000,eHIS,HIS_COLLECTION,3078995 HIS_COLLECTION 3358005YT7JQCWYLTG43,500166857,Journal Import 2591614:,/EFT/RECEIPT,2,,,,,0,600,Posted
03-09-2024,01.12102.000.0000.000.3706008.00000.000,eHIS,HIS_COLLECTION,3078999 HIS_COLLECTION 3358005YT7JQCWYLTG43,500166946,Journal Import 2591614:,/CARD/RECEIPT,2,,,,,0,1750,Posted
03-09-2024,01.12102.000.0000.000.3706008.00000.000,eHIS,HIS_COLLECTION,3079003 HIS_COLLECTION 3358005YT7JQCWYLTG43,500166765,Journal Import 2591614:,/CASH/RECEIPT,2,,,,,0,900,Posted
03-09-2024,01.12102.000.0000.000.3706008.00000.000,eHIS,HIS_COLLECTION,3079005 HIS_COLLECTION 3358005YT7JQCWYLTG43,500167012,Journal Import 2591614:,/EFT/RECEIPT,2,,,,,0,5100,Posted
03-09-2024,01.12102.000.0000.000.3706008.00000.000,eHIS,HIS_COLLECTION,3079010 HIS_COLLECTION 3358005YT7JQCWYLTG43,500166947,Journal Import 2591614:,/CARD/RECEIPT,2,,,,,0,1750,Posted
03-09-2024,01.12102.000.0000.000.3706008.00000.000,eHIS,HIS_COLLECTION,3079015 HIS_COLLECTION 3358005YT7JQCWYLTG43,500166911,Journal Import 2591614:,/EFT/RECEIPT,2,,,,,0,1000,Posted
03-09-2024,01.12102.000.0000.000.3706008.00000.000,eHIS,HIS_COLLECTION,3079026 HIS_COLLECTION 3358005YT7JQCWYLTG43,500166853,Journal Import 2591614:,/CARD/RECEIPT,2,,,,,0,500,Posted
03-09-2024,01.12102.000.0000.000.3706008.00000.000,eHIS,HIS_COLLECTION,3079035 HIS_COLLECTION 3358005YT7JQCWYLTG43,500166608,Journal Import 2591614:,/CASH/RECEIPT,2,,,,,0,500,Posted
03-09-2024,01.12102.000.0000.000.3706008.00000.000,eHIS,HIS_COLLECTION,3079037 HIS_COLLECTION 3358005YT7JQCWYLTG43,500166938,Journal Import 2591614:,/CARD/RECEIPT,2,,,,,0,21800,Posted
03-09-2024,01.12102.000.0000.000.3706008.00000.000,eHIS,HIS_COLLECTION,3079041 HIS_COLLECTION 3358005YT7JQCWYLTG43,500166913,Journal Import 2591614:,/EFT/RECEIPT,2,,,,,0,180,Posted
03-09-2024,01.12102.000.0000.000.3706008.00000.000,eHIS,HIS_COLLECTION,3079052 HIS_COLLECTION 3358005YT7JQCWYLTG43,500166441,Journal Import 2591614:,/CASH/RECEIPT,2,,,,,0,1200,Posted
03-09-2024,01.12102.000.0000.000.3706008.00000.000,eHIS,HIS_COLLECTION,3079055 HIS_COLLECTION 3358005YT7JQCWYLTG43,500166766,Journal Import 2591614:,/CASH/RECEIPT,2,,,,,0,900,Posted
03-09-2024,01.12102.000.0000.000.3706008.00000.000,eHIS,HIS_COLLECTION,3079066 HIS_COLLECTION 3358005YT7JQCWYLTG43,500166421,Journal Import 2591614:,/CASH/RECEIPT,2,,,,,0,100,Posted
03-09-2024,01.12102.000.0000.000.3706008.00000.000,eHIS,HIS_COLLECTION,3079093 HIS_COLLECTION 3358005YT7JQCWYLTG43,500166940,Journal Import 2591614:,/CASH/RECEIPT,2,,,,,0,1850,Posted
04-09-2024,01.12102.000.0000.000.3706008.00000.000,eHIS,HIS_COLLECTION,3079122 HIS_COLLECTION 3358005YT7JQCWYLTG43,500167491,Journal Import 2591614:,/EFT/RECEIPT,2,,,,,0,3250,Posted
04-09-2024,01.12102.000.0000.000.3706008.00000.000,eHIS,HIS_COLLECTION,3079130 HIS_COLLECTION 3358005YT7JQCWYLTG43,500167596,Journal Import 2591614:,/CASH/RECEIPT,2,,,,,0,2675,Posted
04-09-2024,01.12102.000.0000.000.3706008.00000.000,eHIS,HIS_COLLECTION,3079131 HIS_COLLECTION 3358005YT7JQCWYLTG43,500167651,Journal Import 2591614:,/EFT/RECEIPT,2,,,,,0,825,Posted
04-09-2024,01.12102.000.0000.000.3706008.00000.000,eHIS,HIS_COLLECTION,3079167 HIS_COLLECTION 3358005YT7JQCWYLTG43,500167664,Journal Import 2591614:,/EFT/RECEIPT,2,,,,,0,100,Posted
04-09-2024,01.12102.000.0000.000.3706008.00000.000,eHIS,HIS_COLLECTION,3079170 HIS_COLLECTION 3358005YT7JQCWYLTG43,500167496,Journal Import 2591614:,/EFT/RECEIPT,2,,,,,0,3500,Posted
04-09-2024,01.12102.000.0000.000.3706008.00000.000,eHIS,HIS_COLLECTION,3079178 HIS_COLLECTION 3358005YT7JQCWYLTG43,500167589,Journal Import 2591614:,/CARD/RECEIPT,2,,,,,0,1850,Posted
04-09-2024,01.12102.000.0000.000.3706008.00000.000,eHIS,HIS_COLLECTION,3079197 HIS_COLLECTION 3358005YT7JQCWYLTG43,500167556,Journal Import 2591614:,/EFT/RECEIPT,2,,,,,0,200,Posted
04-09-2024,01.12102.000.0000.000.3706008.00000.000,eHIS,HIS_COLLECTION,3079201 HIS_COLLECTION 3358005YT7JQCWYLTG43,500167587,Journal Import 2591614:,/EFT/RECEIPT,2,,,,,0,1800,Posted
04-09-2024,01.12102.000.0000.000.3706008.00000.000,eHIS,HIS_COLLECTION,3079203 HIS_COLLECTION 3358005YT7JQCWYLTG43,500167049,Journal Import 2591614:,/CASH/RECEIPT,2,,,,,0,100,Posted
04-09-2024,01.12102.000.0000.000.3706008.00000.000,eHIS,HIS_COLLECTION,3079213 HIS_COLLECTION 3358005YT7JQCWYLTG43,500167220,Journal Import 2591614:,/CASH/RECEIPT,2,,,,,0,500,Posted
04-09-2024,01.12102.000.0000.000.3706008.00000.000,eHIS,HIS_COLLECTION,3079219 HIS_COLLECTION 3358005YT7JQCWYLTG43,500167221,Journal Import 2591614:,/CASH/RECEIPT,2,,,,,0,500,Posted
04-09-2024,01.12102.000.0000.000.3706008.00000.000,eHIS,HIS_COLLECTION,3079221 HIS_COLLECTION 3358005YT7JQCWYLTG43,500167222,Journal Import 2591614:,/CASH/RECEIPT,2,,,,,0,500,Posted
04-09-2024,01.12102.000.0000.000.3706008.00000.000,eHIS,HIS_COLLECTION,3079223 HIS_COLLECTION 3358005YT7JQCWYLTG43,500167223,Journal Import 2591614:,/CASH/RECEIPT,2,,,,,0,500,Posted
04-09-2024,01.12102.000.0000.000.3706008.00000.000,eHIS,HIS_COLLECTION,3079225 HIS_COLLECTION 3358005YT7JQCWYLTG43,500167224,Journal Import 2591614:,/CASH/RECEIPT,2,,,,,0,500,Posted
04-09-2024,01.12102.000.0000.000.3706008.00000.000,eHIS,HIS_COLLECTION,3079227 HIS_COLLECTION 3358005YT7JQCWYLTG43,500167225,Journal Import 2591614:,/CASH/RECEIPT,2,,,,,0,500,Posted
04-09-2024,01.12102.000.0000.000.3706008.00000.000,eHIS,HIS_COLLECTION,3079229 HIS_COLLECTION 3358005YT7JQCWYLTG43,500167226,Journal Import 2591614:,/CASH/RECEIPT,2,,,,,0,500,Posted
04-09-2024,01.12102.000.0000.000.3706008.00000.000,eHIS,HIS_COLLECTION,3079231 HIS_COLLECTION 3358005YT7JQCWYLTG43,500167227,Journal Import 2591614:,/CASH/RECEIPT,2,,,,,0,500,Posted
04-09-2024,01.12102.000.0000.000.3706008.00000.000,eHIS,HIS_COLLECTION,3079233 HIS_COLLECTION 3358005YT7JQCWYLTG43,500167280,Journal Import 2591614:,/CASH/RECEIPT,2,,,,,0,500,Posted
04-09-2024,01.12102.000.0000.000.3706008.00000.000,eHIS,HIS_COLLECTION,3079235 HIS_COLLECTION 3358005YT7JQCWYLTG43,500167281,Journal Import 2591614:,/CASH/RECEIPT,2,,,,,0,500,Posted
04-09-2024,01.12102.000.0000.000.3706008.00000.000,eHIS,HIS_COLLECTION,3079237 HIS_COLLECTION 3358005YT7JQCWYLTG43,500167282,Journal Import 2591614:,/CASH/RECEIPT,2,,,,,0,500,Posted
04-09-2024,01.12102.000.0000.000.3706008.00000.000,eHIS,HIS_COLLECTION,3079245 HIS_COLLECTION 3358005YT7JQCWYLTG43,500167608,Journal Import 2591614:,/CASH/RECEIPT,2,,,,,0,3650,Posted
04-09-2024,01.12102.000.0000.000.3706008.00000.000,eHIS,HIS_COLLECTION,3079249 HIS_COLLECTION 3358005YT7JQCWYLTG43,500167503,Journal Import 2591614:,/EFT/RECEIPT,2,,,,,0,4550,Posted
04-09-2024,01.12102.000.0000.000.3706008.00000.000,eHIS,HIS_COLLECTION,3079254 HIS_COLLECTION 3358005YT7JQCWYLTG43,500167661,Journal Import 2591614:,/CARD/RECEIPT,2,,,,,0,9200,Posted
04-09-2024,01.12102.000.0000.000.3706008.00000.000,eHIS,HIS_COLLECTION,3079256 HIS_COLLECTION 3358005YT7JQCWYLTG43,500167663,Journal Import 2591614:,/CARD/RECEIPT,2,,,,,0,9650,Posted
04-09-2024,01.12102.000.0000.000.3706008.00000.000,eHIS,HIS_COLLECTION,3079266 HIS_COLLECTION 3358005YT7JQCWYLTG43,500167497,Journal Import 2591614:,/EFT/RECEIPT,2,,,,,0,3500,Posted
04-09-2024,01.12102.000.0000.000.3706008.00000.000,eHIS,HIS_COLLECTION,3079271 HIS_COLLECTION 3358005YT7JQCWYLTG43,500167563,Journal Import 2591614:,/EFT/RECEIPT,2,,,,,0,14380,Posted
04-09-2024,01.12102.000.0000.000.3706008.00000.000,eHIS,HIS_COLLECTION,3079273 HIS_COLLECTION 3358005YT7JQCWYLTG43,500167498,Journal Import 2591614:,/EFT/RECEIPT,2,,,,,0,3500,Posted
04-09-2024,01.12102.000.0000.000.3706008.00000.000,eHIS,HIS_COLLECTION,3079289 HIS_COLLECTION 3358005YT7JQCWYLTG43,500167582,Journal Import 2591614:,/CASH/RECEIPT,2,,,,,0,2600,Posted
04-09-2024,01.12102.000.0000.000.3706008.00000.000,eHIS,HIS_COLLECTION,3079296 HIS_COLLECTION 3358005YT7JQCWYLTG43,500167590,Journal Import 2591614:,/EFT/RECEIPT,2,,,,,0,1850,Posted
04-09-2024,01.12102.000.0000.000.3706008.00000.000,eHIS,HIS_COLLECTION,3079303 HIS_COLLECTION 3358005YT7JQCWYLTG43,500167583,Journal Import 2591614:,/CASH/RECEIPT,2,,,,,0,2600,Posted
04-09-2024,01.12102.000.0000.000.3706008.00000.000,eHIS,HIS_COLLECTION,3079308 HIS_COLLECTION 3358005YT7JQCWYLTG43,500167407,Journal Import 2591614:,/CASH/RECEIPT,2,,,,,0,999,Posted
04-09-2024,01.12102.000.0000.000.3706008.00000.000,eHIS,HIS_COLLECTION,3079312 HIS_COLLECTION 3358005YT7JQCWYLTG43,500167557,Journal Import 2591614:,/CARD/RECEIPT,2,,,,,0,1125,Posted
04-09-2024,01.12102.000.0000.000.3706008.00000.000,eHIS,HIS_COLLECTION,3079328 HIS_COLLECTION 3358005YT7JQCWYLTG43,500167050,Journal Import 2591614:,/CASH/RECEIPT,2,,,,,0,800,Posted
04-09-2024,01.12102.000.0000.000.3706008.00000.000,eHIS,HIS_COLLECTION,3079360 HIS_COLLECTION 3358005YT7JQCWYLTG43,500167155,Journal Import 2591614:,/CASH/RECEIPT,2,,,,,0,500,Posted
04-09-2024,01.12102.000.0000.000.3706008.00000.000,eHIS,HIS_COLLECTION,3079369 HIS_COLLECTION 3358005YT7JQCWYLTG43,500167453,Journal Import 2591614:,/CASH/RECEIPT,2,,,,,0,105,Posted
04-09-2024,01.12102.000.0000.000.3706008.00000.000,eHIS,HIS_COLLECTION,3079371 HIS_COLLECTION 3358005YT7JQCWYLTG43,500167522,Journal Import 2591614:,/CASH/RECEIPT,2,,,,,0,100,Posted
04-09-2024,01.12102.000.0000.000.3706008.00000.000,eHIS,HIS_COLLECTION,3079447 HIS_COLLECTION 3358005YT7JQCWYLTG43,500167652,Journal Import 2591614:,/CARD/RECEIPT,2,,,,,0,900,Posted
04-09-2024,01.12102.000.0000.000.3706008.00000.000,eHIS,HIS_COLLECTION,3079469 HIS_COLLECTION 3358005YT7JQCWYLTG43,500167368,Journal Import 2591614:,/CASH/RECEIPT,2,,,,,0,200,Posted
04-09-2024,01.12102.000.0000.000.3706008.00000.000,eHIS,HIS_COLLECTION,3079484 HIS_COLLECTION 3358005YT7JQCWYLTG43,500167564,Journal Import 2591614:,/EFT/RECEIPT,2,,,,,0,250,Posted
04-09-2024,01.12102.000.0000.000.3706008.00000.000,eHIS,HIS_COLLECTION,3079548 HIS_COLLECTION 3358005YT7JQCWYLTG43,500167577,Journal Import 2591614:,/EFT/RECEIPT,2,,,,,0,1700,Posted
04-09-2024,01.12102.000.0000.000.3706008.00000.000,eHIS,HIS_COLLECTION,3079550 HIS_COLLECTION 3358005YT7JQCWYLTG43,500167588,Journal Import 2591614:,/EFT/RECEIPT,2,,,,,0,1800,Posted
04-09-2024,01.12102.000.0000.000.3706008.00000.000,eHIS,HIS_COLLECTION,3079569 HIS_COLLECTION 3358005YT7JQCWYLTG43,500167565,Journal Import 2591614:,/EFT/RECEIPT,2,,,,,0,250,Posted
04-09-2024,01.12102.000.0000.000.3706008.00000.000,eHIS,HIS_COLLECTION,3079587 HIS_COLLECTION 3358005YT7JQCWYLTG43,500167481,Journal Import 2591614:,/CASH/RECEIPT,2,,,,,0,9000,Posted
04-09-2024,01.12102.000.0000.000.3706008.00000.000,eHIS,HIS_COLLECTION,3079597 HIS_COLLECTION 3358005YT7JQCWYLTG43,500167051,Journal Import 2591614:,/CASH/RECEIPT,2,,,,,0,800,Posted
04-09-2024,01.12102.000.0000.000.3706008.00000.000,eHIS,HIS_COLLECTION,3079601 HIS_COLLECTION 3358005YT7JQCWYLTG43,500167060,Journal Import 2591614:,/CASH/RECEIPT,2,,,,,0,1200,Posted
05-09-2024,01.12102.000.0000.000.3706008.00000.000,eHIS,HIS_COLLECTION,3079611 HIS_COLLECTION 3358005YT7JQCWYLTG43,500167721,Journal Import 2599930:,/EFT/RECEIPT,2,,,,,0,375,Posted
04-09-2024,01.12102.000.0000.000.3706008.00000.000,eHIS,HIS_COLLECTION,3079632 HIS_COLLECTION 3358005YT7JQCWYLTG43,500167653,Journal Import 2591614:,/EFT/RECEIPT,2,,,,,0,900,Posted
04-09-2024,01.12102.000.0000.000.3706008.00000.000,eHIS,HIS_COLLECTION,3079636 HIS_COLLECTION 3358005YT7JQCWYLTG43,500167660,Journal Import 2591614:,/CARD/RECEIPT,2,,,,,0,8700,Posted
04-09-2024,01.12102.000.0000.000.3706008.00000.000,eHIS,HIS_COLLECTION,3079645 HIS_COLLECTION 3358005YT7JQCWYLTG43,500167302,Journal Import 2591614:,/CASH/RECEIPT,2,,,,,0,1000,Posted
04-09-2024,01.12102.000.0000.000.3706008.00000.000,eHIS,HIS_COLLECTION,3079664 HIS_COLLECTION 3358005YT7JQCWYLTG43,500167552,Journal Import 2591614:,/CASH/RECEIPT,2,,,,,0,1300,Posted
04-09-2024,01.12102.000.0000.000.3706008.00000.000,eHIS,HIS_COLLECTION,3079668 HIS_COLLECTION 3358005YT7JQCWYLTG43,500167052,Journal Import 2591614:,/CASH/RECEIPT,2,,,,,0,800,Posted
04-09-2024,01.12102.000.0000.000.3706008.00000.000,eHIS,HIS_COLLECTION,3079676 HIS_COLLECTION 3358005YT7JQCWYLTG43,500167156,Journal Import 2591614:,/CASH/RECEIPT,2,,,,,0,500,Posted
04-09-2024,01.12102.000.0000.000.3706008.00000.000,eHIS,HIS_COLLECTION,3079684 HIS_COLLECTION 3358005YT7JQCWYLTG43,500167317,Journal Import 2591614:,/CASH/RECEIPT,2,,,,,0,442,Posted
04-09-2024,01.12102.000.0000.000.3706008.00000.000,eHIS,HIS_COLLECTION,3079694 HIS_COLLECTION 3358005YT7JQCWYLTG43,500167597,Journal Import 2591614:,/EFT/RECEIPT,2,,,,,0,1850,Posted
04-09-2024,01.12102.000.0000.000.3706008.00000.000,eHIS,HIS_COLLECTION,3079703 HIS_COLLECTION 3358005YT7JQCWYLTG43,500167053,Journal Import 2591614:,/CASH/RECEIPT,2,,,,,0,800,Posted
04-09-2024,01.12102.000.0000.000.3706008.00000.000,eHIS,HIS_COLLECTION,3079708 HIS_COLLECTION 3358005YT7JQCWYLTG43,500167480,Journal Import 2591614:,/CASH/RECEIPT,2,,,,,0,7055,Posted
04-09-2024,01.12102.000.0000.000.3706008.00000.000,eHIS,HIS_COLLECTION,3079719 HIS_COLLECTION 3358005YT7JQCWYLTG43,500167054,Journal Import 2591614:,/CASH/RECEIPT,2,,,,,0,800,Posted
04-09-2024,01.12102.000.0000.000.3706008.00000.000,eHIS,HIS_COLLECTION,3079724 HIS_COLLECTION 3358005YT7JQCWYLTG43,500167494,Journal Import 2591614:,/EFT/RECEIPT,2,,,,,0,750,Posted
05-09-2024,01.12102.000.0000.000.3706008.00000.000,eHIS,HIS_COLLECTION,3079736 HIS_COLLECTION 3358005YT7JQCWYLTG43,500167720,Journal Import 2599930:,/EFT/RECEIPT,2,,,,,0,350,Posted
04-09-2024,01.12102.000.0000.000.3706008.00000.000,eHIS,HIS_COLLECTION,3079755 HIS_COLLECTION 3358005YT7JQCWYLTG43,500167666,Journal Import 2591614:,/EFT/RECEIPT,2,,,,,0,1000,Posted
04-09-2024,01.12102.000.0000.000.3706008.00000.000,eHIS,HIS_COLLECTION,3079757 HIS_COLLECTION 3358005YT7JQCWYLTG43,500167654,Journal Import 2591614:,/EFT/RECEIPT,2,,,,,0,900,Posted
04-09-2024,01.12102.000.0000.000.3706008.00000.000,eHIS,HIS_COLLECTION,3079772 HIS_COLLECTION 3358005YT7JQCWYLTG43,500167318,Journal Import 2591614:,/CASH/RECEIPT,2,,,,,0,450,Posted
04-09-2024,01.12102.000.0000.000.3706008.00000.000,eHIS,HIS_COLLECTION,3079776 HIS_COLLECTION 3358005YT7JQCWYLTG43,500167157,Journal Import 2591614:,/CASH/RECEIPT,2,,,,,0,500,Posted
04-09-2024,01.12102.000.0000.000.3706008.00000.000,eHIS,HIS_COLLECTION,3079784 HIS_COLLECTION 3358005YT7JQCWYLTG43,500167655,Journal Import 2591614:,/EFT/RECEIPT,2,,,,,0,900,Posted
04-09-2024,01.12102.000.0000.000.3706008.00000.000,eHIS,HIS_COLLECTION,3079788 HIS_COLLECTION 3358005YT7JQCWYLTG43,500167659,Journal Import 2591614:,/CARD/RECEIPT,2,,,,,0,6650,Posted
04-09-2024,01.12102.000.0000.000.3706008.00000.000,eHIS,HIS_COLLECTION,3079797 HIS_COLLECTION 3358005YT7JQCWYLTG43,500167055,Journal Import 2591614:,/CASH/RECEIPT,2,,,,,0,800,Posted
04-09-2024,01.12102.000.0000.000.3706008.00000.000,eHIS,HIS_COLLECTION,3079815 HIS_COLLECTION 3358005YT7JQCWYLTG43,500167370,Journal Import 2591614:,/CASH/RECEIPT,2,,,,,0,1100,Posted
04-09-2024,01.12102.000.0000.000.3706008.00000.000,eHIS,HIS_COLLECTION,3079823 HIS_COLLECTION 3358005YT7JQCWYLTG43,500167566,Journal Import 2591614:,/EFT/RECEIPT,2,,,,,0,250,Posted
04-09-2024,01.12102.000.0000.000.3706008.00000.000,eHIS,HIS_COLLECTION,3079838 HIS_COLLECTION 3358005YT7JQCWYLTG43,500167158,Journal Import 2591614:,/CASH/RECEIPT,2,,,,,0,500,Posted
04-09-2024,01.12102.000.0000.000.3706008.00000.000,eHIS,HIS_COLLECTION,3079846 HIS_COLLECTION 3358005YT7JQCWYLTG43,500167539,Journal Import 2591614:,/EFT/RECEIPT,2,,,,,0,1000,Posted
04-09-2024,01.12102.000.0000.000.3706008.00000.000,eHIS,HIS_COLLECTION,3079848 HIS_COLLECTION 3358005YT7JQCWYLTG43,500167540,Journal Import 2591614:,/EFT/RECEIPT,2,,,,,0,1000,Posted
04-09-2024,01.12102.000.0000.000.3706008.00000.000,eHIS,HIS_COLLECTION,3079870 HIS_COLLECTION 3358005YT7JQCWYLTG43,500167558,Journal Import 2591614:,/CARD/RECEIPT,2,,,,,0,1200,Posted
04-09-2024,01.12102.000.0000.000.3706008.00000.000,eHIS,HIS_COLLECTION,3079895 HIS_COLLECTION 3358005YT7JQCWYLTG43,500167061,Journal Import 2591614:,/CASH/RECEIPT,2,,,,,0,1200,Posted
04-09-2024,01.12102.000.0000.000.3706008.00000.000,eHIS,HIS_COLLECTION,3079897 HIS_COLLECTION 3358005YT7JQCWYLTG43,500167656,Journal Import 2591614:,/EFT/RECEIPT,2,,,,,0,900,Posted
04-09-2024,01.12102.000.0000.000.3706008.00000.000,eHIS,HIS_COLLECTION,3079916 HIS_COLLECTION 3358005YT7JQCWYLTG43,500167056,Journal Import 2591614:,/CASH/RECEIPT,2,,,,,0,800,Posted
04-09-2024,01.12102.000.0000.000.3706008.00000.000,eHIS,HIS_COLLECTION,3079939 HIS_COLLECTION 3358005YT7JQCWYLTG43,500167499,Journal Import 2591614:,/CARD/RECEIPT,2,,,,,0,3700,Posted
04-09-2024,01.12102.000.0000.000.3706008.00000.000,eHIS,HIS_COLLECTION,3079951 HIS_COLLECTION 3358005YT7JQCWYLTG43,500167601,Journal Import 2591614:,/EFT/RECEIPT,2,,,,,0,500,Posted
04-09-2024,01.12102.000.0000.000.3706008.00000.000,eHIS,HIS_COLLECTION,3079953 HIS_COLLECTION 3358005YT7JQCWYLTG43,500167525,Journal Import 2591614:,/CASH/RECEIPT,2,,,,,0,800,Posted
04-09-2024,01.12102.000.0000.000.3706008.00000.000,eHIS,HIS_COLLECTION,3079959 HIS_COLLECTION 3358005YT7JQCWYLTG43,500167303,Journal Import 2591614:,/CASH/RECEIPT,2,,,,,0,1000,Posted
04-09-2024,01.12102.000.0000.000.3706008.00000.000,eHIS,HIS_COLLECTION,3079975 HIS_COLLECTION 3358005YT7JQCWYLTG43,500167553,Journal Import 2591614:,/CASH/RECEIPT,2,,,,,0,1300,Posted
04-09-2024,01.12102.000.0000.000.3706008.00000.000,eHIS,HIS_COLLECTION,3079979 HIS_COLLECTION 3358005YT7JQCWYLTG43,500167403,Journal Import 2591614:,/CASH/RECEIPT,2,,,,,0,900,Posted
04-09-2024,01.12102.000.0000.000.3706008.00000.000,eHIS,HIS_COLLECTION,3079983 HIS_COLLECTION 3358005YT7JQCWYLTG43,500167657,Journal Import 2591614:,/EFT/RECEIPT,2,,,,,0,900,Posted
04-09-2024,01.12102.000.0000.000.3706008.00000.000,eHIS,HIS_COLLECTION,3079987 HIS_COLLECTION 3358005YT7JQCWYLTG43,500167091,Journal Import 2591614:,/CASH/RECEIPT,2,,,,,0,600,Posted
04-09-2024,01.12102.000.0000.000.3706008.00000.000,eHIS,HIS_COLLECTION,3079991 HIS_COLLECTION 3358005YT7JQCWYLTG43,500167567,Journal Import 2591614:,/EFT/RECEIPT,2,,,,,0,250,Posted
04-09-2024,01.12102.000.0000.000.3706008.00000.000,eHIS,HIS_COLLECTION,3080010 HIS_COLLECTION 3358005YT7JQCWYLTG43,500167502,Journal Import 2591614:,/EFT/RECEIPT,2,,,,,0,4150,Posted
04-09-2024,01.12102.000.0000.000.3706008.00000.000,eHIS,HIS_COLLECTION,3080015 HIS_COLLECTION 3358005YT7JQCWYLTG43,500167500,Journal Import 2591614:,/EFT/RECEIPT,2,,,,,0,800,Posted
04-09-2024,01.12102.000.0000.000.3706008.00000.000,eHIS,HIS_COLLECTION,3080027 HIS_COLLECTION 3358005YT7JQCWYLTG43,500167574,Journal Import 2591614:,/CARD/RECEIPT,2,,,,,0,350,Posted
04-09-2024,01.12102.000.0000.000.3706008.00000.000,eHIS,HIS_COLLECTION,3080033 HIS_COLLECTION 3358005YT7JQCWYLTG43,500167602,Journal Import 2591614:,/EFT/RECEIPT,2,,,,,0,500,Posted
04-09-2024,01.12102.000.0000.000.3706008.00000.000,eHIS,HIS_COLLECTION,3080037 HIS_COLLECTION 3358005YT7JQCWYLTG43,500167507,Journal Import 2591614:,/CARD/RECEIPT,2,,,,,0,800,Posted
04-09-2024,01.12102.000.0000.000.3706008.00000.000,eHIS,HIS_COLLECTION,3080044 HIS_COLLECTION 3358005YT7JQCWYLTG43,500167508,Journal Import 2591614:,/EFT/RECEIPT,2,,,,,0,800,Posted
04-09-2024,01.12102.000.0000.000.3706008.00000.000,eHIS,HIS_COLLECTION,3080049 HIS_COLLECTION 3358005YT7JQCWYLTG43,500167062,Journal Import 2591614:,/CASH/RECEIPT,2,,,,,0,1200,Posted
04-09-2024,01.12102.000.0000.000.3706008.00000.000,eHIS,HIS_COLLECTION,3080059 HIS_COLLECTION 3358005YT7JQCWYLTG43,500167047,Journal Import 2591614:,/CASH/RECEIPT,2,,,,,0,50,Posted
04-09-2024,01.12102.000.0000.000.3706008.00000.000,eHIS,HIS_COLLECTION,3080060 HIS_COLLECTION 3358005YT7JQCWYLTG43,500167575,Journal Import 2591614:,/EFT/RECEIPT,2,,,,,0,1500,Posted
04-09-2024,01.12102.000.0000.000.3706008.00000.000,eHIS,HIS_COLLECTION,3080062 HIS_COLLECTION 3358005YT7JQCWYLTG43,500167316,Journal Import 2591614:,/CASH/RECEIPT,2,,,,,0,400,Posted
04-09-2024,01.12102.000.0000.000.3706008.00000.000,eHIS,HIS_COLLECTION,3080074 HIS_COLLECTION 3358005YT7JQCWYLTG43,500167159,Journal Import 2591614:,/CASH/RECEIPT,2,,,,,0,500,Posted
04-09-2024,01.12102.000.0000.000.3706008.00000.000,eHIS,HIS_COLLECTION,3080080 HIS_COLLECTION 3358005YT7JQCWYLTG43,500167571,Journal Import 2591614:,/CASH/RECEIPT,2,,,,,0,2000,Posted
04-09-2024,01.12102.000.0000.000.3706008.00000.000,eHIS,HIS_COLLECTION,3080081 HIS_COLLECTION 3358005YT7JQCWYLTG43,500167647,Journal Import 2591614:,/EFT/RECEIPT,2,,,,,0,5300,Posted
04-09-2024,01.12102.000.0000.000.3706008.00000.000,eHIS,HIS_COLLECTION,3080088 HIS_COLLECTION 3358005YT7JQCWYLTG43,500167541,Journal Import 2591614:,/CARD/RECEIPT,2,,,,,0,1000,Posted
04-09-2024,01.12102.000.0000.000.3706008.00000.000,eHIS,HIS_COLLECTION,3080093 HIS_COLLECTION 3358005YT7JQCWYLTG43,500167526,Journal Import 2591614:,/CASH/RECEIPT,2,,,,,0,800,Posted
04-09-2024,01.12102.000.0000.000.3706008.00000.000,eHIS,HIS_COLLECTION,3080095 HIS_COLLECTION 3358005YT7JQCWYLTG43,500167475,Journal Import 2591614:,/CARD/RECEIPT,2,,,,,0,500,Posted
04-09-2024,01.12102.000.0000.000.3706008.00000.000,eHIS,HIS_COLLECTION,3080108 HIS_COLLECTION 3358005YT7JQCWYLTG43,500167584,Journal Import 2591614:,/EFT/RECEIPT,2,,,,,0,410,Posted
04-09-2024,01.12102.000.0000.000.3706008.00000.000,eHIS,HIS_COLLECTION,3080114 HIS_COLLECTION 3358005YT7JQCWYLTG43,500167476,Journal Import 2591614:,/EFT/RECEIPT,2,,,,,0,500,Posted
04-09-2024,01.12102.000.0000.000.3706008.00000.000,eHIS,HIS_COLLECTION,3080116 HIS_COLLECTION 3358005YT7JQCWYLTG43,500167160,Journal Import 2591614:,/CASH/RECEIPT,2,,,,,0,500,Posted
04-09-2024,01.12102.000.0000.000.3706008.00000.000,eHIS,HIS_COLLECTION,3080124 HIS_COLLECTION 3358005YT7JQCWYLTG43,500167161,Journal Import 2591614:,/CASH/RECEIPT,2,,,,,0,500,Posted
04-09-2024,01.12102.000.0000.000.3706008.00000.000,eHIS,HIS_COLLECTION,3080132 HIS_COLLECTION 3358005YT7JQCWYLTG43,500167527,Journal Import 2591614:,/CASH/RECEIPT,2,,,,,0,800,Posted
04-09-2024,01.12102.000.0000.000.3706008.00000.000,eHIS,HIS_COLLECTION,3080136 HIS_COLLECTION 3358005YT7JQCWYLTG43,500167585,Journal Import 2591614:,/EFT/RECEIPT,2,,,,,0,450,Posted
04-09-2024,01.12102.000.0000.000.3706008.00000.000,eHIS,HIS_COLLECTION,3080138 HIS_COLLECTION 3358005YT7JQCWYLTG43,500167146,Journal Import 2591614:,/CASH/RECEIPT,2,,,,,0,750,Posted
04-09-2024,01.12102.000.0000.000.3706008.00000.000,eHIS,HIS_COLLECTION,3080160 HIS_COLLECTION 3358005YT7JQCWYLTG43,500167542,Journal Import 2591614:,/EFT/RECEIPT,2,,,,,0,1000,Posted
04-09-2024,01.12102.000.0000.000.3706008.00000.000,eHIS,HIS_COLLECTION,3080176 HIS_COLLECTION 3358005YT7JQCWYLTG43,500167454,Journal Import 2591614:,/CASH/RECEIPT,2,,,,,0,105,Posted
04-09-2024,01.12102.000.0000.000.3706008.00000.000,eHIS,HIS_COLLECTION,3080186 HIS_COLLECTION 3358005YT7JQCWYLTG43,500167490,Journal Import 2591614:,/EFT/RECEIPT,2,,,,,0,2800,Posted
04-09-2024,01.12102.000.0000.000.3706008.00000.000,eHIS,HIS_COLLECTION,3080196 HIS_COLLECTION 3358005YT7JQCWYLTG43,500167162,Journal Import 2591614:,/CASH/RECEIPT,2,,,,,0,500,Posted
04-09-2024,01.12102.000.0000.000.3706008.00000.000,eHIS,HIS_COLLECTION,3080198 HIS_COLLECTION 3358005YT7JQCWYLTG43,500167559,Journal Import 2591614:,/EFT/RECEIPT,2,,,,,0,1200,Posted
04-09-2024,01.12102.000.0000.000.3706008.00000.000,eHIS,HIS_COLLECTION,3080207 HIS_COLLECTION 3358005YT7JQCWYLTG43,500167147,Journal Import 2591614:,/CASH/RECEIPT,2,,,,,0,750,Posted
04-09-2024,01.12102.000.0000.000.3706008.00000.000,eHIS,HIS_COLLECTION,3080209 HIS_COLLECTION 3358005YT7JQCWYLTG43,500167569,Journal Import 2591614:,/CASH/RECEIPT,2,,,,,0,1900,Posted
04-09-2024,01.12102.000.0000.000.3706008.00000.000,eHIS,HIS_COLLECTION,3080214 HIS_COLLECTION 3358005YT7JQCWYLTG43,500167400,Journal Import 2591614:,/CASH/RECEIPT,2,,,,,0,250,Posted
04-09-2024,01.12102.000.0000.000.3706008.00000.000,eHIS,HIS_COLLECTION,3080226 HIS_COLLECTION 3358005YT7JQCWYLTG43,500167662,Journal Import 2591614:,/EFT/RECEIPT,2,,,,,0,9500,Posted
04-09-2024,01.12102.000.0000.000.3706008.00000.000,eHIS,HIS_COLLECTION,3080233 HIS_COLLECTION 3358005YT7JQCWYLTG43,500167528,Journal Import 2591614:,/CASH/RECEIPT,2,,,,,0,800,Posted
04-09-2024,01.12102.000.0000.000.3706008.00000.000,eHIS,HIS_COLLECTION,3080254 HIS_COLLECTION 3358005YT7JQCWYLTG43,500167568,Journal Import 2591614:,/EFT/RECEIPT,2,,,,,0,1450,Posted
04-09-2024,01.12102.000.0000.000.3706008.00000.000,eHIS,HIS_COLLECTION,3080257 HIS_COLLECTION 3358005YT7JQCWYLTG43,500167501,Journal Import 2591614:,/EFT/RECEIPT,2,,,,,0,4100,Posted
04-09-2024,01.12102.000.0000.000.3706008.00000.000,eHIS,HIS_COLLECTION,3080259 HIS_COLLECTION 3358005YT7JQCWYLTG43,500167529,Journal Import 2591614:,/CASH/RECEIPT,2,,,,,0,800,Posted
04-09-2024,01.12102.000.0000.000.3706008.00000.000,eHIS,HIS_COLLECTION,3080270 HIS_COLLECTION 3358005YT7JQCWYLTG43,500167512,Journal Import 2591614:,/EFT/RECEIPT,2,,,,,0,4980,Posted
04-09-2024,01.12102.000.0000.000.3706008.00000.000,eHIS,HIS_COLLECTION,3080294 HIS_COLLECTION 3358005YT7JQCWYLTG43,500167477,Journal Import 2591614:,/EFT/RECEIPT,2,,,,,0,500,Posted
04-09-2024,01.12102.000.0000.000.3706008.00000.000,eHIS,HIS_COLLECTION,3080301 HIS_COLLECTION 3358005YT7JQCWYLTG43,500167401,Journal Import 2591614:,/CASH/RECEIPT,2,,,,,0,250,Posted
04-09-2024,01.12102.000.0000.000.3706008.00000.000,eHIS,HIS_COLLECTION,3080308 HIS_COLLECTION 3358005YT7JQCWYLTG43,500167586,Journal Import 2591614:,/EFT/RECEIPT,2,,,,,0,450,Posted
04-09-2024,01.12102.000.0000.000.3706008.00000.000,eHIS,HIS_COLLECTION,3080319 HIS_COLLECTION 3358005YT7JQCWYLTG43,500167554,Journal Import 2591614:,/CASH/RECEIPT,2,,,,,0,1300,Posted
04-09-2024,01.12102.000.0000.000.3706008.00000.000,eHIS,HIS_COLLECTION,3080341 HIS_COLLECTION 3358005YT7JQCWYLTG43,500167530,Journal Import 2591614:,/CASH/RECEIPT,2,,,,,0,800,Posted
04-09-2024,01.12102.000.0000.000.3706008.00000.000,eHIS,HIS_COLLECTION,3080351 HIS_COLLECTION 3358005YT7JQCWYLTG43,500167304,Journal Import 2591614:,/CASH/RECEIPT,2,,,,,0,1000,Posted
04-09-2024,01.12102.000.0000.000.3706008.00000.000,eHIS,HIS_COLLECTION,3080361 HIS_COLLECTION 3358005YT7JQCWYLTG43,500167404,Journal Import 2591614:,/CASH/RECEIPT,2,,,,,0,900,Posted
04-09-2024,01.12102.000.0000.000.3706008.00000.000,eHIS,HIS_COLLECTION,3080370 HIS_COLLECTION 3358005YT7JQCWYLTG43,500167555,Journal Import 2591614:,/EFT/RECEIPT,2,,,,,0,199,Posted
04-09-2024,01.12102.000.0000.000.3706008.00000.000,eHIS,HIS_COLLECTION,3080372 HIS_COLLECTION 3358005YT7JQCWYLTG43,500167570,Journal Import 2591614:,/CASH/RECEIPT,2,,,,,0,1900,Posted
04-09-2024,01.12102.000.0000.000.3706008.00000.000,eHIS,HIS_COLLECTION,3080383 HIS_COLLECTION 3358005YT7JQCWYLTG43,500167531,Journal Import 2591614:,/CASH/RECEIPT,2,,,,,0,800,Posted
04-09-2024,01.12102.000.0000.000.3706008.00000.000,eHIS,HIS_COLLECTION,3080388 HIS_COLLECTION 3358005YT7JQCWYLTG43,500167163,Journal Import 2591614:,/CASH/RECEIPT,2,,,,,0,500,Posted
04-09-2024,01.12102.000.0000.000.3706008.00000.000,eHIS,HIS_COLLECTION,3080390 HIS_COLLECTION 3358005YT7JQCWYLTG43,500167369,Journal Import 2591614:,/CASH/RECEIPT,2,,,,,0,200,Posted
04-09-2024,01.12102.000.0000.000.3706008.00000.000,eHIS,HIS_COLLECTION,3080392 HIS_COLLECTION 3358005YT7JQCWYLTG43,500167532,Journal Import 2591614:,/CASH/RECEIPT,2,,,,,0,800,Posted
04-09-2024,01.12102.000.0000.000.3706008.00000.000,eHIS,HIS_COLLECTION,3080402 HIS_COLLECTION 3358005YT7JQCWYLTG43,500167533,Journal Import 2591614:,/CASH/RECEIPT,2,,,,,0,800,Posted
04-09-2024,01.12102.000.0000.000.3706008.00000.000,eHIS,HIS_COLLECTION,3080406 HIS_COLLECTION 3358005YT7JQCWYLTG43,500167063,Journal Import 2591614:,/CASH/RECEIPT,2,,,,,0,1200,Posted
04-09-2024,01.12102.000.0000.000.3706008.00000.000,eHIS,HIS_COLLECTION,3080414 HIS_COLLECTION 3358005YT7JQCWYLTG43,500167405,Journal Import 2591614:,/CASH/RECEIPT,2,,,,,0,900,Posted
04-09-2024,01.12102.000.0000.000.3706008.00000.000,eHIS,HIS_COLLECTION,3080424 HIS_COLLECTION 3358005YT7JQCWYLTG43,500167495,Journal Import 2591614:,/EFT/RECEIPT,2,,,,,0,3400,Posted
04-09-2024,01.12102.000.0000.000.3706008.00000.000,eHIS,HIS_COLLECTION,3080428 HIS_COLLECTION 3358005YT7JQCWYLTG43,500167509,Journal Import 2591614:,/EFT/RECEIPT,2,,,,,0,800,Posted
04-09-2024,01.12102.000.0000.000.3706008.00000.000,eHIS,HIS_COLLECTION,3080458 HIS_COLLECTION 3358005YT7JQCWYLTG43,500167534,Journal Import 2591614:,/CASH/RECEIPT,2,,,,,0,800,Posted
04-09-2024,01.12102.000.0000.000.3706008.00000.000,eHIS,HIS_COLLECTION,3080462 HIS_COLLECTION 3358005YT7JQCWYLTG43,500167406,Journal Import 2591614:,/CASH/RECEIPT,2,,,,,0,900,Posted
04-09-2024,01.12102.000.0000.000.3706008.00000.000,eHIS,HIS_COLLECTION,3080466 HIS_COLLECTION 3358005YT7JQCWYLTG43,500167064,Journal Import 2591614:,/CASH/RECEIPT,2,,,,,0,1200,Posted
04-09-2024,01.12102.000.0000.000.3706008.00000.000,eHIS,HIS_COLLECTION,3080490 HIS_COLLECTION 3358005YT7JQCWYLTG43,500167573,Journal Import 2591614:,/EFT/RECEIPT,2,,,,,0,300,Posted
04-09-2024,01.12102.000.0000.000.3706008.00000.000,eHIS,HIS_COLLECTION,3080498 HIS_COLLECTION 3358005YT7JQCWYLTG43,500167535,Journal Import 2591614:,/CASH/RECEIPT,2,,,,,0,800,Posted
04-09-2024,01.12102.000.0000.000.3706008.00000.000,eHIS,HIS_COLLECTION,3080511 HIS_COLLECTION 3358005YT7JQCWYLTG43,500167478,Journal Import 2591614:,/EFT/RECEIPT,2,,,,,0,500,Posted
04-09-2024,01.12102.000.0000.000.3706008.00000.000,eHIS,HIS_COLLECTION,3080513 HIS_COLLECTION 3358005YT7JQCWYLTG43,500167305,Journal Import 2591614:,/CASH/RECEIPT,2,,,,,0,1000,Posted
04-09-2024,01.12102.000.0000.000.3706008.00000.000,eHIS,HIS_COLLECTION,3080514 HIS_COLLECTION 3358005YT7JQCWYLTG43,500167551,Journal Import 2591614:,/EFT/RECEIPT,2,,,,,0,100,Posted
04-09-2024,01.12102.000.0000.000.3706008.00000.000,eHIS,HIS_COLLECTION,3080517 HIS_COLLECTION 3358005YT7JQCWYLTG43,500167479,Journal Import 2591614:,/EFT/RECEIPT,2,,,,,0,500,Posted
04-09-2024,01.12102.000.0000.000.3706008.00000.000,eHIS,HIS_COLLECTION,3080528 HIS_COLLECTION 3358005YT7JQCWYLTG43,500167543,Journal Import 2591614:,/EFT/RECEIPT,2,,,,,0,1000,Posted
04-09-2024,01.12102.000.0000.000.3706008.00000.000,eHIS,HIS_COLLECTION,3080534 HIS_COLLECTION 3358005YT7JQCWYLTG43,500167576,Journal Import 2591614:,/EFT/RECEIPT,2,,,,,0,1628,Posted
05-09-2024,01.12102.000.0000.000.3706008.00000.000,eHIS,HIS_COLLECTION,3080539 HIS_COLLECTION 3358005YT7JQCWYLTG43,500167722,Journal Import 2599930:,/EFT/RECEIPT,2,,,,,0,450,Posted
04-09-2024,01.12102.000.0000.000.3706008.00000.000,eHIS,HIS_COLLECTION,3080541 HIS_COLLECTION 3358005YT7JQCWYLTG43,500167544,Journal Import 2591614:,/EFT/RECEIPT,2,,,,,0,1000,Posted
04-09-2024,01.12102.000.0000.000.3706008.00000.000,eHIS,HIS_COLLECTION,3080553 HIS_COLLECTION 3358005YT7JQCWYLTG43,500167598,Journal Import 2591614:,/CARD/RECEIPT,2,,,,,0,1850,Posted
04-09-2024,01.12102.000.0000.000.3706008.00000.000,eHIS,HIS_COLLECTION,3080556 HIS_COLLECTION 3358005YT7JQCWYLTG43,500167489,Journal Import 2591614:,/EFT/RECEIPT,2,,,,,0,2600,Posted
04-09-2024,01.12102.000.0000.000.3706008.00000.000,eHIS,HIS_COLLECTION,3080558 HIS_COLLECTION 3358005YT7JQCWYLTG43,500167300,Journal Import 2591614:,/CASH/RECEIPT,2,,,,,0,350,Posted
04-09-2024,01.12102.000.0000.000.3706008.00000.000,eHIS,HIS_COLLECTION,3080564 HIS_COLLECTION 3358005YT7JQCWYLTG43,500167402,Journal Import 2591614:,/CASH/RECEIPT,2,,,,,0,299,Posted
04-09-2024,01.12102.000.0000.000.3706008.00000.000,eHIS,HIS_COLLECTION,3080567 HIS_COLLECTION 3358005YT7JQCWYLTG43,500167510,Journal Import 2591614:,/EFT/RECEIPT,2,,,,,0,800,Posted
04-09-2024,01.12102.000.0000.000.3706008.00000.000,eHIS,HIS_COLLECTION,3080581 HIS_COLLECTION 3358005YT7JQCWYLTG43,500167523,Journal Import 2591614:,/CASH/RECEIPT,2,,,,,0,100,Posted
04-09-2024,01.12102.000.0000.000.3706008.00000.000,eHIS,HIS_COLLECTION,3080589 HIS_COLLECTION 3358005YT7JQCWYLTG43,500167301,Journal Import 2591614:,/CASH/RECEIPT,2,,,,,0,350,Posted
04-09-2024,01.12102.000.0000.000.3706008.00000.000,eHIS,HIS_COLLECTION,3080613 HIS_COLLECTION 3358005YT7JQCWYLTG43,500167484,Journal Import 2591614:,/EFT/RECEIPT,2,,,,,0,2200,Posted
04-09-2024,01.12102.000.0000.000.3706008.00000.000,eHIS,HIS_COLLECTION,3080617 HIS_COLLECTION 3358005YT7JQCWYLTG43,500167482,Journal Import 2591614:,/CARD/RECEIPT,2,,,,,0,575,Posted
04-09-2024,01.12102.000.0000.000.3706008.00000.000,eHIS,HIS_COLLECTION,3080619 HIS_COLLECTION 3358005YT7JQCWYLTG43,500167164,Journal Import 2591614:,/CASH/RECEIPT,2,,,,,0,500,Posted
04-09-2024,01.12102.000.0000.000.3706008.00000.000,eHIS,HIS_COLLECTION,3080620 HIS_COLLECTION 3358005YT7JQCWYLTG43,500167572,Journal Import 2591614:,/CARD/RECEIPT,2,,,,,0,257,Posted
04-09-2024,01.12102.000.0000.000.3706008.00000.000,eHIS,HIS_COLLECTION,3080651 HIS_COLLECTION 3358005YT7JQCWYLTG43,500167599,Journal Import 2591614:,/EFT/RECEIPT,2,,,,,0,1850,Posted
04-09-2024,01.12102.000.0000.000.3706008.00000.000,eHIS,HIS_COLLECTION,3080659 HIS_COLLECTION 3358005YT7JQCWYLTG43,500167560,Journal Import 2591614:,/CARD/RECEIPT,2,,,,,0,10600,Posted
04-09-2024,01.12102.000.0000.000.3706008.00000.000,eHIS,HIS_COLLECTION,3080661 HIS_COLLECTION 3358005YT7JQCWYLTG43,500167578,Journal Import 2591614:,/CARD/RECEIPT,2,,,,,0,1700,Posted
04-09-2024,01.12102.000.0000.000.3706008.00000.000,eHIS,HIS_COLLECTION,3080663 HIS_COLLECTION 3358005YT7JQCWYLTG43,500167306,Journal Import 2591614:,/CASH/RECEIPT,2,,,,,0,1000,Posted
04-09-2024,01.12102.000.0000.000.3706008.00000.000,eHIS,HIS_COLLECTION,3080685 HIS_COLLECTION 3358005YT7JQCWYLTG43,500167524,Journal Import 2591614:,/CASH/RECEIPT,2,,,,,0,100,Posted
04-09-2024,01.12102.000.0000.000.3706008.00000.000,eHIS,HIS_COLLECTION,3080691 HIS_COLLECTION 3358005YT7JQCWYLTG43,500167048,Journal Import 2591614:,/CASH/RECEIPT,2,,,,,0,74,Posted
04-09-2024,01.12102.000.0000.000.3706008.00000.000,eHIS,HIS_COLLECTION,3080708 HIS_COLLECTION 3358005YT7JQCWYLTG43,500167511,Journal Import 2591614:,/EFT/RECEIPT,2,,,,,0,800,Posted
04-09-2024,01.12102.000.0000.000.3706008.00000.000,eHIS,HIS_COLLECTION,3080716 HIS_COLLECTION 3358005YT7JQCWYLTG43,500167600,Journal Import 2591614:,/EFT/RECEIPT,2,,,,,0,1850,Posted
05-09-2024,01.12102.000.0000.000.3706008.00000.000,eHIS,HIS_COLLECTION,3080787 HIS_COLLECTION 3358005YT7JQCWYLTG43,500168128,Journal Import 2591614:,/EFT/RECEIPT,2,,,,,0,750,Posted
05-09-2024,01.12102.000.0000.000.3706008.00000.000,eHIS,HIS_COLLECTION,3080791 HIS_COLLECTION 3358005YT7JQCWYLTG43,500168104,Journal Import 2591614:,/CASH/RECEIPT,2,,,,,0,200,Posted
05-09-2024,01.12102.000.0000.000.3706008.00000.000,eHIS,HIS_COLLECTION,3080798 HIS_COLLECTION 3358005YT7JQCWYLTG43,500168168,Journal Import 2591614:,/CASH/RECEIPT,2,,,,,0,100,Posted
05-09-2024,01.12102.000.0000.000.3706008.00000.000,eHIS,HIS_COLLECTION,3080802 HIS_COLLECTION 3358005YT7JQCWYLTG43,500167894,Journal Import 2591614:,/CASH/RECEIPT,2,,,,,0,500,Posted
05-09-2024,01.12102.000.0000.000.3706008.00000.000,eHIS,HIS_COLLECTION,3080804 HIS_COLLECTION 3358005YT7JQCWYLTG43,500167895,Journal Import 2591614:,/CASH/RECEIPT,2,,,,,0,500,Posted
05-09-2024,01.12102.000.0000.000.3706008.00000.000,eHIS,HIS_COLLECTION,3080813 HIS_COLLECTION 3358005YT7JQCWYLTG43,500167896,Journal Import 2591614:,/CASH/RECEIPT,2,,,,,0,500,Posted
05-09-2024,01.12102.000.0000.000.3706008.00000.000,eHIS,HIS_COLLECTION,3080817 HIS_COLLECTION 3358005YT7JQCWYLTG43,500167897,Journal Import 2591614:,/CASH/RECEIPT,2,,,,,0,500,Posted
05-09-2024,01.12102.000.0000.000.3706008.00000.000,eHIS,HIS_COLLECTION,3080823 HIS_COLLECTION 3358005YT7JQCWYLTG43,500167898,Journal Import 2591614:,/CASH/RECEIPT,2,,,,,0,500,Posted
05-09-2024,01.12102.000.0000.000.3706008.00000.000,eHIS,HIS_COLLECTION,3080832 HIS_COLLECTION 3358005YT7JQCWYLTG43,500168180,Journal Import 2591614:,/EFT/RECEIPT,2,,,,,0,100,Posted
05-09-2024,01.12102.000.0000.000.3706008.00000.000,eHIS,HIS_COLLECTION,3080834 HIS_COLLECTION 3358005YT7JQCWYLTG43,500168169,Journal Import 2591614:,/CASH/RECEIPT,2,,,,,0,100,Posted
05-09-2024,01.12102.000.0000.000.3706008.00000.000,eHIS,HIS_COLLECTION,3080856 HIS_COLLECTION 3358005YT7JQCWYLTG43,500168170,Journal Import 2591614:,/CASH/RECEIPT,2,,,,,0,100,Posted
05-09-2024,01.12102.000.0000.000.3706008.00000.000,eHIS,HIS_COLLECTION,3080860 HIS_COLLECTION 3358005YT7JQCWYLTG43,500167723,Journal Import 2599930:,/EFT/RECEIPT,2,,,,,0,450,Posted
05-09-2024,01.12102.000.0000.000.3706008.00000.000,eHIS,HIS_COLLECTION,3080869 HIS_COLLECTION 3358005YT7JQCWYLTG43,500168189,Journal Import 2591614:,/EFT/RECEIPT,2,,,,,0,200,Posted
05-09-2024,01.12102.000.0000.000.3706008.00000.000,eHIS,HIS_COLLECTION,3080887 HIS_COLLECTION 3358005YT7JQCWYLTG43,500168210,Journal Import 2591614:,/CASH/RECEIPT,2,,,,,0,1850,Posted
05-09-2024,01.12102.000.0000.000.3706008.00000.000,eHIS,HIS_COLLECTION,3080900 HIS_COLLECTION 3358005YT7JQCWYLTG43,500168131,Journal Import 2591614:,/EFT/RECEIPT,2,,,,,0,3500,Posted
05-09-2024,01.12102.000.0000.000.3706008.00000.000,eHIS,HIS_COLLECTION,3080904 HIS_COLLECTION 3358005YT7JQCWYLTG43,500168295,Journal Import 2591614:,/EFT/RECEIPT,2,,,,,0,999,Posted
05-09-2024,01.12102.000.0000.000.3706008.00000.000,eHIS,HIS_COLLECTION,3080911 HIS_COLLECTION 3358005YT7JQCWYLTG43,500168229,Journal Import 2591614:,/CASH/RECEIPT,2,,,,,0,3500,Posted
05-09-2024,01.12102.000.0000.000.3706008.00000.000,eHIS,HIS_COLLECTION,3080918 HIS_COLLECTION 3358005YT7JQCWYLTG43,500168139,Journal Import 2591614:,/EFT/RECEIPT,2,,,,,0,4122,Posted
05-09-2024,01.12102.000.0000.000.3706008.00000.000,eHIS,HIS_COLLECTION,3080947 HIS_COLLECTION 3358005YT7JQCWYLTG43,500168198,Journal Import 2591614:,/CARD/RECEIPT,2,,,,,0,13000,Posted
05-09-2024,01.12102.000.0000.000.3706008.00000.000,eHIS,HIS_COLLECTION,3080957 HIS_COLLECTION 3358005YT7JQCWYLTG43,500168145,Journal Import 2591614:,/EFT/RECEIPT,2,,,,,0,800,Posted
05-09-2024,01.12102.000.0000.000.3706008.00000.000,eHIS,HIS_COLLECTION,3080973 HIS_COLLECTION 3358005YT7JQCWYLTG43,500168106,Journal Import 2591614:,/CASH/RECEIPT,2,,,,,0,1100,Posted
05-09-2024,01.12102.000.0000.000.3706008.00000.000,eHIS,HIS_COLLECTION,3080980 HIS_COLLECTION 3358005YT7JQCWYLTG43,500167899,Journal Import 2591614:,/CASH/RECEIPT,2,,,,,0,500,Posted
05-09-2024,01.12102.000.0000.000.3706008.00000.000,eHIS,HIS_COLLECTION,3080998 HIS_COLLECTION 3358005YT7JQCWYLTG43,500168287,Journal Import 2591614:,/CARD/RECEIPT,2,,,,,0,900,Posted
05-09-2024,01.12102.000.0000.000.3706008.00000.000,eHIS,HIS_COLLECTION,3081000 HIS_COLLECTION 3358005YT7JQCWYLTG43,500168200,Journal Import 2591614:,/CASH/RECEIPT,2,,,,,0,1480,Posted
05-09-2024,01.12102.000.0000.000.3706008.00000.000,eHIS,HIS_COLLECTION,3081009 HIS_COLLECTION 3358005YT7JQCWYLTG43,500168273,Journal Import 2591614:,/CARD/RECEIPT,2,,,,,0,5300,Posted
05-09-2024,01.12102.000.0000.000.3706008.00000.000,eHIS,HIS_COLLECTION,3081019 HIS_COLLECTION 3358005YT7JQCWYLTG43,500168018,Journal Import 2591614:,/CASH/RECEIPT,2,,,,,0,900,Posted
05-09-2024,01.12102.000.0000.000.3706008.00000.000,eHIS,HIS_COLLECTION,3081026 HIS_COLLECTION 3358005YT7JQCWYLTG43,500168278,Journal Import 2591614:,/CARD/RECEIPT,2,,,,,0,7050,Posted
05-09-2024,01.12102.000.0000.000.3706008.00000.000,eHIS,HIS_COLLECTION,3081031 HIS_COLLECTION 3358005YT7JQCWYLTG43,500168211,Journal Import 2591614:,/CASH/RECEIPT,2,,,,,0,1850,Posted
05-09-2024,01.12102.000.0000.000.3706008.00000.000,eHIS,HIS_COLLECTION,3081050 HIS_COLLECTION 3358005YT7JQCWYLTG43,500168171,Journal Import 2591614:,/CASH/RECEIPT,2,,,,,0,100,Posted
05-09-2024,01.12102.000.0000.000.3706008.00000.000,eHIS,HIS_COLLECTION,3081054 HIS_COLLECTION 3358005YT7JQCWYLTG43,500168175,Journal Import 2591614:,/CASH/RECEIPT,2,,,,,0,800,Posted
05-09-2024,01.12102.000.0000.000.3706008.00000.000,eHIS,HIS_COLLECTION,3081058 HIS_COLLECTION 3358005YT7JQCWYLTG43,500168230,Journal Import 2591614:,/CARD/RECEIPT,2,,,,,0,1850,Posted
05-09-2024,01.12102.000.0000.000.3706008.00000.000,eHIS,HIS_COLLECTION,3081068 HIS_COLLECTION 3358005YT7JQCWYLTG43,500168201,Journal Import 2591614:,/CASH/RECEIPT,2,,,,,0,1503,Posted
05-09-2024,01.12102.000.0000.000.3706008.00000.000,eHIS,HIS_COLLECTION,3081071 HIS_COLLECTION 3358005YT7JQCWYLTG43,500168105,Journal Import 2591614:,/CASH/RECEIPT,2,,,,,0,200,Posted
05-09-2024,01.12102.000.0000.000.3706008.00000.000,eHIS,HIS_COLLECTION,3081081 HIS_COLLECTION 3358005YT7JQCWYLTG43,500168282,Journal Import 2591614:,/CASH/REFUND,2,,,,,7050,0,Posted
05-09-2024,01.12102.000.0000.000.3706008.00000.000,eHIS,HIS_COLLECTION,3081107 HIS_COLLECTION 3358005YT7JQCWYLTG43,500168172,Journal Import 2591614:,/CASH/RECEIPT,2,,,,,0,100,Posted
05-09-2024,01.12102.000.0000.000.3706008.00000.000,eHIS,HIS_COLLECTION,3081121 HIS_COLLECTION 3358005YT7JQCWYLTG43,500168120,Journal Import 2591614:,/EFT/RECEIPT,2,,,,,0,650,Posted
05-09-2024,01.12102.000.0000.000.3706008.00000.000,eHIS,HIS_COLLECTION,3081123 HIS_COLLECTION 3358005YT7JQCWYLTG43,500167804,Journal Import 2591614:,/CASH/RECEIPT,2,,,,,0,500,Posted
05-09-2024,01.12102.000.0000.000.3706008.00000.000,eHIS,HIS_COLLECTION,3081146 HIS_COLLECTION 3358005YT7JQCWYLTG43,500168288,Journal Import 2591614:,/CARD/RECEIPT,2,,,,,0,900,Posted
05-09-2024,01.12102.000.0000.000.3706008.00000.000,eHIS,HIS_COLLECTION,3081150 HIS_COLLECTION 3358005YT7JQCWYLTG43,500168221,Journal Import 2591614:,/CASH/RECEIPT,2,,,,,0,2600,Posted
05-09-2024,01.12102.000.0000.000.3706008.00000.000,eHIS,HIS_COLLECTION,3081154 HIS_COLLECTION 3358005YT7JQCWYLTG43,500168176,Journal Import 2591614:,/CASH/RECEIPT,2,,,,,0,800,Posted
05-09-2024,01.12102.000.0000.000.3706008.00000.000,eHIS,HIS_COLLECTION,3081156 HIS_COLLECTION 3358005YT7JQCWYLTG43,500167806,Journal Import 2591614:,/CASH/RECEIPT,2,,,,,0,500,Posted
05-09-2024,01.12102.000.0000.000.3706008.00000.000,eHIS,HIS_COLLECTION,3081162 HIS_COLLECTION 3358005YT7JQCWYLTG43,500168177,Journal Import 2591614:,/CASH/RECEIPT,2,,,,,0,800,Posted
05-09-2024,01.12102.000.0000.000.3706008.00000.000,eHIS,HIS_COLLECTION,3081172 HIS_COLLECTION 3358005YT7JQCWYLTG43,500168231,Journal Import 2591614:,/EFT/RECEIPT,2,,,,,0,1850,Posted
05-09-2024,01.12102.000.0000.000.3706008.00000.000,eHIS,HIS_COLLECTION,3081178 HIS_COLLECTION 3358005YT7JQCWYLTG43,500168146,Journal Import 2591614:,/EFT/RECEIPT,2,,,,,0,800,Posted
05-09-2024,01.12102.000.0000.000.3706008.00000.000,eHIS,HIS_COLLECTION,3081189 HIS_COLLECTION 3358005YT7JQCWYLTG43,500168192,Journal Import 2591614:,/CARD/RECEIPT,2,,,,,0,1100,Posted
05-09-2024,01.12102.000.0000.000.3706008.00000.000,eHIS,HIS_COLLECTION,3081201 HIS_COLLECTION 3358005YT7JQCWYLTG43,500168050,Journal Import 2591614:,/CASH/RECEIPT,2,,,,,0,800,Posted
05-09-2024,01.12102.000.0000.000.3706008.00000.000,eHIS,HIS_COLLECTION,3081206 HIS_COLLECTION 3358005YT7JQCWYLTG43,500168147,Journal Import 2591614:,/EFT/RECEIPT,2,,,,,0,800,Posted
05-09-2024,01.12102.000.0000.000.3706008.00000.000,eHIS,HIS_COLLECTION,3081230 HIS_COLLECTION 3358005YT7JQCWYLTG43,500168140,Journal Import 2591614:,/CARD/RECEIPT,2,,,,,0,4150,Posted
05-09-2024,01.12102.000.0000.000.3706008.00000.000,eHIS,HIS_COLLECTION,3081239 HIS_COLLECTION 3358005YT7JQCWYLTG43,500168296,Journal Import 2591614:,/EFT/RECEIPT,2,,,,,0,1000,Posted
05-09-2024,01.12102.000.0000.000.3706008.00000.000,eHIS,HIS_COLLECTION,3081252 HIS_COLLECTION 3358005YT7JQCWYLTG43,500168289,Journal Import 2591614:,/CARD/RECEIPT,2,,,,,0,900,Posted
05-09-2024,01.12102.000.0000.000.3706008.00000.000,eHIS,HIS_COLLECTION,3081268 HIS_COLLECTION 3358005YT7JQCWYLTG43,500167751,Journal Import 2591614:,/CASH/RECEIPT,2,,,,,0,700,Posted
05-09-2024,01.12102.000.0000.000.3706008.00000.000,eHIS,HIS_COLLECTION,3081272 HIS_COLLECTION 3358005YT7JQCWYLTG43,500168207,Journal Import 2591614:,/CARD/RECEIPT,2,,,,,0,1450,Posted
05-09-2024,01.12102.000.0000.000.3706008.00000.000,eHIS,HIS_COLLECTION,3081283 HIS_COLLECTION 3358005YT7JQCWYLTG43,500168013,Journal Import 2591614:,/CASH/RECEIPT,2,,,,,0,250,Posted
05-09-2024,01.12102.000.0000.000.3706008.00000.000,eHIS,HIS_COLLECTION,3081285 HIS_COLLECTION 3358005YT7JQCWYLTG43,500168129,Journal Import 2591614:,/EFT/RECEIPT,2,,,,,0,750,Posted
05-09-2024,01.12102.000.0000.000.3706008.00000.000,eHIS,HIS_COLLECTION,3081293 HIS_COLLECTION 3358005YT7JQCWYLTG43,500168218,Journal Import 2591614:,/CASH/RECEIPT,2,,,,,0,2100,Posted
05-09-2024,01.12102.000.0000.000.3706008.00000.000,eHIS,HIS_COLLECTION,3081297 HIS_COLLECTION 3358005YT7JQCWYLTG43,500168193,Journal Import 2591614:,/EFT/RECEIPT,2,,,,,0,1100,Posted
05-09-2024,01.12102.000.0000.000.3706008.00000.000,eHIS,HIS_COLLECTION,3081299 HIS_COLLECTION 3358005YT7JQCWYLTG43,500168019,Journal Import 2591614:,/CASH/RECEIPT,2,,,,,0,900,Posted
05-09-2024,01.12102.000.0000.000.3706008.00000.000,eHIS,HIS_COLLECTION,3081319 HIS_COLLECTION 3358005YT7JQCWYLTG43,500168173,Journal Import 2591614:,/CASH/RECEIPT,2,,,,,0,100,Posted
05-09-2024,01.12102.000.0000.000.3706008.00000.000,eHIS,HIS_COLLECTION,3081330 HIS_COLLECTION 3358005YT7JQCWYLTG43,500167807,Journal Import 2591614:,/CASH/RECEIPT,2,,,,,0,500,Posted
05-09-2024,01.12102.000.0000.000.3706008.00000.000,eHIS,HIS_COLLECTION,3081332 HIS_COLLECTION 3358005YT7JQCWYLTG43,500168014,Journal Import 2591614:,/CASH/RECEIPT,2,,,,,0,250,Posted
05-09-2024,01.12102.000.0000.000.3706008.00000.000,eHIS,HIS_COLLECTION,3081342 HIS_COLLECTION 3358005YT7JQCWYLTG43,500167935,Journal Import 2591614:,/CASH/RECEIPT,2,,,,,0,375,Posted
05-09-2024,01.12102.000.0000.000.3706008.00000.000,eHIS,HIS_COLLECTION,3081344 HIS_COLLECTION 3358005YT7JQCWYLTG43,500168051,Journal Import 2591614:,/CASH/RECEIPT,2,,,,,0,800,Posted
05-09-2024,01.12102.000.0000.000.3706008.00000.000,eHIS,HIS_COLLECTION,3081363 HIS_COLLECTION 3358005YT7JQCWYLTG43,500168216,Journal Import 2591614:,/EFT/RECEIPT,2,,,,,0,325,Posted
05-09-2024,01.12102.000.0000.000.3706008.00000.000,eHIS,HIS_COLLECTION,3081379 HIS_COLLECTION 3358005YT7JQCWYLTG43,500168052,Journal Import 2591614:,/CASH/RECEIPT,2,,,,,0,800,Posted
05-09-2024,01.12102.000.0000.000.3706008.00000.000,eHIS,HIS_COLLECTION,3081385 HIS_COLLECTION 3358005YT7JQCWYLTG43,500168241,Journal Import 2591614:,/EFT/RECEIPT,2,,,,,0,200000,Posted
05-09-2024,01.12102.000.0000.000.3706008.00000.000,eHIS,HIS_COLLECTION,3081387 HIS_COLLECTION 3358005YT7JQCWYLTG43,500167729,Journal Import 2600200:,/EFT/REFUND,2,,,,,200000,0,Posted
05-09-2024,01.12102.000.0000.000.3706008.00000.000,eHIS,HIS_COLLECTION,3081388 HIS_COLLECTION 3358005YT7JQCWYLTG43,500168053,Journal Import 2591614:,/CASH/RECEIPT,2,,,,,0,800,Posted
05-09-2024,01.12102.000.0000.000.3706008.00000.000,eHIS,HIS_COLLECTION,3081395 HIS_COLLECTION 3358005YT7JQCWYLTG43,500168217,Journal Import 2591614:,/CHEQUE/RECEIPT,2,,,,,0,25000,Posted
05-09-2024,01.12102.000.0000.000.3706008.00000.000,eHIS,HIS_COLLECTION,3081400 HIS_COLLECTION 3358005YT7JQCWYLTG43,500167728,Journal Import 2600200:,/EFT/REFUND,2,,,,,25000,0,Posted
05-09-2024,01.12102.000.0000.000.3706008.00000.000,eHIS,HIS_COLLECTION,3081407 HIS_COLLECTION 3358005YT7JQCWYLTG43,500167704,Journal Import 2591614:,/CASH/RECEIPT,2,,,,,0,74,Posted
05-09-2024,01.12102.000.0000.000.3706008.00000.000,eHIS,HIS_COLLECTION,3081409 HIS_COLLECTION 3358005YT7JQCWYLTG43,500168186,Journal Import 2591614:,/CASH/RECEIPT,2,,,,,0,1300,Posted
05-09-2024,01.12102.000.0000.000.3706008.00000.000,eHIS,HIS_COLLECTION,3081434 HIS_COLLECTION 3358005YT7JQCWYLTG43,500168232,Journal Import 2591614:,/CARD/RECEIPT,2,,,,,0,1850,Posted
05-09-2024,01.12102.000.0000.000.3706008.00000.000,eHIS,HIS_COLLECTION,3081453 HIS_COLLECTION 3358005YT7JQCWYLTG43,500168020,Journal Import 2591614:,/CASH/RECEIPT,2,,,,,0,900,Posted
05-09-2024,01.12102.000.0000.000.3706008.00000.000,eHIS,HIS_COLLECTION,3081457 HIS_COLLECTION 3358005YT7JQCWYLTG43,500168132,Journal Import 2591614:,/EFT/RECEIPT,2,,,,,0,3500,Posted
05-09-2024,01.12102.000.0000.000.3706008.00000.000,eHIS,HIS_COLLECTION,3081462 HIS_COLLECTION 3358005YT7JQCWYLTG43,500168219,Journal Import 2591614:,/CASH/RECEIPT,2,,,,,0,2300,Posted
05-09-2024,01.12102.000.0000.000.3706008.00000.000,eHIS,HIS_COLLECTION,3081474 HIS_COLLECTION 3358005YT7JQCWYLTG43,500168215,Journal Import 2591614:,/CARD/RECEIPT,2,,,,,0,308,Posted
05-09-2024,01.12102.000.0000.000.3706008.00000.000,eHIS,HIS_COLLECTION,3081480 HIS_COLLECTION 3358005YT7JQCWYLTG43,500168202,Journal Import 2591614:,/CASH/RECEIPT,2,,,,,0,1610,Posted
05-09-2024,01.12102.000.0000.000.3706008.00000.000,eHIS,HIS_COLLECTION,3081486 HIS_COLLECTION 3358005YT7JQCWYLTG43,500168223,Journal Import 2591614:,/EFT/RECEIPT,2,,,,,0,410,Posted
05-09-2024,01.12102.000.0000.000.3706008.00000.000,eHIS,HIS_COLLECTION,3081494 HIS_COLLECTION 3358005YT7JQCWYLTG43,500168054,Journal Import 2591614:,/CASH/RECEIPT,2,,,,,0,800,Posted
05-09-2024,01.12102.000.0000.000.3706008.00000.000,eHIS,HIS_COLLECTION,3081501 HIS_COLLECTION 3358005YT7JQCWYLTG43,500167938,Journal Import 2591614:,/CASH/RECEIPT,2,,,,,0,1000,Posted
05-09-2024,01.12102.000.0000.000.3706008.00000.000,eHIS,HIS_COLLECTION,3081513 HIS_COLLECTION 3358005YT7JQCWYLTG43,500168194,Journal Import 2591614:,/EFT/RECEIPT,2,,,,,0,1100,Posted
05-09-2024,01.12102.000.0000.000.3706008.00000.000,eHIS,HIS_COLLECTION,3081531 HIS_COLLECTION 3358005YT7JQCWYLTG43,500168076,Journal Import 2591614:,/CASH/RECEIPT,2,,,,,0,105,Posted
05-09-2024,01.12102.000.0000.000.3706008.00000.000,eHIS,HIS_COLLECTION,3081536 HIS_COLLECTION 3358005YT7JQCWYLTG43,500168103,Journal Import 2591614:,/CASH/RECEIPT,2,,,,,0,199,Posted
05-09-2024,01.12102.000.0000.000.3706008.00000.000,eHIS,HIS_COLLECTION,3081542 HIS_COLLECTION 3358005YT7JQCWYLTG43,500168199,Journal Import 2591614:,/EFT/RECEIPT,2,,,,,0,14490,Posted
05-09-2024,01.12102.000.0000.000.3706008.00000.000,eHIS,HIS_COLLECTION,3081550 HIS_COLLECTION 3358005YT7JQCWYLTG43,500168190,Journal Import 2591614:,/EFT/RECEIPT,2,,,,,0,200,Posted
05-09-2024,01.12102.000.0000.000.3706008.00000.000,eHIS,HIS_COLLECTION,3081552 HIS_COLLECTION 3358005YT7JQCWYLTG43,500168297,Journal Import 2591614:,/EFT/RECEIPT,2,,,,,0,1000,Posted
05-09-2024,01.12102.000.0000.000.3706008.00000.000,eHIS,HIS_COLLECTION,3081558 HIS_COLLECTION 3358005YT7JQCWYLTG43,500168121,Journal Import 2591614:,/EFT/RECEIPT,2,,,,,0,650,Posted
06-09-2024,01.12102.000.0000.000.3706008.00000.000,eHIS,HIS_COLLECTION,3081572 HIS_COLLECTION 3358005YT7JQCWYLTG43,500168369,Journal Import 2599930:,/EFT/RECEIPT,2,,,,,0,512,Posted
05-09-2024,01.12102.000.0000.000.3706008.00000.000,eHIS,HIS_COLLECTION,3081574 HIS_COLLECTION 3358005YT7JQCWYLTG43,500168290,Journal Import 2591614:,/EFT/RECEIPT,2,,,,,0,900,Posted
05-09-2024,01.12102.000.0000.000.3706008.00000.000,eHIS,HIS_COLLECTION,3081578 HIS_COLLECTION 3358005YT7JQCWYLTG43,500168015,Journal Import 2591614:,/CASH/RECEIPT,2,,,,,0,299,Posted
05-09-2024,01.12102.000.0000.000.3706008.00000.000,eHIS,HIS_COLLECTION,3081584 HIS_COLLECTION 3358005YT7JQCWYLTG43,500168016,Journal Import 2591614:,/CASH/RECEIPT,2,,,,,0,299,Posted
05-09-2024,01.12102.000.0000.000.3706008.00000.000,eHIS,HIS_COLLECTION,3081586 HIS_COLLECTION 3358005YT7JQCWYLTG43,500168298,Journal Import 2591614:,/CARD/RECEIPT,2,,,,,0,1000,Posted
05-09-2024,01.12102.000.0000.000.3706008.00000.000,eHIS,HIS_COLLECTION,3081597 HIS_COLLECTION 3358005YT7JQCWYLTG43,500168187,Journal Import 2591614:,/CASH/RECEIPT,2,,,,,0,1300,Posted
05-09-2024,01.12102.000.0000.000.3706008.00000.000,eHIS,HIS_COLLECTION,3081600 HIS_COLLECTION 3358005YT7JQCWYLTG43,500167957,Journal Import 2591614:,/CASH/RECEIPT,2,,,,,0,800,Posted
05-09-2024,01.12102.000.0000.000.3706008.00000.000,eHIS,HIS_COLLECTION,3081618 HIS_COLLECTION 3358005YT7JQCWYLTG43,500167958,Journal Import 2591614:,/CASH/RECEIPT,2,,,,,0,800,Posted
05-09-2024,01.12102.000.0000.000.3706008.00000.000,eHIS,HIS_COLLECTION,3081622 HIS_COLLECTION 3358005YT7JQCWYLTG43,500168116,Journal Import 2591614:,/EFT/RECEIPT,2,,,,,0,600,Posted
05-09-2024,01.12102.000.0000.000.3706008.00000.000,eHIS,HIS_COLLECTION,3081624 HIS_COLLECTION 3358005YT7JQCWYLTG43,500168222,Journal Import 2591614:,/EFT/RECEIPT,2,,,,,0,400,Posted
05-09-2024,01.12102.000.0000.000.3706008.00000.000,eHIS,HIS_COLLECTION,3081626 HIS_COLLECTION 3358005YT7JQCWYLTG43,500168017,Journal Import 2591614:,/CASH/RECEIPT,2,,,,,0,299,Posted
05-09-2024,01.12102.000.0000.000.3706008.00000.000,eHIS,HIS_COLLECTION,3081633 HIS_COLLECTION 3358005YT7JQCWYLTG43,500167939,Journal Import 2591614:,/CASH/RECEIPT,2,,,,,0,1000,Posted
05-09-2024,01.12102.000.0000.000.3706008.00000.000,eHIS,HIS_COLLECTION,3081635 HIS_COLLECTION 3358005YT7JQCWYLTG43,500168115,Journal Import 2591614:,/CASH/RECEIPT,2,,,,,0,6560,Posted
05-09-2024,01.12102.000.0000.000.3706008.00000.000,eHIS,HIS_COLLECTION,3081646 HIS_COLLECTION 3358005YT7JQCWYLTG43,500168021,Journal Import 2591614:,/CASH/RECEIPT,2,,,,,0,900,Posted
05-09-2024,01.12102.000.0000.000.3706008.00000.000,eHIS,HIS_COLLECTION,3081657 HIS_COLLECTION 3358005YT7JQCWYLTG43,500168304,Journal Import 2591614:,/EFT/RECEIPT,2,,,,,0,10000,Posted
05-09-2024,01.12102.000.0000.000.3706008.00000.000,eHIS,HIS_COLLECTION,3081661 HIS_COLLECTION 3358005YT7JQCWYLTG43,500168107,Journal Import 2591614:,/CASH/RECEIPT,2,,,,,0,1100,Posted
05-09-2024,01.12102.000.0000.000.3706008.00000.000,eHIS,HIS_COLLECTION,3081681 HIS_COLLECTION 3358005YT7JQCWYLTG43,500168184,Journal Import 2591614:,/EFT/RECEIPT,2,,,,,0,1000,Posted
05-09-2024,01.12102.000.0000.000.3706008.00000.000,eHIS,HIS_COLLECTION,3081687 HIS_COLLECTION 3358005YT7JQCWYLTG43,500168291,Journal Import 2591614:,/EFT/RECEIPT,2,,,,,0,900,Posted
05-09-2024,01.12102.000.0000.000.3706008.00000.000,eHIS,HIS_COLLECTION,3081693 HIS_COLLECTION 3358005YT7JQCWYLTG43,500167959,Journal Import 2591614:,/CASH/RECEIPT,2,,,,,0,800,Posted
05-09-2024,01.12102.000.0000.000.3706008.00000.000,eHIS,HIS_COLLECTION,3081695 HIS_COLLECTION 3358005YT7JQCWYLTG43,500168130,Journal Import 2591614:,/EFT/RECEIPT,2,,,,,0,3350,Posted
05-09-2024,01.12102.000.0000.000.3706008.00000.000,eHIS,HIS_COLLECTION,3081706 HIS_COLLECTION 3358005YT7JQCWYLTG43,500168237,Journal Import 2591614:,/EFT/RECEIPT,2,,,,,0,500,Posted
05-09-2024,01.12102.000.0000.000.3706008.00000.000,eHIS,HIS_COLLECTION,3081713 HIS_COLLECTION 3358005YT7JQCWYLTG43,500168279,Journal Import 2591614:,/CARD/RECEIPT,2,,,,,0,7350,Posted
05-09-2024,01.12102.000.0000.000.3706008.00000.000,eHIS,HIS_COLLECTION,3081719 HIS_COLLECTION 3358005YT7JQCWYLTG43,500167956,Journal Import 2591614:,/CASH/RECEIPT,2,,,,,0,450,Posted
05-09-2024,01.12102.000.0000.000.3706008.00000.000,eHIS,HIS_COLLECTION,3081721 HIS_COLLECTION 3358005YT7JQCWYLTG43,500168148,Journal Import 2591614:,/CARD/RECEIPT,2,,,,,0,800,Posted
05-09-2024,01.12102.000.0000.000.3706008.00000.000,eHIS,HIS_COLLECTION,3081729 HIS_COLLECTION 3358005YT7JQCWYLTG43,500167940,Journal Import 2591614:,/CASH/RECEIPT,2,,,,,0,1000,Posted
05-09-2024,01.12102.000.0000.000.3706008.00000.000,eHIS,HIS_COLLECTION,3081745 HIS_COLLECTION 3358005YT7JQCWYLTG43,500167752,Journal Import 2591614:,/CASH/RECEIPT,2,,,,,0,700,Posted
05-09-2024,01.12102.000.0000.000.3706008.00000.000,eHIS,HIS_COLLECTION,3081746 HIS_COLLECTION 3358005YT7JQCWYLTG43,500168181,Journal Import 2591614:,/EFT/RECEIPT,2,,,,,0,100,Posted
05-09-2024,01.12102.000.0000.000.3706008.00000.000,eHIS,HIS_COLLECTION,3081748 HIS_COLLECTION 3358005YT7JQCWYLTG43,500167676,Journal Import 2591614:,/CASH/RECEIPT,2,,,,,0,750,Posted
05-09-2024,01.12102.000.0000.000.3706008.00000.000,eHIS,HIS_COLLECTION,3081752 HIS_COLLECTION 3358005YT7JQCWYLTG43,500167808,Journal Import 2591614:,/CASH/RECEIPT,2,,,,,0,500,Posted
05-09-2024,01.12102.000.0000.000.3706008.00000.000,eHIS,HIS_COLLECTION,3081758 HIS_COLLECTION 3358005YT7JQCWYLTG43,500168292,Journal Import 2591614:,/EFT/RECEIPT,2,,,,,0,900,Posted
05-09-2024,01.12102.000.0000.000.3706008.00000.000,eHIS,HIS_COLLECTION,3081791 HIS_COLLECTION 3358005YT7JQCWYLTG43,500168280,Journal Import 2591614:,/EFT/RECEIPT,2,,,,,0,7848,Posted
05-09-2024,01.12102.000.0000.000.3706008.00000.000,eHIS,HIS_COLLECTION,3081793 HIS_COLLECTION 3358005YT7JQCWYLTG43,500168195,Journal Import 2591614:,/EFT/RECEIPT,2,,,,,0,1100,Posted
05-09-2024,01.12102.000.0000.000.3706008.00000.000,eHIS,HIS_COLLECTION,3081797 HIS_COLLECTION 3358005YT7JQCWYLTG43,500168293,Journal Import 2591614:,/EFT/RECEIPT,2,,,,,0,900,Posted
05-09-2024,01.12102.000.0000.000.3706008.00000.000,eHIS,HIS_COLLECTION,3081813 HIS_COLLECTION 3358005YT7JQCWYLTG43,500168204,Journal Import 2591614:,/EFT/RECEIPT,2,,,,,0,250,Posted
05-09-2024,01.12102.000.0000.000.3706008.00000.000,eHIS,HIS_COLLECTION,3081818 HIS_COLLECTION 3358005YT7JQCWYLTG43,500168212,Journal Import 2591614:,/CASH/RECEIPT,2,,,,,0,1850,Posted
05-09-2024,01.12102.000.0000.000.3706008.00000.000,eHIS,HIS_COLLECTION,3081833 HIS_COLLECTION 3358005YT7JQCWYLTG43,500168281,Journal Import 2591614:,/EFT/RECEIPT,2,,,,,0,8030,Posted
05-09-2024,01.12102.000.0000.000.3706008.00000.000,eHIS,HIS_COLLECTION,3081835 HIS_COLLECTION 3358005YT7JQCWYLTG43,500168277,Journal Import 2591614:,/EFT/RECEIPT,2,,,,,0,6640,Posted
05-09-2024,01.12102.000.0000.000.3706008.00000.000,eHIS,HIS_COLLECTION,3081847 HIS_COLLECTION 3358005YT7JQCWYLTG43,500168117,Journal Import 2591614:,/EFT/RECEIPT,2,,,,,0,2200,Posted
05-09-2024,01.12102.000.0000.000.3706008.00000.000,eHIS,HIS_COLLECTION,3081862 HIS_COLLECTION 3358005YT7JQCWYLTG43,500167941,Journal Import 2591614:,/CASH/RECEIPT,2,,,,,0,1000,Posted
05-09-2024,01.12102.000.0000.000.3706008.00000.000,eHIS,HIS_COLLECTION,3081863 HIS_COLLECTION 3358005YT7JQCWYLTG43,500168276,Journal Import 2591614:,/EFT/RECEIPT,2,,,,,0,880,Posted
05-09-2024,01.12102.000.0000.000.3706008.00000.000,eHIS,HIS_COLLECTION,3081865 HIS_COLLECTION 3358005YT7JQCWYLTG43,500168220,Journal Import 2591614:,/CASH/RECEIPT,2,,,,,0,2500,Posted
05-09-2024,01.12102.000.0000.000.3706008.00000.000,eHIS,HIS_COLLECTION,3081866 HIS_COLLECTION 3358005YT7JQCWYLTG43,500168286,Journal Import 2591614:,/EFT/RECEIPT,2,,,,,0,50,Posted
05-09-2024,01.12102.000.0000.000.3706008.00000.000,eHIS,HIS_COLLECTION,3081875 HIS_COLLECTION 3358005YT7JQCWYLTG43,500168178,Journal Import 2591614:,/CASH/RECEIPT,2,,,,,0,1200,Posted
05-09-2024,01.12102.000.0000.000.3706008.00000.000,eHIS,HIS_COLLECTION,3081879 HIS_COLLECTION 3358005YT7JQCWYLTG43,500167809,Journal Import 2591614:,/CASH/RECEIPT,2,,,,,0,500,Posted
05-09-2024,01.12102.000.0000.000.3706008.00000.000,eHIS,HIS_COLLECTION,3081884 HIS_COLLECTION 3358005YT7JQCWYLTG43,500167810,Journal Import 2591614:,/CASH/RECEIPT,2,,,,,0,500,Posted
05-09-2024,01.12102.000.0000.000.3706008.00000.000,eHIS,HIS_COLLECTION,3081886 HIS_COLLECTION 3358005YT7JQCWYLTG43,500167811,Journal Import 2591614:,/CASH/RECEIPT,2,,,,,0,500,Posted
05-09-2024,01.12102.000.0000.000.3706008.00000.000,eHIS,HIS_COLLECTION,3081896 HIS_COLLECTION 3358005YT7JQCWYLTG43,500168174,Journal Import 2591614:,/CASH/RECEIPT,2,,,,,0,100,Posted
05-09-2024,01.12102.000.0000.000.3706008.00000.000,eHIS,HIS_COLLECTION,3081898 HIS_COLLECTION 3358005YT7JQCWYLTG43,500168185,Journal Import 2591614:,/EFT/RECEIPT,2,,,,,0,1000,Posted
05-09-2024,01.12102.000.0000.000.3706008.00000.000,eHIS,HIS_COLLECTION,3081915 HIS_COLLECTION 3358005YT7JQCWYLTG43,500168197,Journal Import 2591614:,/EFT/RECEIPT,2,,,,,0,1200,Posted
05-09-2024,01.12102.000.0000.000.3706008.00000.000,eHIS,HIS_COLLECTION,3081925 HIS_COLLECTION 3358005YT7JQCWYLTG43,500168294,Journal Import 2591614:,/CARD/RECEIPT,2,,,,,0,9700,Posted
05-09-2024,01.12102.000.0000.000.3706008.00000.000,eHIS,HIS_COLLECTION,3081931 HIS_COLLECTION 3358005YT7JQCWYLTG43,500168191,Journal Import 2591614:,/EFT/RECEIPT,2,,,,,0,200,Posted
05-09-2024,01.12102.000.0000.000.3706008.00000.000,eHIS,HIS_COLLECTION,3081942 HIS_COLLECTION 3358005YT7JQCWYLTG43,500168141,Journal Import 2591614:,/EFT/RECEIPT,2,,,,,0,4250,Posted
05-09-2024,01.12102.000.0000.000.3706008.00000.000,eHIS,HIS_COLLECTION,3081944 HIS_COLLECTION 3358005YT7JQCWYLTG43,500168122,Journal Import 2591614:,/CARD/RECEIPT,2,,,,,0,650,Posted
05-09-2024,01.12102.000.0000.000.3706008.00000.000,eHIS,HIS_COLLECTION,3081950 HIS_COLLECTION 3358005YT7JQCWYLTG43,500168149,Journal Import 2591614:,/CARD/RECEIPT,2,,,,,0,800,Posted
05-09-2024,01.12102.000.0000.000.3706008.00000.000,eHIS,HIS_COLLECTION,3081955 HIS_COLLECTION 3358005YT7JQCWYLTG43,500168150,Journal Import 2591614:,/EFT/RECEIPT,2,,,,,0,800,Posted
05-09-2024,01.12102.000.0000.000.3706008.00000.000,eHIS,HIS_COLLECTION,3081967 HIS_COLLECTION 3358005YT7JQCWYLTG43,500167812,Journal Import 2591614:,/CASH/RECEIPT,2,,,,,0,500,Posted
05-09-2024,01.12102.000.0000.000.3706008.00000.000,eHIS,HIS_COLLECTION,3081974 HIS_COLLECTION 3358005YT7JQCWYLTG43,500168206,Journal Import 2591614:,/EFT/RECEIPT,2,,,,,0,1300,Posted
05-09-2024,01.12102.000.0000.000.3706008.00000.000,eHIS,HIS_COLLECTION,3081991 HIS_COLLECTION 3358005YT7JQCWYLTG43,500168151,Journal Import 2591614:,/EFT/RECEIPT,2,,,,,0,800,Posted
05-09-2024,01.12102.000.0000.000.3706008.00000.000,eHIS,HIS_COLLECTION,3081993 HIS_COLLECTION 3358005YT7JQCWYLTG43,500168238,Journal Import 2591614:,/EFT/RECEIPT,2,,,,,0,1950,Posted
05-09-2024,01.12102.000.0000.000.3706008.00000.000,eHIS,HIS_COLLECTION,3081995 HIS_COLLECTION 3358005YT7JQCWYLTG43,500168188,Journal Import 2591614:,/CASH/RECEIPT,2,,,,,0,1300,Posted
05-09-2024,01.12102.000.0000.000.3706008.00000.000,eHIS,HIS_COLLECTION,3081997 HIS_COLLECTION 3358005YT7JQCWYLTG43,500167960,Journal Import 2591614:,/CASH/RECEIPT,2,,,,,0,800,Posted
05-09-2024,01.12102.000.0000.000.3706008.00000.000,eHIS,HIS_COLLECTION,3082003 HIS_COLLECTION 3358005YT7JQCWYLTG43,500168022,Journal Import 2591614:,/CASH/RECEIPT,2,,,,,0,900,Posted
05-09-2024,01.12102.000.0000.000.3706008.00000.000,eHIS,HIS_COLLECTION,3082007 HIS_COLLECTION 3358005YT7JQCWYLTG43,500167716,Journal Import 2591614:,/CASH/RECEIPT,2,,,,,0,1120,Posted
05-09-2024,01.12102.000.0000.000.3706008.00000.000,eHIS,HIS_COLLECTION,3082013 HIS_COLLECTION 3358005YT7JQCWYLTG43,500167936,Journal Import 2591614:,/CASH/RECEIPT,2,,,,,0,380,Posted
05-09-2024,01.12102.000.0000.000.3706008.00000.000,eHIS,HIS_COLLECTION,3082014 HIS_COLLECTION 3358005YT7JQCWYLTG43,500168224,Journal Import 2591614:,/EFT/RECEIPT,2,,,,,0,420,Posted
05-09-2024,01.12102.000.0000.000.3706008.00000.000,eHIS,HIS_COLLECTION,3082017 HIS_COLLECTION 3358005YT7JQCWYLTG43,500168205,Journal Import 2591614:,/EFT/RECEIPT,2,,,,,0,250,Posted
05-09-2024,01.12102.000.0000.000.3706008.00000.000,eHIS,HIS_COLLECTION,3082032 HIS_COLLECTION 3358005YT7JQCWYLTG43,500168179,Journal Import 2591614:,/CASH/RECEIPT,2,,,,,0,1200,Posted
05-09-2024,01.12102.000.0000.000.3706008.00000.000,eHIS,HIS_COLLECTION,3082041 HIS_COLLECTION 3358005YT7JQCWYLTG43,500168233,Journal Import 2591614:,/CARD/RECEIPT,2,,,,,0,1850,Posted
05-09-2024,01.12102.000.0000.000.3706008.00000.000,eHIS,HIS_COLLECTION,3082048 HIS_COLLECTION 3358005YT7JQCWYLTG43,500167942,Journal Import 2591614:,/CASH/RECEIPT,2,,,,,0,1000,Posted
05-09-2024,01.12102.000.0000.000.3706008.00000.000,eHIS,HIS_COLLECTION,3082071 HIS_COLLECTION 3358005YT7JQCWYLTG43,500167961,Journal Import 2591614:,/CASH/RECEIPT,2,,,,,0,800,Posted
05-09-2024,01.12102.000.0000.000.3706008.00000.000,eHIS,HIS_COLLECTION,3082073 HIS_COLLECTION 3358005YT7JQCWYLTG43,500167677,Journal Import 2591614:,/CASH/RECEIPT,2,,,,,0,750,Posted
05-09-2024,01.12102.000.0000.000.3706008.00000.000,eHIS,HIS_COLLECTION,3082087 HIS_COLLECTION 3358005YT7JQCWYLTG43,500167749,Journal Import 2591614:,/CASH/RECEIPT,2,,,,,0,600,Posted
05-09-2024,01.12102.000.0000.000.3706008.00000.000,eHIS,HIS_COLLECTION,3082088 HIS_COLLECTION 3358005YT7JQCWYLTG43,500168182,Journal Import 2591614:,/EFT/RECEIPT,2,,,,,0,100,Posted
05-09-2024,01.12102.000.0000.000.3706008.00000.000,eHIS,HIS_COLLECTION,3082103 HIS_COLLECTION 3358005YT7JQCWYLTG43,500168144,Journal Import 2591614:,/CASH/REFUND,2,,,,,250,0,Posted
05-09-2024,01.12102.000.0000.000.3706008.00000.000,eHIS,HIS_COLLECTION,3082105 HIS_COLLECTION 3358005YT7JQCWYLTG43,500168272,Journal Import 2591614:,/CASH/REFUND,2,,,,,800,0,Posted
05-09-2024,01.12102.000.0000.000.3706008.00000.000,eHIS,HIS_COLLECTION,3082107 HIS_COLLECTION 3358005YT7JQCWYLTG43,500167933,Journal Import 2591614:,/CASH/RECEIPT,2,,,,,0,350,Posted
05-09-2024,01.12102.000.0000.000.3706008.00000.000,eHIS,HIS_COLLECTION,3082112 HIS_COLLECTION 3358005YT7JQCWYLTG43,500168127,Journal Import 2591614:,/EFT/RECEIPT,2,,,,,0,704,Posted
05-09-2024,01.12102.000.0000.000.3706008.00000.000,eHIS,HIS_COLLECTION,3082117 HIS_COLLECTION 3358005YT7JQCWYLTG43,500168183,Journal Import 2591614:,/EFT/RECEIPT,2,,,,,0,100,Posted
05-09-2024,01.12102.000.0000.000.3706008.00000.000,eHIS,HIS_COLLECTION,3082119 HIS_COLLECTION 3358005YT7JQCWYLTG43,500168245,Journal Import 2591614:,/CASH/RECEIPT,2,,,,,0,810,Posted
05-09-2024,01.12102.000.0000.000.3706008.00000.000,eHIS,HIS_COLLECTION,3082125 HIS_COLLECTION 3358005YT7JQCWYLTG43,500167675,Journal Import 2591614:,/CASH/RECEIPT,2,,,,,0,40,Posted
05-09-2024,01.12102.000.0000.000.3706008.00000.000,eHIS,HIS_COLLECTION,3082126 HIS_COLLECTION 3358005YT7JQCWYLTG43,500168156,Journal Import 2591614:,/EFT/RECEIPT,2,,,,,0,5000,Posted
05-09-2024,01.12102.000.0000.000.3706008.00000.000,eHIS,HIS_COLLECTION,3082133 HIS_COLLECTION 3358005YT7JQCWYLTG43,500167934,Journal Import 2591614:,/CASH/RECEIPT,2,,,,,0,350,Posted
05-09-2024,01.12102.000.0000.000.3706008.00000.000,eHIS,HIS_COLLECTION,3082140 HIS_COLLECTION 3358005YT7JQCWYLTG43,500168196,Journal Import 2591614:,/EFT/RECEIPT,2,,,,,0,1100,Posted
05-09-2024,01.12102.000.0000.000.3706008.00000.000,eHIS,HIS_COLLECTION,3082147 HIS_COLLECTION 3358005YT7JQCWYLTG43,500168152,Journal Import 2591614:,/CARD/RECEIPT,2,,,,,0,800,Posted
05-09-2024,01.12102.000.0000.000.3706008.00000.000,eHIS,HIS_COLLECTION,3082149 HIS_COLLECTION 3358005YT7JQCWYLTG43,500168114,Journal Import 2591614:,/CASH/RECEIPT,2,,,,,0,6100,Posted
05-09-2024,01.12102.000.0000.000.3706008.00000.000,eHIS,HIS_COLLECTION,3082172 HIS_COLLECTION 3358005YT7JQCWYLTG43,500168125,Journal Import 2591614:,/EFT/RECEIPT,2,,,,,0,700,Posted
05-09-2024,01.12102.000.0000.000.3706008.00000.000,eHIS,HIS_COLLECTION,3082188 HIS_COLLECTION 3358005YT7JQCWYLTG43,500168126,Journal Import 2591614:,/EFT/RECEIPT,2,,,,,0,700,Posted
05-09-2024,01.12102.000.0000.000.3706008.00000.000,eHIS,HIS_COLLECTION,3082193 HIS_COLLECTION 3358005YT7JQCWYLTG43,500167813,Journal Import 2591614:,/CASH/RECEIPT,2,,,,,0,500,Posted
05-09-2024,01.12102.000.0000.000.3706008.00000.000,eHIS,HIS_COLLECTION,3082203 HIS_COLLECTION 3358005YT7JQCWYLTG43,500168213,Journal Import 2591614:,/CASH/RECEIPT,2,,,,,0,1850,Posted
05-09-2024,01.12102.000.0000.000.3706008.00000.000,eHIS,HIS_COLLECTION,3082205 HIS_COLLECTION 3358005YT7JQCWYLTG43,500168203,Journal Import 2591614:,/CASH/RECEIPT,2,,,,,0,1650,Posted
05-09-2024,01.12102.000.0000.000.3706008.00000.000,eHIS,HIS_COLLECTION,3082238 HIS_COLLECTION 3358005YT7JQCWYLTG43,500167943,Journal Import 2591614:,/CASH/RECEIPT,2,,,,,0,1000,Posted
05-09-2024,01.12102.000.0000.000.3706008.00000.000,eHIS,HIS_COLLECTION,3082280 HIS_COLLECTION 3358005YT7JQCWYLTG43,500168234,Journal Import 2591614:,/EFT/RECEIPT,2,,,,,0,1850,Posted
06-09-2024,01.12102.000.0000.000.3706008.00000.000,eHIS,HIS_COLLECTION,3082309 HIS_COLLECTION 3358005YT7JQCWYLTG43,500168848,Journal Import 2591614:,/EFT/RECEIPT,2,,,,,0,425,Posted
06-09-2024,01.12102.000.0000.000.3706008.00000.000,eHIS,HIS_COLLECTION,3082345 HIS_COLLECTION 3358005YT7JQCWYLTG43,500168763,Journal Import 2591614:,/EFT/RECEIPT,2,,,,,0,2450,Posted
06-09-2024,01.12102.000.0000.000.3706008.00000.000,eHIS,HIS_COLLECTION,3082347 HIS_COLLECTION 3358005YT7JQCWYLTG43,500168710,Journal Import 2591614:,/CASH/RECEIPT,2,,,,,0,200,Posted
06-09-2024,01.12102.000.0000.000.3706008.00000.000,eHIS,HIS_COLLECTION,3082373 HIS_COLLECTION 3358005YT7JQCWYLTG43,500168857,Journal Import 2591614:,/EFT/RECEIPT,2,,,,,0,1850,Posted
06-09-2024,01.12102.000.0000.000.3706008.00000.000,eHIS,HIS_COLLECTION,3082376 HIS_COLLECTION 3358005YT7JQCWYLTG43,500168858,Journal Import 2591614:,/EFT/RECEIPT,2,,,,,0,1850,Posted
06-09-2024,01.12102.000.0000.000.3706008.00000.000,eHIS,HIS_COLLECTION,3082403 HIS_COLLECTION 3358005YT7JQCWYLTG43,500168802,Journal Import 2591614:,/CASH/RECEIPT,2,,,,,0,100,Posted
06-09-2024,01.12102.000.0000.000.3706008.00000.000,eHIS,HIS_COLLECTION,3082411 HIS_COLLECTION 3358005YT7JQCWYLTG43,500168803,Journal Import 2591614:,/CASH/RECEIPT,2,,,,,0,100,Posted
06-09-2024,01.12102.000.0000.000.3706008.00000.000,eHIS,HIS_COLLECTION,3082421 HIS_COLLECTION 3358005YT7JQCWYLTG43,500168466,Journal Import 2591614:,/CASH/RECEIPT,2,,,,,0,700,Posted
06-09-2024,01.12102.000.0000.000.3706008.00000.000,eHIS,HIS_COLLECTION,3082423 HIS_COLLECTION 3358005YT7JQCWYLTG43,500168467,Journal Import 2591614:,/CASH/RECEIPT,2,,,,,0,700,Posted
06-09-2024,01.12102.000.0000.000.3706008.00000.000,eHIS,HIS_COLLECTION,3082425 HIS_COLLECTION 3358005YT7JQCWYLTG43,500168468,Journal Import 2591614:,/CASH/RECEIPT,2,,,,,0,700,Posted
06-09-2024,01.12102.000.0000.000.3706008.00000.000,eHIS,HIS_COLLECTION,3082427 HIS_COLLECTION 3358005YT7JQCWYLTG43,500168469,Journal Import 2591614:,/CASH/RECEIPT,2,,,,,0,700,Posted
06-09-2024,01.12102.000.0000.000.3706008.00000.000,eHIS,HIS_COLLECTION,3082429 HIS_COLLECTION 3358005YT7JQCWYLTG43,500168470,Journal Import 2591614:,/CASH/RECEIPT,2,,,,,0,700,Posted
06-09-2024,01.12102.000.0000.000.3706008.00000.000,eHIS,HIS_COLLECTION,3082433 HIS_COLLECTION 3358005YT7JQCWYLTG43,500168471,Journal Import 2591614:,/CASH/RECEIPT,2,,,,,0,700,Posted
06-09-2024,01.12102.000.0000.000.3706008.00000.000,eHIS,HIS_COLLECTION,3082435 HIS_COLLECTION 3358005YT7JQCWYLTG43,500168472,Journal Import 2591614:,/CASH/RECEIPT,2,,,,,0,700,Posted
06-09-2024,01.12102.000.0000.000.3706008.00000.000,eHIS,HIS_COLLECTION,3082437 HIS_COLLECTION 3358005YT7JQCWYLTG43,500168397,Journal Import 2591614:,/CASH/RECEIPT,2,,,,,0,700,Posted
06-09-2024,01.12102.000.0000.000.3706008.00000.000,eHIS,HIS_COLLECTION,3082439 HIS_COLLECTION 3358005YT7JQCWYLTG43,500168398,Journal Import 2591614:,/CASH/RECEIPT,2,,,,,0,700,Posted
06-09-2024,01.12102.000.0000.000.3706008.00000.000,eHIS,HIS_COLLECTION,3082442 HIS_COLLECTION 3358005YT7JQCWYLTG43,500168399,Journal Import 2591614:,/CASH/RECEIPT,2,,,,,0,700,Posted
06-09-2024,01.12102.000.0000.000.3706008.00000.000,eHIS,HIS_COLLECTION,3082445 HIS_COLLECTION 3358005YT7JQCWYLTG43,500168400,Journal Import 2591614:,/CASH/RECEIPT,2,,,,,0,700,Posted
06-09-2024,01.12102.000.0000.000.3706008.00000.000,eHIS,HIS_COLLECTION,3082447 HIS_COLLECTION 3358005YT7JQCWYLTG43,500168401,Journal Import 2591614:,/CASH/RECEIPT,2,,,,,0,700,Posted
06-09-2024,01.12102.000.0000.000.3706008.00000.000,eHIS,HIS_COLLECTION,3082451 HIS_COLLECTION 3358005YT7JQCWYLTG43,500168402,Journal Import 2591614:,/CASH/RECEIPT,2,,,,,0,700,Posted
06-09-2024,01.12102.000.0000.000.3706008.00000.000,eHIS,HIS_COLLECTION,3082455 HIS_COLLECTION 3358005YT7JQCWYLTG43,500168403,Journal Import 2591614:,/CASH/RECEIPT,2,,,,,0,700,Posted
06-09-2024,01.12102.000.0000.000.3706008.00000.000,eHIS,HIS_COLLECTION,3082457 HIS_COLLECTION 3358005YT7JQCWYLTG43,500168404,Journal Import 2591614:,/CASH/RECEIPT,2,,,,,0,700,Posted
06-09-2024,01.12102.000.0000.000.3706008.00000.000,eHIS,HIS_COLLECTION,3082459 HIS_COLLECTION 3358005YT7JQCWYLTG43,500168526,Journal Import 2591614:,/CASH/RECEIPT,2,,,,,0,500,Posted
06-09-2024,01.12102.000.0000.000.3706008.00000.000,eHIS,HIS_COLLECTION,3082461 HIS_COLLECTION 3358005YT7JQCWYLTG43,500168405,Journal Import 2591614:,/CASH/RECEIPT,2,,,,,0,700,Posted
06-09-2024,01.12102.000.0000.000.3706008.00000.000,eHIS,HIS_COLLECTION,3082463 HIS_COLLECTION 3358005YT7JQCWYLTG43,500168406,Journal Import 2591614:,/CASH/RECEIPT,2,,,,,0,700,Posted
06-09-2024,01.12102.000.0000.000.3706008.00000.000,eHIS,HIS_COLLECTION,3082465 HIS_COLLECTION 3358005YT7JQCWYLTG43,500168407,Journal Import 2591614:,/CASH/RECEIPT,2,,,,,0,700,Posted
06-09-2024,01.12102.000.0000.000.3706008.00000.000,eHIS,HIS_COLLECTION,3082467 HIS_COLLECTION 3358005YT7JQCWYLTG43,500168408,Journal Import 2591614:,/CASH/RECEIPT,2,,,,,0,700,Posted
06-09-2024,01.12102.000.0000.000.3706008.00000.000,eHIS,HIS_COLLECTION,3082476 HIS_COLLECTION 3358005YT7JQCWYLTG43,500168876,Journal Import 2591614:,/EFT/RECEIPT,2,,,,,0,510,Posted
06-09-2024,01.12102.000.0000.000.3706008.00000.000,eHIS,HIS_COLLECTION,3082478 HIS_COLLECTION 3358005YT7JQCWYLTG43,500168859,Journal Import 2591614:,/EFT/RECEIPT,2,,,,,0,1850,Posted
06-09-2024,01.12102.000.0000.000.3706008.00000.000,eHIS,HIS_COLLECTION,3082480 HIS_COLLECTION 3358005YT7JQCWYLTG43,500168464,Journal Import 2591614:,/CASH/RECEIPT,2,,,,,0,650,Posted
06-09-2024,01.12102.000.0000.000.3706008.00000.000,eHIS,HIS_COLLECTION,3082482 HIS_COLLECTION 3358005YT7JQCWYLTG43,500168645,Journal Import 2591614:,/CASH/RECEIPT,2,,,,,0,1000,Posted
07-09-2024,01.12102.000.0000.000.3706008.00000.000,eHIS,HIS_COLLECTION,3082499 HIS_COLLECTION 3358005YT7JQCWYLTG43,500169012,Journal Import 2599930:,/EFT/RECEIPT,2,,,,,0,6900,Posted
07-09-2024,01.12102.000.0000.000.3706008.00000.000,eHIS,HIS_COLLECTION,3082501 HIS_COLLECTION 3358005YT7JQCWYLTG43,500168946,Journal Import 2599930:,/EFT/RECEIPT,2,,,,,0,6900,Posted
06-09-2024,01.12102.000.0000.000.3706008.00000.000,eHIS,HIS_COLLECTION,3082503 HIS_COLLECTION 3358005YT7JQCWYLTG43,500168866,Journal Import 2591614:,/CASH/RECEIPT,2,,,,,0,3975,Posted
06-09-2024,01.12102.000.0000.000.3706008.00000.000,eHIS,HIS_COLLECTION,3082505 HIS_COLLECTION 3358005YT7JQCWYLTG43,500168867,Journal Import 2591614:,/CASH/RECEIPT,2,,,,,0,3975,Posted
06-09-2024,01.12102.000.0000.000.3706008.00000.000,eHIS,HIS_COLLECTION,3082521 HIS_COLLECTION 3358005YT7JQCWYLTG43,500168646,Journal Import 2591614:,/CASH/RECEIPT,2,,,,,0,1000,Posted
06-09-2024,01.12102.000.0000.000.3706008.00000.000,eHIS,HIS_COLLECTION,3082526 HIS_COLLECTION 3358005YT7JQCWYLTG43,500168854,Journal Import 2591614:,/CASH/RECEIPT,2,,,,,0,2600,Posted
06-09-2024,01.12102.000.0000.000.3706008.00000.000,eHIS,HIS_COLLECTION,3082530 HIS_COLLECTION 3358005YT7JQCWYLTG43,500168917,Journal Import 2591614:,/EFT/RECEIPT,2,,,,,0,5888,Posted
07-09-2024,01.12102.000.0000.000.3706008.00000.000,eHIS,HIS_COLLECTION,3082537 HIS_COLLECTION 3358005YT7JQCWYLTG43,500169011,Journal Import 2599930:,/EFT/RECEIPT,2,,,,,0,4025,Posted
06-09-2024,01.12102.000.0000.000.3706008.00000.000,eHIS,HIS_COLLECTION,3082539 HIS_COLLECTION 3358005YT7JQCWYLTG43,500168713,Journal Import 2591614:,/CASH/RECEIPT,2,,,,,0,1062,Posted
07-09-2024,01.12102.000.0000.000.3706008.00000.000,eHIS,HIS_COLLECTION,3082540 HIS_COLLECTION 3358005YT7JQCWYLTG43,500169010,Journal Import 2599930:,/EFT/RECEIPT,2,,,,,0,2963,Posted
06-09-2024,01.12102.000.0000.000.3706008.00000.000,eHIS,HIS_COLLECTION,3082550 HIS_COLLECTION 3358005YT7JQCWYLTG43,500168755,Journal Import 2591614:,/EFT/RECEIPT,2,,,,,0,2330,Posted
06-09-2024,01.12102.000.0000.000.3706008.00000.000,eHIS,HIS_COLLECTION,3082554 HIS_COLLECTION 3358005YT7JQCWYLTG43,500168856,Journal Import 2591614:,/CASH/RECEIPT,2,,,,,0,3100,Posted
06-09-2024,01.12102.000.0000.000.3706008.00000.000,eHIS,HIS_COLLECTION,3082557 HIS_COLLECTION 3358005YT7JQCWYLTG43,500168849,Journal Import 2591614:,/EFT/RECEIPT,2,,,,,0,450,Posted
06-09-2024,01.12102.000.0000.000.3706008.00000.000,eHIS,HIS_COLLECTION,3082567 HIS_COLLECTION 3358005YT7JQCWYLTG43,500168943,Journal Import 2591614:,/EFT/RECEIPT,2,,,,,0,1080,Posted
06-09-2024,01.12102.000.0000.000.3706008.00000.000,eHIS,HIS_COLLECTION,3082621 HIS_COLLECTION 3358005YT7JQCWYLTG43,500168804,Journal Import 2591614:,/CASH/RECEIPT,2,,,,,0,100,Posted
06-09-2024,01.12102.000.0000.000.3706008.00000.000,eHIS,HIS_COLLECTION,3082632 HIS_COLLECTION 3358005YT7JQCWYLTG43,500168805,Journal Import 2591614:,/CASH/RECEIPT,2,,,,,0,100,Posted
06-09-2024,01.12102.000.0000.000.3706008.00000.000,eHIS,HIS_COLLECTION,3082649 HIS_COLLECTION 3358005YT7JQCWYLTG43,500168841,Journal Import 2591614:,/CASH/RECEIPT,2,,,,,0,1930,Posted
06-09-2024,01.12102.000.0000.000.3706008.00000.000,eHIS,HIS_COLLECTION,3082685 HIS_COLLECTION 3358005YT7JQCWYLTG43,500168932,Journal Import 2591614:,/CASH/RECEIPT,2,,,,,0,1200,Posted
06-09-2024,01.12102.000.0000.000.3706008.00000.000,eHIS,HIS_COLLECTION,3082748 HIS_COLLECTION 3358005YT7JQCWYLTG43,500168714,Journal Import 2591614:,/CASH/RECEIPT,2,,,,,0,1100,Posted
06-09-2024,01.12102.000.0000.000.3706008.00000.000,eHIS,HIS_COLLECTION,3082762 HIS_COLLECTION 3358005YT7JQCWYLTG43,500168806,Journal Import 2591614:,/CASH/RECEIPT,2,,,,,0,100,Posted
06-09-2024,01.12102.000.0000.000.3706008.00000.000,eHIS,HIS_COLLECTION,3082766 HIS_COLLECTION 3358005YT7JQCWYLTG43,500168715,Journal Import 2591614:,/CASH/RECEIPT,2,,,,,0,1100,Posted
06-09-2024,01.12102.000.0000.000.3706008.00000.000,eHIS,HIS_COLLECTION,3082775 HIS_COLLECTION 3358005YT7JQCWYLTG43,500168860,Journal Import 2591614:,/EFT/RECEIPT,2,,,,,0,1850,Posted
06-09-2024,01.12102.000.0000.000.3706008.00000.000,eHIS,HIS_COLLECTION,3082783 HIS_COLLECTION 3358005YT7JQCWYLTG43,500168933,Journal Import 2591614:,/CASH/RECEIPT,2,,,,,0,1200,Posted
06-09-2024,01.12102.000.0000.000.3706008.00000.000,eHIS,HIS_COLLECTION,3082800 HIS_COLLECTION 3358005YT7JQCWYLTG43,500168934,Journal Import 2591614:,/CASH/RECEIPT,2,,,,,0,1200,Posted
06-09-2024,01.12102.000.0000.000.3706008.00000.000,eHIS,HIS_COLLECTION,3082812 HIS_COLLECTION 3358005YT7JQCWYLTG43,500168781,Journal Import 2591614:,/EFT/RECEIPT,2,,,,,0,800,Posted
07-09-2024,01.12102.000.0000.000.3706008.00000.000,eHIS,HIS_COLLECTION,3082814 HIS_COLLECTION 3358005YT7JQCWYLTG43,500169008,Journal Import 2599930:,/EFT/RECEIPT,2,,,,,0,350,Posted
06-09-2024,01.12102.000.0000.000.3706008.00000.000,eHIS,HIS_COLLECTION,3082818 HIS_COLLECTION 3358005YT7JQCWYLTG43,500168527,Journal Import 2591614:,/CASH/RECEIPT,2,,,,,0,500,Posted
06-09-2024,01.12102.000.0000.000.3706008.00000.000,eHIS,HIS_COLLECTION,3082822 HIS_COLLECTION 3358005YT7JQCWYLTG43,500168313,Journal Import 2591614:,/CASH/RECEIPT,2,,,,,0,10,Posted
06-09-2024,01.12102.000.0000.000.3706008.00000.000,eHIS,HIS_COLLECTION,3082823 HIS_COLLECTION 3358005YT7JQCWYLTG43,500168771,Journal Import 2591614:,/EFT/RECEIPT,2,,,,,0,3400,Posted
06-09-2024,01.12102.000.0000.000.3706008.00000.000,eHIS,HIS_COLLECTION,3082827 HIS_COLLECTION 3358005YT7JQCWYLTG43,500168935,Journal Import 2591614:,/CASH/RECEIPT,2,,,,,0,1200,Posted
06-09-2024,01.12102.000.0000.000.3706008.00000.000,eHIS,HIS_COLLECTION,3082831 HIS_COLLECTION 3358005YT7JQCWYLTG43,500168877,Journal Import 2591614:,/EFT/RECEIPT,2,,,,,0,510,Posted
06-09-2024,01.12102.000.0000.000.3706008.00000.000,eHIS,HIS_COLLECTION,3082835 HIS_COLLECTION 3358005YT7JQCWYLTG43,500168828,Journal Import 2591614:,/CASH/RECEIPT,2,,,,,0,1610,Posted
06-09-2024,01.12102.000.0000.000.3706008.00000.000,eHIS,HIS_COLLECTION,3082841 HIS_COLLECTION 3358005YT7JQCWYLTG43,500168915,Journal Import 2591614:,/EFT/RECEIPT,2,,,,,0,5700,Posted
06-09-2024,01.12102.000.0000.000.3706008.00000.000,eHIS,HIS_COLLECTION,3082847 HIS_COLLECTION 3358005YT7JQCWYLTG43,500168861,Journal Import 2591614:,/CARD/RECEIPT,2,,,,,0,1850,Posted
06-09-2024,01.12102.000.0000.000.3706008.00000.000,eHIS,HIS_COLLECTION,3082849 HIS_COLLECTION 3358005YT7JQCWYLTG43,500168826,Journal Import 2591614:,/CASH/RECEIPT,2,,,,,0,1550,Posted
06-09-2024,01.12102.000.0000.000.3706008.00000.000,eHIS,HIS_COLLECTION,3082853 HIS_COLLECTION 3358005YT7JQCWYLTG43,500168868,Journal Import 2591614:,/CASH/RECEIPT,2,,,,,0,4000,Posted
06-09-2024,01.12102.000.0000.000.3706008.00000.000,eHIS,HIS_COLLECTION,3082859 HIS_COLLECTION 3358005YT7JQCWYLTG43,500168782,Journal Import 2591614:,/EFT/RECEIPT,2,,,,,0,800,Posted
06-09-2024,01.12102.000.0000.000.3706008.00000.000,eHIS,HIS_COLLECTION,3082861 HIS_COLLECTION 3358005YT7JQCWYLTG43,500168564,Journal Import 2591614:,/CASH/RECEIPT,2,,,,,0,800,Posted
06-09-2024,01.12102.000.0000.000.3706008.00000.000,eHIS,HIS_COLLECTION,3082863 HIS_COLLECTION 3358005YT7JQCWYLTG43,500168764,Journal Import 2591614:,/EFT/RECEIPT,2,,,,,0,2500,Posted
06-09-2024,01.12102.000.0000.000.3706008.00000.000,eHIS,HIS_COLLECTION,3082867 HIS_COLLECTION 3358005YT7JQCWYLTG43,500168348,Journal Import 2591614:,/CASH/RECEIPT,2,,,,,0,74,Posted
06-09-2024,01.12102.000.0000.000.3706008.00000.000,eHIS,HIS_COLLECTION,3082872 HIS_COLLECTION 3358005YT7JQCWYLTG43,500168773,Journal Import 2591614:,/CARD/RECEIPT,2,,,,,0,3550,Posted
06-09-2024,01.12102.000.0000.000.3706008.00000.000,eHIS,HIS_COLLECTION,3082882 HIS_COLLECTION 3358005YT7JQCWYLTG43,500168924,Journal Import 2591614:,/CARD/RECEIPT,2,,,,,0,900,Posted
06-09-2024,01.12102.000.0000.000.3706008.00000.000,eHIS,HIS_COLLECTION,3082884 HIS_COLLECTION 3358005YT7JQCWYLTG43,500168759,Journal Import 2591614:,/CARD/RECEIPT,2,,,,,0,650,Posted
06-09-2024,01.12102.000.0000.000.3706008.00000.000,eHIS,HIS_COLLECTION,3082893 HIS_COLLECTION 3358005YT7JQCWYLTG43,500168827,Journal Import 2591614:,/CASH/RECEIPT,2,,,,,0,1550,Posted
06-09-2024,01.12102.000.0000.000.3706008.00000.000,eHIS,HIS_COLLECTION,3082895 HIS_COLLECTION 3358005YT7JQCWYLTG43,500168833,Journal Import 2591614:,/EFT/RECEIPT,2,,,,,0,1300,Posted
06-09-2024,01.12102.000.0000.000.3706008.00000.000,eHIS,HIS_COLLECTION,3082904 HIS_COLLECTION 3358005YT7JQCWYLTG43,500168875,Journal Import 2591614:,/CASH/RECEIPT,2,,,,,0,8900,Posted
06-09-2024,01.12102.000.0000.000.3706008.00000.000,eHIS,HIS_COLLECTION,3082910 HIS_COLLECTION 3358005YT7JQCWYLTG43,500168869,Journal Import 2591614:,/CASH/RECEIPT,2,,,,,0,4800,Posted
06-09-2024,01.12102.000.0000.000.3706008.00000.000,eHIS,HIS_COLLECTION,3082912 HIS_COLLECTION 3358005YT7JQCWYLTG43,500168769,Journal Import 2591614:,/EFT/RECEIPT,2,,,,,0,700,Posted
06-09-2024,01.12102.000.0000.000.3706008.00000.000,eHIS,HIS_COLLECTION,3082926 HIS_COLLECTION 3358005YT7JQCWYLTG43,500168754,Journal Import 2591614:,/EFT/RECEIPT,2,,,,,0,2300,Posted
06-09-2024,01.12102.000.0000.000.3706008.00000.000,eHIS,HIS_COLLECTION,3082931 HIS_COLLECTION 3358005YT7JQCWYLTG43,500168945,Journal Import 2591614:,/CASH/RECEIPT,2,,,,,0,1300,Posted
06-09-2024,01.12102.000.0000.000.3706008.00000.000,eHIS,HIS_COLLECTION,3082935 HIS_COLLECTION 3358005YT7JQCWYLTG43,500168528,Journal Import 2591614:,/CASH/RECEIPT,2,,,,,0,500,Posted
06-09-2024,01.12102.000.0000.000.3706008.00000.000,eHIS,HIS_COLLECTION,3082936 HIS_COLLECTION 3358005YT7JQCWYLTG43,500168821,Journal Import 2591614:,/EFT/RECEIPT,2,,,,,0,200,Posted
06-09-2024,01.12102.000.0000.000.3706008.00000.000,eHIS,HIS_COLLECTION,3082939 HIS_COLLECTION 3358005YT7JQCWYLTG43,500168936,Journal Import 2591614:,/CASH/RECEIPT,2,,,,,0,1200,Posted
06-09-2024,01.12102.000.0000.000.3706008.00000.000,eHIS,HIS_COLLECTION,3082949 HIS_COLLECTION 3358005YT7JQCWYLTG43,500168363,Journal Import 2591614:,/CASH/RECEIPT,2,,,,,0,1100,Posted
06-09-2024,01.12102.000.0000.000.3706008.00000.000,eHIS,HIS_COLLECTION,3082953 HIS_COLLECTION 3358005YT7JQCWYLTG43,500168647,Journal Import 2591614:,/CASH/RECEIPT,2,,,,,0,1000,Posted
06-09-2024,01.12102.000.0000.000.3706008.00000.000,eHIS,HIS_COLLECTION,3082956 HIS_COLLECTION 3358005YT7JQCWYLTG43,500168822,Journal Import 2591614:,/CARD/RECEIPT,2,,,,,0,200,Posted
06-09-2024,01.12102.000.0000.000.3706008.00000.000,eHIS,HIS_COLLECTION,3082960 HIS_COLLECTION 3358005YT7JQCWYLTG43,500168733,Journal Import 2591614:,/CASH/RECEIPT,2,,,,,0,900,Posted
06-09-2024,01.12102.000.0000.000.3706008.00000.000,eHIS,HIS_COLLECTION,3082979 HIS_COLLECTION 3358005YT7JQCWYLTG43,500168364,Journal Import 2591614:,/CASH/RECEIPT,2,,,,,0,1100,Posted
06-09-2024,01.12102.000.0000.000.3706008.00000.000,eHIS,HIS_COLLECTION,3082986 HIS_COLLECTION 3358005YT7JQCWYLTG43,500168565,Journal Import 2591614:,/CASH/RECEIPT,2,,,,,0,800,Posted
06-09-2024,01.12102.000.0000.000.3706008.00000.000,eHIS,HIS_COLLECTION,3083010 HIS_COLLECTION 3358005YT7JQCWYLTG43,500168566,Journal Import 2591614:,/CASH/RECEIPT,2,,,,,0,800,Posted
06-09-2024,01.12102.000.0000.000.3706008.00000.000,eHIS,HIS_COLLECTION,3083019 HIS_COLLECTION 3358005YT7JQCWYLTG43,500168783,Journal Import 2591614:,/EFT/RECEIPT,2,,,,,0,800,Posted
06-09-2024,01.12102.000.0000.000.3706008.00000.000,eHIS,HIS_COLLECTION,3083031 HIS_COLLECTION 3358005YT7JQCWYLTG43,500168784,Journal Import 2591614:,/EFT/RECEIPT,2,,,,,0,800,Posted
06-09-2024,01.12102.000.0000.000.3706008.00000.000,eHIS,HIS_COLLECTION,3083037 HIS_COLLECTION 3358005YT7JQCWYLTG43,500168870,Journal Import 2591614:,/EFT/RECEIPT,2,,,,,0,500,Posted
06-09-2024,01.12102.000.0000.000.3706008.00000.000,eHIS,HIS_COLLECTION,3083047 HIS_COLLECTION 3358005YT7JQCWYLTG43,500168734,Journal Import 2591614:,/CASH/RECEIPT,2,,,,,0,900,Posted
06-09-2024,01.12102.000.0000.000.3706008.00000.000,eHIS,HIS_COLLECTION,3083064 HIS_COLLECTION 3358005YT7JQCWYLTG43,500168785,Journal Import 2591614:,/EFT/RECEIPT,2,,,,,0,800,Posted
06-09-2024,01.12102.000.0000.000.3706008.00000.000,eHIS,HIS_COLLECTION,3083086 HIS_COLLECTION 3358005YT7JQCWYLTG43,500168834,Journal Import 2591614:,/CARD/RECEIPT,2,,,,,0,1450,Posted
06-09-2024,01.12102.000.0000.000.3706008.00000.000,eHIS,HIS_COLLECTION,3083094 HIS_COLLECTION 3358005YT7JQCWYLTG43,500168879,Journal Import 2591614:,/CARD/RECEIPT,2,,,,,0,2150,Posted
06-09-2024,01.12102.000.0000.000.3706008.00000.000,eHIS,HIS_COLLECTION,3083100 HIS_COLLECTION 3358005YT7JQCWYLTG43,500168825,Journal Import 2591614:,/CASH/RECEIPT,2,,,,,0,1450,Posted
06-09-2024,01.12102.000.0000.000.3706008.00000.000,eHIS,HIS_COLLECTION,3083106 HIS_COLLECTION 3358005YT7JQCWYLTG43,500168529,Journal Import 2591614:,/CASH/RECEIPT,2,,,,,0,500,Posted
06-09-2024,01.12102.000.0000.000.3706008.00000.000,eHIS,HIS_COLLECTION,3083111 HIS_COLLECTION 3358005YT7JQCWYLTG43,500168850,Journal Import 2591614:,/CARD/RECEIPT,2,,,,,0,450,Posted
06-09-2024,01.12102.000.0000.000.3706008.00000.000,eHIS,HIS_COLLECTION,3083115 HIS_COLLECTION 3358005YT7JQCWYLTG43,500168760,Journal Import 2591614:,/EFT/RECEIPT,2,,,,,0,650,Posted
06-09-2024,01.12102.000.0000.000.3706008.00000.000,eHIS,HIS_COLLECTION,3083135 HIS_COLLECTION 3358005YT7JQCWYLTG43,500168530,Journal Import 2591614:,/CASH/RECEIPT,2,,,,,0,500,Posted
06-09-2024,01.12102.000.0000.000.3706008.00000.000,eHIS,HIS_COLLECTION,3083141 HIS_COLLECTION 3358005YT7JQCWYLTG43,500168824,Journal Import 2591614:,/EFT/RECEIPT,2,,,,,0,1100,Posted
06-09-2024,01.12102.000.0000.000.3706008.00000.000,eHIS,HIS_COLLECTION,3083157 HIS_COLLECTION 3358005YT7JQCWYLTG43,500168768,Journal Import 2591614:,/EFT/RECEIPT,2,,,,,0,3050,Posted
06-09-2024,01.12102.000.0000.000.3706008.00000.000,eHIS,HIS_COLLECTION,3083164 HIS_COLLECTION 3358005YT7JQCWYLTG43,500168567,Journal Import 2591614:,/CASH/RECEIPT,2,,,,,0,800,Posted
06-09-2024,01.12102.000.0000.000.3706008.00000.000,eHIS,HIS_COLLECTION,3083166 HIS_COLLECTION 3358005YT7JQCWYLTG43,500168873,Journal Import 2591614:,/EFT/RECEIPT,2,,,,,0,1920,Posted
06-09-2024,01.12102.000.0000.000.3706008.00000.000,eHIS,HIS_COLLECTION,3083176 HIS_COLLECTION 3358005YT7JQCWYLTG43,500168568,Journal Import 2591614:,/CASH/RECEIPT,2,,,,,0,800,Posted
06-09-2024,01.12102.000.0000.000.3706008.00000.000,eHIS,HIS_COLLECTION,3083180 HIS_COLLECTION 3358005YT7JQCWYLTG43,500168761,Journal Import 2591614:,/EFT/RECEIPT,2,,,,,0,650,Posted
06-09-2024,01.12102.000.0000.000.3706008.00000.000,eHIS,HIS_COLLECTION,3083188 HIS_COLLECTION 3358005YT7JQCWYLTG43,500168838,Journal Import 2591614:,/CASH/RECEIPT,2,,,,,0,1850,Posted
06-09-2024,01.12102.000.0000.000.3706008.00000.000,eHIS,HIS_COLLECTION,3083192 HIS_COLLECTION 3358005YT7JQCWYLTG43,500168465,Journal Import 2591614:,/CASH/RECEIPT,2,,,,,0,650,Posted
06-09-2024,01.12102.000.0000.000.3706008.00000.000,eHIS,HIS_COLLECTION,3083194 HIS_COLLECTION 3358005YT7JQCWYLTG43,500168872,Journal Import 2591614:,/EFT/RECEIPT,2,,,,,0,1856,Posted
06-09-2024,01.12102.000.0000.000.3706008.00000.000,eHIS,HIS_COLLECTION,3083199 HIS_COLLECTION 3358005YT7JQCWYLTG43,500168829,Journal Import 2591614:,/EFT/RECEIPT,2,,,,,0,250,Posted
06-09-2024,01.12102.000.0000.000.3706008.00000.000,eHIS,HIS_COLLECTION,3083205 HIS_COLLECTION 3358005YT7JQCWYLTG43,500168818,Journal Import 2591614:,/CASH/RECEIPT,2,,,,,0,1300,Posted
06-09-2024,01.12102.000.0000.000.3706008.00000.000,eHIS,HIS_COLLECTION,3083209 HIS_COLLECTION 3358005YT7JQCWYLTG43,500168916,Journal Import 2591614:,/EFT/RECEIPT,2,,,,,0,5700,Posted
06-09-2024,01.12102.000.0000.000.3706008.00000.000,eHIS,HIS_COLLECTION,3083220 HIS_COLLECTION 3358005YT7JQCWYLTG43,500168569,Journal Import 2591614:,/CASH/RECEIPT,2,,,,,0,800,Posted
06-09-2024,01.12102.000.0000.000.3706008.00000.000,eHIS,HIS_COLLECTION,3083222 HIS_COLLECTION 3358005YT7JQCWYLTG43,500168562,Journal Import 2591614:,/CASH/RECEIPT,2,,,,,0,400,Posted
06-09-2024,01.12102.000.0000.000.3706008.00000.000,eHIS,HIS_COLLECTION,3083223 HIS_COLLECTION 3358005YT7JQCWYLTG43,500168923,Journal Import 2591614:,/EFT/RECEIPT,2,,,,,0,10,Posted
06-09-2024,01.12102.000.0000.000.3706008.00000.000,eHIS,HIS_COLLECTION,3083227 HIS_COLLECTION 3358005YT7JQCWYLTG43,500168831,Journal Import 2591614:,/EFT/RECEIPT,2,,,,,0,1200,Posted
06-09-2024,01.12102.000.0000.000.3706008.00000.000,eHIS,HIS_COLLECTION,3083231 HIS_COLLECTION 3358005YT7JQCWYLTG43,500168786,Journal Import 2591614:,/EFT/RECEIPT,2,,,,,0,800,Posted
06-09-2024,01.12102.000.0000.000.3706008.00000.000,eHIS,HIS_COLLECTION,3083235 HIS_COLLECTION 3358005YT7JQCWYLTG43,500168766,Journal Import 2591614:,/EFT/RECEIPT,2,,,,,0,2920,Posted
06-09-2024,01.12102.000.0000.000.3706008.00000.000,eHIS,HIS_COLLECTION,3083237 HIS_COLLECTION 3358005YT7JQCWYLTG43,500168884,Journal Import 2591614:,/EFT/RECEIPT,2,,,,,0,800,Posted
06-09-2024,01.12102.000.0000.000.3706008.00000.000,eHIS,HIS_COLLECTION,3083250 HIS_COLLECTION 3358005YT7JQCWYLTG43,500168758,Journal Import 2591614:,/EFT/RECEIPT,2,,,,,0,600,Posted
06-09-2024,01.12102.000.0000.000.3706008.00000.000,eHIS,HIS_COLLECTION,3083267 HIS_COLLECTION 3358005YT7JQCWYLTG43,500168712,Journal Import 2591614:,/CASH/RECEIPT,2,,,,,0,1000,Posted
06-09-2024,01.12102.000.0000.000.3706008.00000.000,eHIS,HIS_COLLECTION,3083278 HIS_COLLECTION 3358005YT7JQCWYLTG43,500168735,Journal Import 2591614:,/CASH/RECEIPT,2,,,,,0,900,Posted
06-09-2024,01.12102.000.0000.000.3706008.00000.000,eHIS,HIS_COLLECTION,3083289 HIS_COLLECTION 3358005YT7JQCWYLTG43,500168941,Journal Import 2591614:,/CARD/RECEIPT,2,,,,,0,1000,Posted
06-09-2024,01.12102.000.0000.000.3706008.00000.000,eHIS,HIS_COLLECTION,3083291 HIS_COLLECTION 3358005YT7JQCWYLTG43,500168885,Journal Import 2591614:,/CARD/RECEIPT,2,,,,,0,800,Posted
06-09-2024,01.12102.000.0000.000.3706008.00000.000,eHIS,HIS_COLLECTION,3083299 HIS_COLLECTION 3358005YT7JQCWYLTG43,500168886,Journal Import 2591614:,/EFT/RECEIPT,2,,,,,0,800,Posted
06-09-2024,01.12102.000.0000.000.3706008.00000.000,eHIS,HIS_COLLECTION,3083303 HIS_COLLECTION 3358005YT7JQCWYLTG43,500168874,Journal Import 2591614:,/CASH/RECEIPT,2,,,,,0,8300,Posted
06-09-2024,01.12102.000.0000.000.3706008.00000.000,eHIS,HIS_COLLECTION,3083305 HIS_COLLECTION 3358005YT7JQCWYLTG43,500168570,Journal Import 2591614:,/CASH/RECEIPT,2,,,,,0,800,Posted
06-09-2024,01.12102.000.0000.000.3706008.00000.000,eHIS,HIS_COLLECTION,3083309 HIS_COLLECTION 3358005YT7JQCWYLTG43,500168531,Journal Import 2591614:,/CASH/RECEIPT,2,,,,,0,500,Posted
06-09-2024,01.12102.000.0000.000.3706008.00000.000,eHIS,HIS_COLLECTION,3083313 HIS_COLLECTION 3358005YT7JQCWYLTG43,500168844,Journal Import 2591614:,/CARD/RECEIPT,2,,,,,0,1500,Posted
06-09-2024,01.12102.000.0000.000.3706008.00000.000,eHIS,HIS_COLLECTION,3083316 HIS_COLLECTION 3358005YT7JQCWYLTG43,500168365,Journal Import 2591614:,/CASH/RECEIPT,2,,,,,0,1100,Posted
06-09-2024,01.12102.000.0000.000.3706008.00000.000,eHIS,HIS_COLLECTION,3083322 HIS_COLLECTION 3358005YT7JQCWYLTG43,500168897,Journal Import 2591614:,/CASH/RECEIPT,2,,,,,0,500,Posted
06-09-2024,01.12102.000.0000.000.3706008.00000.000,eHIS,HIS_COLLECTION,3083329 HIS_COLLECTION 3358005YT7JQCWYLTG43,500168898,Journal Import 2591614:,/CASH/RECEIPT,2,,,,,0,500,Posted
06-09-2024,01.12102.000.0000.000.3706008.00000.000,eHIS,HIS_COLLECTION,3083330 HIS_COLLECTION 3358005YT7JQCWYLTG43,500168939,Journal Import 2591614:,/EFT/RECEIPT,2,,,,,0,100,Posted
06-09-2024,01.12102.000.0000.000.3706008.00000.000,eHIS,HIS_COLLECTION,3083337 HIS_COLLECTION 3358005YT7JQCWYLTG43,500168843,Journal Import 2591614:,/EFT/RECEIPT,2,,,,,0,299,Posted
06-09-2024,01.12102.000.0000.000.3706008.00000.000,eHIS,HIS_COLLECTION,3083351 HIS_COLLECTION 3358005YT7JQCWYLTG43,500168921,Journal Import 2591614:,/EFT/RECEIPT,2,,,,,0,6100,Posted
06-09-2024,01.12102.000.0000.000.3706008.00000.000,eHIS,HIS_COLLECTION,3083353 HIS_COLLECTION 3358005YT7JQCWYLTG43,500168366,Journal Import 2591614:,/CASH/RECEIPT,2,,,,,0,1100,Posted
06-09-2024,01.12102.000.0000.000.3706008.00000.000,eHIS,HIS_COLLECTION,3083357 HIS_COLLECTION 3358005YT7JQCWYLTG43,500168855,Journal Import 2591614:,/CASH/RECEIPT,2,,,,,0,2640,Posted
06-09-2024,01.12102.000.0000.000.3706008.00000.000,eHIS,HIS_COLLECTION,3083361 HIS_COLLECTION 3358005YT7JQCWYLTG43,500168571,Journal Import 2591614:,/CASH/RECEIPT,2,,,,,0,800,Posted
06-09-2024,01.12102.000.0000.000.3706008.00000.000,eHIS,HIS_COLLECTION,3083366 HIS_COLLECTION 3358005YT7JQCWYLTG43,500168887,Journal Import 2591614:,/EFT/RECEIPT,2,,,,,0,800,Posted
06-09-2024,01.12102.000.0000.000.3706008.00000.000,eHIS,HIS_COLLECTION,3083369 HIS_COLLECTION 3358005YT7JQCWYLTG43,500168888,Journal Import 2591614:,/EFT/RECEIPT,2,,,,,0,800,Posted
06-09-2024,01.12102.000.0000.000.3706008.00000.000,eHIS,HIS_COLLECTION,3083373 HIS_COLLECTION 3358005YT7JQCWYLTG43,500168762,Journal Import 2591614:,/EFT/RECEIPT,2,,,,,0,2400,Posted
06-09-2024,01.12102.000.0000.000.3706008.00000.000,eHIS,HIS_COLLECTION,3083377 HIS_COLLECTION 3358005YT7JQCWYLTG43,500168925,Journal Import 2591614:,/EFT/RECEIPT,2,,,,,0,900,Posted
06-09-2024,01.12102.000.0000.000.3706008.00000.000,eHIS,HIS_COLLECTION,3083381 HIS_COLLECTION 3358005YT7JQCWYLTG43,500168807,Journal Import 2591614:,/CASH/RECEIPT,2,,,,,0,100,Posted
06-09-2024,01.12102.000.0000.000.3706008.00000.000,eHIS,HIS_COLLECTION,3083383 HIS_COLLECTION 3358005YT7JQCWYLTG43,500168789,Journal Import 2591614:,/EFT/RECEIPT,2,,,,,0,5000,Posted
06-09-2024,01.12102.000.0000.000.3706008.00000.000,eHIS,HIS_COLLECTION,3083385 HIS_COLLECTION 3358005YT7JQCWYLTG43,500168572,Journal Import 2591614:,/CASH/RECEIPT,2,,,,,0,800,Posted
06-09-2024,01.12102.000.0000.000.3706008.00000.000,eHIS,HIS_COLLECTION,3083394 HIS_COLLECTION 3358005YT7JQCWYLTG43,500168711,Journal Import 2591614:,/CASH/RECEIPT,2,,,,,0,200,Posted
06-09-2024,01.12102.000.0000.000.3706008.00000.000,eHIS,HIS_COLLECTION,3083400 HIS_COLLECTION 3358005YT7JQCWYLTG43,500168367,Journal Import 2591614:,/CASH/RECEIPT,2,,,,,0,1100,Posted
06-09-2024,01.12102.000.0000.000.3706008.00000.000,eHIS,HIS_COLLECTION,3083407 HIS_COLLECTION 3358005YT7JQCWYLTG43,500168835,Journal Import 2591614:,/CARD/RECEIPT,2,,,,,0,15000,Posted
06-09-2024,01.12102.000.0000.000.3706008.00000.000,eHIS,HIS_COLLECTION,3083409 HIS_COLLECTION 3358005YT7JQCWYLTG43,500168937,Journal Import 2591614:,/CASH/RECEIPT,2,,,,,0,1200,Posted
06-09-2024,01.12102.000.0000.000.3706008.00000.000,eHIS,HIS_COLLECTION,3083412 HIS_COLLECTION 3358005YT7JQCWYLTG43,500168851,Journal Import 2591614:,/CARD/RECEIPT,2,,,,,0,1800,Posted
06-09-2024,01.12102.000.0000.000.3706008.00000.000,eHIS,HIS_COLLECTION,3083416 HIS_COLLECTION 3358005YT7JQCWYLTG43,500168889,Journal Import 2591614:,/EFT/RECEIPT,2,,,,,0,800,Posted
06-09-2024,01.12102.000.0000.000.3706008.00000.000,eHIS,HIS_COLLECTION,3083422 HIS_COLLECTION 3358005YT7JQCWYLTG43,500168881,Journal Import 2591614:,/EFT/RECEIPT,2,,,,,0,2250,Posted
06-09-2024,01.12102.000.0000.000.3706008.00000.000,eHIS,HIS_COLLECTION,3083426 HIS_COLLECTION 3358005YT7JQCWYLTG43,500168832,Journal Import 2591614:,/EFT/RECEIPT,2,,,,,0,1200,Posted
06-09-2024,01.12102.000.0000.000.3706008.00000.000,eHIS,HIS_COLLECTION,3083439 HIS_COLLECTION 3358005YT7JQCWYLTG43,500168944,Journal Import 2591614:,/CASH/RECEIPT,2,,,,,0,1250,Posted
06-09-2024,01.12102.000.0000.000.3706008.00000.000,eHIS,HIS_COLLECTION,3083448 HIS_COLLECTION 3358005YT7JQCWYLTG43,500168787,Journal Import 2591614:,/EFT/RECEIPT,2,,,,,0,4900,Posted
06-09-2024,01.12102.000.0000.000.3706008.00000.000,eHIS,HIS_COLLECTION,3083467 HIS_COLLECTION 3358005YT7JQCWYLTG43,500168871,Journal Import 2591614:,/EFT/RECEIPT,2,,,,,0,500,Posted
06-09-2024,01.12102.000.0000.000.3706008.00000.000,eHIS,HIS_COLLECTION,3083469 HIS_COLLECTION 3358005YT7JQCWYLTG43,500168830,Journal Import 2591614:,/EFT/RECEIPT,2,,,,,0,250,Posted
06-09-2024,01.12102.000.0000.000.3706008.00000.000,eHIS,HIS_COLLECTION,3083483 HIS_COLLECTION 3358005YT7JQCWYLTG43,500168823,Journal Import 2591614:,/EFT/RECEIPT,2,,,,,0,200,Posted
06-09-2024,01.12102.000.0000.000.3706008.00000.000,eHIS,HIS_COLLECTION,3083489 HIS_COLLECTION 3358005YT7JQCWYLTG43,500168938,Journal Import 2591614:,/CASH/RECEIPT,2,,,,,0,1200,Posted
06-09-2024,01.12102.000.0000.000.3706008.00000.000,eHIS,HIS_COLLECTION,3083498 HIS_COLLECTION 3358005YT7JQCWYLTG43,500168878,Journal Import 2591614:,/CARD/RECEIPT,2,,,,,0,540,Posted
06-09-2024,01.12102.000.0000.000.3706008.00000.000,eHIS,HIS_COLLECTION,3083504 HIS_COLLECTION 3358005YT7JQCWYLTG43,500168770,Journal Import 2591614:,/EFT/RECEIPT,2,,,,,0,750,Posted
06-09-2024,01.12102.000.0000.000.3706008.00000.000,eHIS,HIS_COLLECTION,3083532 HIS_COLLECTION 3358005YT7JQCWYLTG43,500168732,Journal Import 2591614:,/CASH/RECEIPT,2,,,,,0,299,Posted
06-09-2024,01.12102.000.0000.000.3706008.00000.000,eHIS,HIS_COLLECTION,3083534 HIS_COLLECTION 3358005YT7JQCWYLTG43,500168890,Journal Import 2591614:,/EFT/RECEIPT,2,,,,,0,800,Posted
06-09-2024,01.12102.000.0000.000.3706008.00000.000,eHIS,HIS_COLLECTION,3083544 HIS_COLLECTION 3358005YT7JQCWYLTG43,500168644,Journal Import 2591614:,/CASH/RECEIPT,2,,,,,0,299,Posted
06-09-2024,01.12102.000.0000.000.3706008.00000.000,eHIS,HIS_COLLECTION,3083546 HIS_COLLECTION 3358005YT7JQCWYLTG43,500168819,Journal Import 2591614:,/CASH/RECEIPT,2,,,,,0,1300,Posted
06-09-2024,01.12102.000.0000.000.3706008.00000.000,eHIS,HIS_COLLECTION,3083551 HIS_COLLECTION 3358005YT7JQCWYLTG43,500168846,Journal Import 2591614:,/EFT/RECEIPT,2,,,,,0,410,Posted
06-09-2024,01.12102.000.0000.000.3706008.00000.000,eHIS,HIS_COLLECTION,3083556 HIS_COLLECTION 3358005YT7JQCWYLTG43,500168820,Journal Import 2591614:,/CASH/RECEIPT,2,,,,,0,1300,Posted
06-09-2024,01.12102.000.0000.000.3706008.00000.000,eHIS,HIS_COLLECTION,3083558 HIS_COLLECTION 3358005YT7JQCWYLTG43,500168847,Journal Import 2591614:,/EFT/RECEIPT,2,,,,,0,410,Posted
06-09-2024,01.12102.000.0000.000.3706008.00000.000,eHIS,HIS_COLLECTION,3083561 HIS_COLLECTION 3358005YT7JQCWYLTG43,500168563,Journal Import 2591614:,/CASH/RECEIPT,2,,,,,0,450,Posted
06-09-2024,01.12102.000.0000.000.3706008.00000.000,eHIS,HIS_COLLECTION,3083565 HIS_COLLECTION 3358005YT7JQCWYLTG43,500168839,Journal Import 2591614:,/CASH/RECEIPT,2,,,,,0,1850,Posted
06-09-2024,01.12102.000.0000.000.3706008.00000.000,eHIS,HIS_COLLECTION,3083588 HIS_COLLECTION 3358005YT7JQCWYLTG43,500168765,Journal Import 2591614:,/EFT/RECEIPT,2,,,,,0,2800,Posted
06-09-2024,01.12102.000.0000.000.3706008.00000.000,eHIS,HIS_COLLECTION,3083590 HIS_COLLECTION 3358005YT7JQCWYLTG43,500168840,Journal Import 2591614:,/CASH/RECEIPT,2,,,,,0,1850,Posted
06-09-2024,01.12102.000.0000.000.3706008.00000.000,eHIS,HIS_COLLECTION,3083596 HIS_COLLECTION 3358005YT7JQCWYLTG43,500168842,Journal Import 2591614:,/CASH/RECEIPT,2,,,,,0,2000,Posted
06-09-2024,01.12102.000.0000.000.3706008.00000.000,eHIS,HIS_COLLECTION,3083597 HIS_COLLECTION 3358005YT7JQCWYLTG43,500168920,Journal Import 2591614:,/EFT/RECEIPT,2,,,,,0,850,Posted
06-09-2024,01.12102.000.0000.000.3706008.00000.000,eHIS,HIS_COLLECTION,3083603 HIS_COLLECTION 3358005YT7JQCWYLTG43,500168772,Journal Import 2591614:,/EFT/RECEIPT,2,,,,,0,3500,Posted
06-09-2024,01.12102.000.0000.000.3706008.00000.000,eHIS,HIS_COLLECTION,3083609 HIS_COLLECTION 3358005YT7JQCWYLTG43,500168926,Journal Import 2591614:,/EFT/RECEIPT,2,,,,,0,900,Posted
06-09-2024,01.12102.000.0000.000.3706008.00000.000,eHIS,HIS_COLLECTION,3083611 HIS_COLLECTION 3358005YT7JQCWYLTG43,500168573,Journal Import 2591614:,/CASH/RECEIPT,2,,,,,0,800,Posted
06-09-2024,01.12102.000.0000.000.3706008.00000.000,eHIS,HIS_COLLECTION,3083618 HIS_COLLECTION 3358005YT7JQCWYLTG43,500168788,Journal Import 2591614:,/EFT/RECEIPT,2,,,,,0,4900,Posted
06-09-2024,01.12102.000.0000.000.3706008.00000.000,eHIS,HIS_COLLECTION,3083628 HIS_COLLECTION 3358005YT7JQCWYLTG43,500168922,Journal Import 2591614:,/EFT/RECEIPT,2,,,,,0,7300,Posted
06-09-2024,01.12102.000.0000.000.3706008.00000.000,eHIS,HIS_COLLECTION,3083635 HIS_COLLECTION 3358005YT7JQCWYLTG43,500168862,Journal Import 2591614:,/EFT/RECEIPT,2,,,,,0,1850,Posted
07-09-2024,01.12102.000.0000.000.3706008.00000.000,eHIS,HIS_COLLECTION,3083648 HIS_COLLECTION 3358005YT7JQCWYLTG43,500169009,Journal Import 2599930:,/EFT/RECEIPT,2,,,,,0,1093,Posted
06-09-2024,01.12102.000.0000.000.3706008.00000.000,eHIS,HIS_COLLECTION,3083654 HIS_COLLECTION 3358005YT7JQCWYLTG43,500168777,Journal Import 2591614:,/CARD/RECEIPT,2,,,,,0,4580,Posted
06-09-2024,01.12102.000.0000.000.3706008.00000.000,eHIS,HIS_COLLECTION,3083658 HIS_COLLECTION 3358005YT7JQCWYLTG43,500168863,Journal Import 2591614:,/CARD/RECEIPT,2,,,,,0,1850,Posted
06-09-2024,01.12102.000.0000.000.3706008.00000.000,eHIS,HIS_COLLECTION,3083663 HIS_COLLECTION 3358005YT7JQCWYLTG43,500168940,Journal Import 2591614:,/EFT/RECEIPT,2,,,,,0,100,Posted
06-09-2024,01.12102.000.0000.000.3706008.00000.000,eHIS,HIS_COLLECTION,3083677 HIS_COLLECTION 3358005YT7JQCWYLTG43,500168864,Journal Import 2591614:,/CARD/RECEIPT,2,,,,,0,1850,Posted
06-09-2024,01.12102.000.0000.000.3706008.00000.000,eHIS,HIS_COLLECTION,3083689 HIS_COLLECTION 3358005YT7JQCWYLTG43,500168574,Journal Import 2591614:,/CASH/RECEIPT,2,,,,,0,800,Posted
07-09-2024,01.12102.000.0000.000.3706008.00000.000,eHIS,HIS_COLLECTION,3083710 HIS_COLLECTION 3358005YT7JQCWYLTG43,500169130,Journal Import 2591614:,/EFT/RECEIPT,2,,,,,0,3500,Posted
07-09-2024,01.12102.000.0000.000.3706008.00000.000,eHIS,HIS_COLLECTION,3083745 HIS_COLLECTION 3358005YT7JQCWYLTG43,500169026,Journal Import 2591614:,/CASH/RECEIPT,2,,,,,0,200,Posted
07-09-2024,01.12102.000.0000.000.3706008.00000.000,eHIS,HIS_COLLECTION,3083751 HIS_COLLECTION 3358005YT7JQCWYLTG43,500169027,Journal Import 2591614:,/CASH/RECEIPT,2,,,,,0,200,Posted
07-09-2024,01.12102.000.0000.000.3706008.00000.000,eHIS,HIS_COLLECTION,3083760 HIS_COLLECTION 3358005YT7JQCWYLTG43,500169116,Journal Import 2591614:,/CARD/RECEIPT,2,,,,,0,1850,Posted
07-09-2024,01.12102.000.0000.000.3706008.00000.000,eHIS,HIS_COLLECTION,3083765 HIS_COLLECTION 3358005YT7JQCWYLTG43,500169102,Journal Import 2591614:,/EFT/RECEIPT,2,,,,,0,200,Posted
07-09-2024,01.12102.000.0000.000.3706008.00000.000,eHIS,HIS_COLLECTION,3083767 HIS_COLLECTION 3358005YT7JQCWYLTG43,500169094,Journal Import 2591614:,/EFT/RECEIPT,2,,,,,0,100,Posted
07-09-2024,01.12102.000.0000.000.3706008.00000.000,eHIS,HIS_COLLECTION,3083775 HIS_COLLECTION 3358005YT7JQCWYLTG43,500169129,Journal Import 2591614:,/EFT/RECEIPT,2,,,,,0,700,Posted
07-09-2024,01.12102.000.0000.000.3706008.00000.000,eHIS,HIS_COLLECTION,3083795 HIS_COLLECTION 3358005YT7JQCWYLTG43,500169097,Journal Import 2591614:,/EFT/RECEIPT,2,,,,,0,1025,Posted
07-09-2024,01.12102.000.0000.000.3706008.00000.000,eHIS,HIS_COLLECTION,3083796 HIS_COLLECTION 3358005YT7JQCWYLTG43,500169136,Journal Import 2591614:,/CASH/RECEIPT,2,,,,,0,100,Posted
07-09-2024,01.12102.000.0000.000.3706008.00000.000,eHIS,HIS_COLLECTION,3083840 HIS_COLLECTION 3358005YT7JQCWYLTG43,500169096,Journal Import 2591614:,/EFT/RECEIPT,2,,,,,0,1000,Posted
07-09-2024,01.12102.000.0000.000.3706008.00000.000,eHIS,HIS_COLLECTION,3083849 HIS_COLLECTION 3358005YT7JQCWYLTG43,500169093,Journal Import 2591614:,/EFT/RECEIPT,2,,,,,0,9200,Posted
07-09-2024,01.12102.000.0000.000.3706008.00000.000,eHIS,HIS_COLLECTION,3083858 HIS_COLLECTION 3358005YT7JQCWYLTG43,500169125,Journal Import 2591614:,/EFT/RECEIPT,2,,,,,0,600,Posted
07-09-2024,01.12102.000.0000.000.3706008.00000.000,eHIS,HIS_COLLECTION,3083861 HIS_COLLECTION 3358005YT7JQCWYLTG43,500169028,Journal Import 2591614:,/CASH/RECEIPT,2,,,,,0,200,Posted
07-09-2024,01.12102.000.0000.000.3706008.00000.000,eHIS,HIS_COLLECTION,3083863 HIS_COLLECTION 3358005YT7JQCWYLTG43,500169029,Journal Import 2591614:,/CASH/RECEIPT,2,,,,,0,200,Posted
07-09-2024,01.12102.000.0000.000.3706008.00000.000,eHIS,HIS_COLLECTION,3083864 HIS_COLLECTION 3358005YT7JQCWYLTG43,500169126,Journal Import 2591614:,/EFT/RECEIPT,2,,,,,0,3300,Posted
07-09-2024,01.12102.000.0000.000.3706008.00000.000,eHIS,HIS_COLLECTION,3083873 HIS_COLLECTION 3358005YT7JQCWYLTG43,500169091,Journal Import 2591614:,/EFT/RECEIPT,2,,,,,0,900,Posted
07-09-2024,01.12102.000.0000.000.3706008.00000.000,eHIS,HIS_COLLECTION,3083882 HIS_COLLECTION 3358005YT7JQCWYLTG43,500169121,Journal Import 2591614:,/CASH/RECEIPT,2,,,,,0,5350,Posted
07-09-2024,01.12102.000.0000.000.3706008.00000.000,eHIS,HIS_COLLECTION,3083899 HIS_COLLECTION 3358005YT7JQCWYLTG43,500169106,Journal Import 2591614:,/EFT/RECEIPT,2,,,,,0,220,Posted
07-09-2024,01.12102.000.0000.000.3706008.00000.000,eHIS,HIS_COLLECTION,3083907 HIS_COLLECTION 3358005YT7JQCWYLTG43,500169131,Journal Import 2591614:,/CARD/RECEIPT,2,,,,,0,3500,Posted
07-09-2024,01.12102.000.0000.000.3706008.00000.000,eHIS,HIS_COLLECTION,3083913 HIS_COLLECTION 3358005YT7JQCWYLTG43,500169109,Journal Import 2591614:,/CASH/RECEIPT,2,,,,,0,1850,Posted
07-09-2024,01.12102.000.0000.000.3706008.00000.000,eHIS,HIS_COLLECTION,3083962 HIS_COLLECTION 3358005YT7JQCWYLTG43,500169117,Journal Import 2591614:,/CARD/RECEIPT,2,,,,,0,1850,Posted
07-09-2024,01.12102.000.0000.000.3706008.00000.000,eHIS,HIS_COLLECTION,3083976 HIS_COLLECTION 3358005YT7JQCWYLTG43,500169137,Journal Import 2591614:,/CASH/RECEIPT,2,,,,,0,100,Posted
07-09-2024,01.12102.000.0000.000.3706008.00000.000,eHIS,HIS_COLLECTION,3083980 HIS_COLLECTION 3358005YT7JQCWYLTG43,500169105,Journal Import 2591614:,/CASH/RECEIPT,2,,,,,0,1800,Posted
07-09-2024,01.12102.000.0000.000.3706008.00000.000,eHIS,HIS_COLLECTION,3083981 HIS_COLLECTION 3358005YT7JQCWYLTG43,500169090,Journal Import 2591614:,/EFT/RECEIPT,2,,,,,0,50,Posted
07-09-2024,01.12102.000.0000.000.3706008.00000.000,eHIS,HIS_COLLECTION,3084004 HIS_COLLECTION 3358005YT7JQCWYLTG43,500169138,Journal Import 2591614:,/CASH/RECEIPT,2,,,,,0,100,Posted
07-09-2024,01.12102.000.0000.000.3706008.00000.000,eHIS,HIS_COLLECTION,3084007 HIS_COLLECTION 3358005YT7JQCWYLTG43,500169017,Journal Import 2591614:,/CASH/RECEIPT,2,,,,,0,100,Posted
07-09-2024,01.12102.000.0000.000.3706008.00000.000,eHIS,HIS_COLLECTION,3084015 HIS_COLLECTION 3358005YT7JQCWYLTG43,500169113,Journal Import 2591614:,/CASH/RECEIPT,2,,,,,0,2000,Posted
07-09-2024,01.12102.000.0000.000.3706008.00000.000,eHIS,HIS_COLLECTION,3084016 HIS_COLLECTION 3358005YT7JQCWYLTG43,500169122,Journal Import 2591614:,/EFT/RECEIPT,2,,,,,0,550,Posted
07-09-2024,01.12102.000.0000.000.3706008.00000.000,eHIS,HIS_COLLECTION,3084037 HIS_COLLECTION 3358005YT7JQCWYLTG43,500169095,Journal Import 2591614:,/EFT/RECEIPT,2,,,,,0,100,Posted
07-09-2024,01.12102.000.0000.000.3706008.00000.000,eHIS,HIS_COLLECTION,3084050 HIS_COLLECTION 3358005YT7JQCWYLTG43,500169114,Journal Import 2591614:,/CASH/RECEIPT,2,,,,,0,2350,Posted
07-09-2024,01.12102.000.0000.000.3706008.00000.000,eHIS,HIS_COLLECTION,3084057 HIS_COLLECTION 3358005YT7JQCWYLTG43,500169110,Journal Import 2591614:,/CASH/RECEIPT,2,,,,,0,1850,Posted
07-09-2024,01.12102.000.0000.000.3706008.00000.000,eHIS,HIS_COLLECTION,3084067 HIS_COLLECTION 3358005YT7JQCWYLTG43,500169118,Journal Import 2591614:,/CARD/RECEIPT,2,,,,,0,1850,Posted
08-09-2024,01.12102.000.0000.000.3706008.00000.000,eHIS,HIS_COLLECTION,3084075 HIS_COLLECTION 3358005YT7JQCWYLTG43,500169243,Journal Import 2591614:,/CARD/RECEIPT,2,,,,,0,483,Posted
08-09-2024,01.12102.000.0000.000.3706008.00000.000,eHIS,HIS_COLLECTION,3084084 HIS_COLLECTION 3358005YT7JQCWYLTG43,500169274,Journal Import 2591614:,/CASH/RECEIPT,2,,,,,0,200,Posted
08-09-2024,01.12102.000.0000.000.3706008.00000.000,eHIS,HIS_COLLECTION,3084147 HIS_COLLECTION 3358005YT7JQCWYLTG43,500169241,Journal Import 2591614:,/EFT/RECEIPT,2,,,,,0,410,Posted
08-09-2024,01.12102.000.0000.000.3706008.00000.000,eHIS,HIS_COLLECTION,3084172 HIS_COLLECTION 3358005YT7JQCWYLTG43,500169244,Journal Import 2591614:,/CARD/RECEIPT,2,,,,,0,483,Posted
08-09-2024,01.12102.000.0000.000.3706008.00000.000,eHIS,HIS_COLLECTION,3084177 HIS_COLLECTION 3358005YT7JQCWYLTG43,500169264,Journal Import 2591614:,/CASH/RECEIPT,2,,,,,0,100,Posted
08-09-2024,01.12102.000.0000.000.3706008.00000.000,eHIS,HIS_COLLECTION,3084179 HIS_COLLECTION 3358005YT7JQCWYLTG43,500169219,Journal Import 2591614:,/EFT/RECEIPT,2,,,,,0,100,Posted
08-09-2024,01.12102.000.0000.000.3706008.00000.000,eHIS,HIS_COLLECTION,3084190 HIS_COLLECTION 3358005YT7JQCWYLTG43,500169268,Journal Import 2591614:,/CASH/RECEIPT,2,,,,,0,120,Posted
08-09-2024,01.12102.000.0000.000.3706008.00000.000,eHIS,HIS_COLLECTION,3084194 HIS_COLLECTION 3358005YT7JQCWYLTG43,500169246,Journal Import 2591614:,/EFT/RECEIPT,2,,,,,0,1850,Posted
08-09-2024,01.12102.000.0000.000.3706008.00000.000,eHIS,HIS_COLLECTION,3084210 HIS_COLLECTION 3358005YT7JQCWYLTG43,500169247,Journal Import 2591614:,/CARD/RECEIPT,2,,,,,0,1850,Posted
08-09-2024,01.12102.000.0000.000.3706008.00000.000,eHIS,HIS_COLLECTION,3084218 HIS_COLLECTION 3358005YT7JQCWYLTG43,500169168,Journal Import 2591614:,/CASH/RECEIPT,2,,,,,0,400,Posted
08-09-2024,01.12102.000.0000.000.3706008.00000.000,eHIS,HIS_COLLECTION,3084219 HIS_COLLECTION 3358005YT7JQCWYLTG43,500169234,Journal Import 2591614:,/CARD/RECEIPT,2,,,,,0,11420,Posted
09-09-2024,01.12102.000.0000.000.3706008.00000.000,eHIS,HIS_COLLECTION,3084221 HIS_COLLECTION 3358005YT7JQCWYLTG43,500169279,Journal Import 2599930:,/EFT/RECEIPT,2,,,,,0,1197,Posted
08-09-2024,01.12102.000.0000.000.3706008.00000.000,eHIS,HIS_COLLECTION,3084225 HIS_COLLECTION 3358005YT7JQCWYLTG43,500169248,Journal Import 2591614:,/CARD/RECEIPT,2,,,,,0,1850,Posted
08-09-2024,01.12102.000.0000.000.3706008.00000.000,eHIS,HIS_COLLECTION,3084231 HIS_COLLECTION 3358005YT7JQCWYLTG43,500169245,Journal Import 2591614:,/EFT/RECEIPT,2,,,,,0,500,Posted
08-09-2024,01.12102.000.0000.000.3706008.00000.000,eHIS,HIS_COLLECTION,3084240 HIS_COLLECTION 3358005YT7JQCWYLTG43,500169265,Journal Import 2591614:,/CASH/RECEIPT,2,,,,,0,100,Posted
08-09-2024,01.12102.000.0000.000.3706008.00000.000,eHIS,HIS_COLLECTION,3084243 HIS_COLLECTION 3358005YT7JQCWYLTG43,500169266,Journal Import 2591614:,/CASH/RECEIPT,2,,,,,0,100,Posted
08-09-2024,01.12102.000.0000.000.3706008.00000.000,eHIS,HIS_COLLECTION,3084251 HIS_COLLECTION 3358005YT7JQCWYLTG43,500169220,Journal Import 2591614:,/EFT/RECEIPT,2,,,,,0,100,Posted
08-09-2024,01.12102.000.0000.000.3706008.00000.000,eHIS,HIS_COLLECTION,3084257 HIS_COLLECTION 3358005YT7JQCWYLTG43,500169192,Journal Import 2591614:,/CASH/RECEIPT,2,,,,,0,550,Posted
08-09-2024,01.12102.000.0000.000.3706008.00000.000,eHIS,HIS_COLLECTION,3084259 HIS_COLLECTION 3358005YT7JQCWYLTG43,500169249,Journal Import 2591614:,/EFT/RECEIPT,2,,,,,0,1850,Posted
08-09-2024,01.12102.000.0000.000.3706008.00000.000,eHIS,HIS_COLLECTION,3084296 HIS_COLLECTION 3358005YT7JQCWYLTG43,500169235,Journal Import 2591614:,/EFT/RECEIPT,2,,,,,0,12000,Posted
08-09-2024,01.12102.000.0000.000.3706008.00000.000,eHIS,HIS_COLLECTION,3084300 HIS_COLLECTION 3358005YT7JQCWYLTG43,500169217,Journal Import 2591614:,/EFT/RECEIPT,2,,,,,0,6000,Posted
08-09-2024,01.12102.000.0000.000.3706008.00000.000,eHIS,HIS_COLLECTION,3084310 HIS_COLLECTION 3358005YT7JQCWYLTG43,500169267,Journal Import 2591614:,/CASH/RECEIPT,2,,,,,0,100,Posted
08-09-2024,01.12102.000.0000.000.3706008.00000.000,eHIS,HIS_COLLECTION,3084316 HIS_COLLECTION 3358005YT7JQCWYLTG43,500169240,Journal Import 2591614:,/CASH/RECEIPT,2,,,,,0,2250,Posted
08-09-2024,01.12102.000.0000.000.3706008.00000.000,eHIS,HIS_COLLECTION,3084321 HIS_COLLECTION 3358005YT7JQCWYLTG43,500169236,Journal Import 2591614:,/CASH/RECEIPT,2,,,,,0,1450,Posted
08-09-2024,01.12102.000.0000.000.3706008.00000.000,eHIS,HIS_COLLECTION,3084324 HIS_COLLECTION 3358005YT7JQCWYLTG43,500169221,Journal Import 2591614:,/EFT/RECEIPT,2,,,,,0,100,Posted
08-09-2024,01.12102.000.0000.000.3706008.00000.000,eHIS,HIS_COLLECTION,3084332 HIS_COLLECTION 3358005YT7JQCWYLTG43,500169222,Journal Import 2591614:,/EFT/RECEIPT,2,,,,,0,100,Posted
09-09-2024,01.12102.000.0000.000.3706008.00000.000,eHIS,HIS_COLLECTION,3084340 HIS_COLLECTION 3358005YT7JQCWYLTG43,500169408,Journal Import 2591614:,/CASH/RECEIPT,2,,,,,0,200,Posted
09-09-2024,01.12102.000.0000.000.3706008.00000.000,eHIS,HIS_COLLECTION,3084345 HIS_COLLECTION 3358005YT7JQCWYLTG43,500169448,Journal Import 2591614:,/EFT/RECEIPT,2,,,,,0,1650,Posted
09-09-2024,01.12102.000.0000.000.3706008.00000.000,eHIS,HIS_COLLECTION,3084351 HIS_COLLECTION 3358005YT7JQCWYLTG43,500169469,Journal Import 2591614:,/CARD/RECEIPT,2,,,,,0,1850,Posted
09-09-2024,01.12102.000.0000.000.3706008.00000.000,eHIS,HIS_COLLECTION,3084370 HIS_COLLECTION 3358005YT7JQCWYLTG43,500169524,Journal Import 2591614:,/EFT/RECEIPT,2,,,,,0,100,Posted
09-09-2024,01.12102.000.0000.000.3706008.00000.000,eHIS,HIS_COLLECTION,3084374 HIS_COLLECTION 3358005YT7JQCWYLTG43,500169393,Journal Import 2591614:,/CASH/RECEIPT,2,,,,,0,100,Posted
09-09-2024,01.12102.000.0000.000.3706008.00000.000,eHIS,HIS_COLLECTION,3084387 HIS_COLLECTION 3358005YT7JQCWYLTG43,500169282,Journal Import 2591614:,/CASH/RECEIPT,2,,,,,0,1000,Posted
09-09-2024,01.12102.000.0000.000.3706008.00000.000,eHIS,HIS_COLLECTION,3084389 HIS_COLLECTION 3358005YT7JQCWYLTG43,500169461,Journal Import 2591614:,/CASH/RECEIPT,2,,,,,0,3450,Posted
09-09-2024,01.12102.000.0000.000.3706008.00000.000,eHIS,HIS_COLLECTION,3084390 HIS_COLLECTION 3358005YT7JQCWYLTG43,500169506,Journal Import 2591614:,/DEPOSIT ADJUSTMENT/TRANSFER/RECEIPT,2,,,,,0,50,Posted
09-09-2024,01.12102.000.0000.000.3706008.00000.000,eHIS,HIS_COLLECTION,3084391 HIS_COLLECTION 3358005YT7JQCWYLTG43,500169281,Journal Import 2600363:,/DEPOSIT ADJUSTMENT/TRANSFER/REFUND,1,,,,,50,0,Posted
09-09-2024,01.12102.000.0000.000.3706008.00000.000,eHIS,HIS_COLLECTION,3084391 HIS_COLLECTION 3358005YT7JQCWYLTG43,500169281,Journal Import 2600363:,/DEPOSIT ADJUSTMENT/TRANSFER/REFUND,2,,,,,0,50,Posted
09-09-2024,01.12102.000.0000.000.3706008.00000.000,eHIS,HIS_COLLECTION,3084401 HIS_COLLECTION 3358005YT7JQCWYLTG43,500169394,Journal Import 2591614:,/CASH/RECEIPT,2,,,,,0,100,Posted
09-09-2024,01.12102.000.0000.000.3706008.00000.000,eHIS,HIS_COLLECTION,3084403 HIS_COLLECTION 3358005YT7JQCWYLTG43,500169395,Journal Import 2591614:,/CASH/RECEIPT,2,,,,,0,100,Posted
09-09-2024,01.12102.000.0000.000.3706008.00000.000,eHIS,HIS_COLLECTION,3084409 HIS_COLLECTION 3358005YT7JQCWYLTG43,500169416,Journal Import 2591614:,/EFT/RECEIPT,2,,,,,0,200,Posted
09-09-2024,01.12102.000.0000.000.3706008.00000.000,eHIS,HIS_COLLECTION,3084412 HIS_COLLECTION 3358005YT7JQCWYLTG43,500169396,Journal Import 2591614:,/CASH/RECEIPT,2,,,,,0,100,Posted
09-09-2024,01.12102.000.0000.000.3706008.00000.000,eHIS,HIS_COLLECTION,3084436 HIS_COLLECTION 3358005YT7JQCWYLTG43,500169458,Journal Import 2591614:,/EFT/RECEIPT,2,,,,,0,410,Posted
09-09-2024,01.12102.000.0000.000.3706008.00000.000,eHIS,HIS_COLLECTION,3084440 HIS_COLLECTION 3358005YT7JQCWYLTG43,500169470,Journal Import 2591614:,/EFT/RECEIPT,2,,,,,0,1850,Posted
09-09-2024,01.12102.000.0000.000.3706008.00000.000,eHIS,HIS_COLLECTION,3084445 HIS_COLLECTION 3358005YT7JQCWYLTG43,500169525,Journal Import 2591614:,/EFT/RECEIPT,2,,,,,0,100,Posted
09-09-2024,01.12102.000.0000.000.3706008.00000.000,eHIS,HIS_COLLECTION,3084447 HIS_COLLECTION 3358005YT7JQCWYLTG43,500169442,Journal Import 2591614:,/CASH/RECEIPT,2,,,,,0,1850,Posted
09-09-2024,01.12102.000.0000.000.3706008.00000.000,eHIS,HIS_COLLECTION,3084466 HIS_COLLECTION 3358005YT7JQCWYLTG43,500169493,Journal Import 2591614:,/EFT/RECEIPT,2,,,,,0,5888,Posted
09-09-2024,01.12102.000.0000.000.3706008.00000.000,eHIS,HIS_COLLECTION,3084468 HIS_COLLECTION 3358005YT7JQCWYLTG43,500169369,Journal Import 2591614:,/EFT/RECEIPT,2,,,,,0,2650,Posted
09-09-2024,01.12102.000.0000.000.3706008.00000.000,eHIS,HIS_COLLECTION,3084473 HIS_COLLECTION 3358005YT7JQCWYLTG43,500169354,Journal Import 2591614:,/CASH/RECEIPT,2,,,,,0,5888,Posted
09-09-2024,01.12102.000.0000.000.3706008.00000.000,eHIS,HIS_COLLECTION,3084485 HIS_COLLECTION 3358005YT7JQCWYLTG43,500169397,Journal Import 2591614:,/CASH/RECEIPT,2,,,,,0,100,Posted
09-09-2024,01.12102.000.0000.000.3706008.00000.000,eHIS,HIS_COLLECTION,3084505 HIS_COLLECTION 3358005YT7JQCWYLTG43,500169390,Journal Import 2591614:,/EFT/RECEIPT,2,,,,,0,4600,Posted
09-09-2024,01.12102.000.0000.000.3706008.00000.000,eHIS,HIS_COLLECTION,3084521 HIS_COLLECTION 3358005YT7JQCWYLTG43,500169363,Journal Import 2591614:,/EFT/RECEIPT,2,,,,,0,2080,Posted
10-09-2024,01.12102.000.0000.000.3706008.00000.000,eHIS,HIS_COLLECTION,3084529 HIS_COLLECTION 3358005YT7JQCWYLTG43,500170004,Journal Import 2599930:,/EFT/RECEIPT,2,,,,,0,350,Posted
09-09-2024,01.12102.000.0000.000.3706008.00000.000,eHIS,HIS_COLLECTION,3084558 HIS_COLLECTION 3358005YT7JQCWYLTG43,500169946,Journal Import 2591614:,/CASH/RECEIPT,2,,,,,0,500,Posted
09-09-2024,01.12102.000.0000.000.3706008.00000.000,eHIS,HIS_COLLECTION,3084567 HIS_COLLECTION 3358005YT7JQCWYLTG43,500169494,Journal Import 2591614:,/EFT/RECEIPT,2,,,,,0,5888,Posted
09-09-2024,01.12102.000.0000.000.3706008.00000.000,eHIS,HIS_COLLECTION,3084576 HIS_COLLECTION 3358005YT7JQCWYLTG43,500169507,Journal Import 2591614:,/EFT/RECEIPT,2,,,,,0,900,Posted
09-09-2024,01.12102.000.0000.000.3706008.00000.000,eHIS,HIS_COLLECTION,3084597 HIS_COLLECTION 3358005YT7JQCWYLTG43,500169314,Journal Import 2591614:,/CASH/RECEIPT,2,,,,,0,500,Posted
09-09-2024,01.12102.000.0000.000.3706008.00000.000,eHIS,HIS_COLLECTION,3084621 HIS_COLLECTION 3358005YT7JQCWYLTG43,500169411,Journal Import 2591614:,/CASH/RECEIPT,2,,,,,0,1300,Posted
09-09-2024,01.12102.000.0000.000.3706008.00000.000,eHIS,HIS_COLLECTION,3084647 HIS_COLLECTION 3358005YT7JQCWYLTG43,500169931,Journal Import 2591614:,/CARD/RECEIPT,2,,,,,0,800,Posted
09-09-2024,01.12102.000.0000.000.3706008.00000.000,eHIS,HIS_COLLECTION,3084649 HIS_COLLECTION 3358005YT7JQCWYLTG43,500169436,Journal Import 2591614:,/EFT/RECEIPT,2,,,,,0,1300,Posted
09-09-2024,01.12102.000.0000.000.3706008.00000.000,eHIS,HIS_COLLECTION,3084682 HIS_COLLECTION 3358005YT7JQCWYLTG43,500169495,Journal Import 2591614:,/EFT/RECEIPT,2,,,,,0,5888,Posted
09-09-2024,01.12102.000.0000.000.3706008.00000.000,eHIS,HIS_COLLECTION,3084690 HIS_COLLECTION 3358005YT7JQCWYLTG43,500169471,Journal Import 2591614:,/EFT/RECEIPT,2,,,,,0,1850,Posted
09-09-2024,01.12102.000.0000.000.3706008.00000.000,eHIS,HIS_COLLECTION,3084694 HIS_COLLECTION 3358005YT7JQCWYLTG43,500169515,Journal Import 2591614:,/CASH/RECEIPT,2,,,,,0,1200,Posted
09-09-2024,01.12102.000.0000.000.3706008.00000.000,eHIS,HIS_COLLECTION,3084705 HIS_COLLECTION 3358005YT7JQCWYLTG43,500169283,Journal Import 2591614:,/CASH/RECEIPT,2,,,,,0,1000,Posted
09-09-2024,01.12102.000.0000.000.3706008.00000.000,eHIS,HIS_COLLECTION,3084745 HIS_COLLECTION 3358005YT7JQCWYLTG43,500169366,Journal Import 2591614:,/EFT/RECEIPT,2,,,,,0,620,Posted
09-09-2024,01.12102.000.0000.000.3706008.00000.000,eHIS,HIS_COLLECTION,3084751 HIS_COLLECTION 3358005YT7JQCWYLTG43,500169462,Journal Import 2591614:,/CASH/RECEIPT,2,,,,,0,4330,Posted
09-09-2024,01.12102.000.0000.000.3706008.00000.000,eHIS,HIS_COLLECTION,3084755 HIS_COLLECTION 3358005YT7JQCWYLTG43,500169508,Journal Import 2591614:,/EFT/RECEIPT,2,,,,,0,900,Posted
09-09-2024,01.12102.000.0000.000.3706008.00000.000,eHIS,HIS_COLLECTION,3084769 HIS_COLLECTION 3358005YT7JQCWYLTG43,500169516,Journal Import 2591614:,/CASH/RECEIPT,2,,,,,0,1200,Posted
09-09-2024,01.12102.000.0000.000.3706008.00000.000,eHIS,HIS_COLLECTION,3084783 HIS_COLLECTION 3358005YT7JQCWYLTG43,500169463,Journal Import 2591614:,/EFT/RECEIPT,2,,,,,0,500,Posted
09-09-2024,01.12102.000.0000.000.3706008.00000.000,eHIS,HIS_COLLECTION,3084787 HIS_COLLECTION 3358005YT7JQCWYLTG43,500169284,Journal Import 2591614:,/CASH/RECEIPT,2,,,,,0,1000,Posted
09-09-2024,01.12102.000.0000.000.3706008.00000.000,eHIS,HIS_COLLECTION,3084789 HIS_COLLECTION 3358005YT7JQCWYLTG43,500169315,Journal Import 2591614:,/CASH/RECEIPT,2,,,,,0,500,Posted
09-09-2024,01.12102.000.0000.000.3706008.00000.000,eHIS,HIS_COLLECTION,3084805 HIS_COLLECTION 3358005YT7JQCWYLTG43,500169459,Journal Import 2591614:,/CASH/RECEIPT,2,,,,,0,3280,Posted
09-09-2024,01.12102.000.0000.000.3706008.00000.000,eHIS,HIS_COLLECTION,3084809 HIS_COLLECTION 3358005YT7JQCWYLTG43,500169932,Journal Import 2591614:,/CARD/RECEIPT,2,,,,,0,800,Posted
09-09-2024,01.12102.000.0000.000.3706008.00000.000,eHIS,HIS_COLLECTION,3084817 HIS_COLLECTION 3358005YT7JQCWYLTG43,500169316,Journal Import 2591614:,/CASH/RECEIPT,2,,,,,0,500,Posted
09-09-2024,01.12102.000.0000.000.3706008.00000.000,eHIS,HIS_COLLECTION,3084827 HIS_COLLECTION 3358005YT7JQCWYLTG43,500169509,Journal Import 2591614:,/EFT/RECEIPT,2,,,,,0,900,Posted
09-09-2024,01.12102.000.0000.000.3706008.00000.000,eHIS,HIS_COLLECTION,3084829 HIS_COLLECTION 3358005YT7JQCWYLTG43,500169331,Journal Import 2591614:,/CASH/RECEIPT,2,,,,,0,650,Posted
09-09-2024,01.12102.000.0000.000.3706008.00000.000,eHIS,HIS_COLLECTION,3084833 HIS_COLLECTION 3358005YT7JQCWYLTG43,500169417,Journal Import 2591614:,/EFT/RECEIPT,2,,,,,0,1100,Posted
09-09-2024,01.12102.000.0000.000.3706008.00000.000,eHIS,HIS_COLLECTION,3084841 HIS_COLLECTION 3358005YT7JQCWYLTG43,500169301,Journal Import 2591614:,/CASH/RECEIPT,2,,,,,0,800,Posted
09-09-2024,01.12102.000.0000.000.3706008.00000.000,eHIS,HIS_COLLECTION,3084850 HIS_COLLECTION 3358005YT7JQCWYLTG43,500169464,Journal Import 2591614:,/EFT/RECEIPT,2,,,,,0,500,Posted
09-09-2024,01.12102.000.0000.000.3706008.00000.000,eHIS,HIS_COLLECTION,3084852 HIS_COLLECTION 3358005YT7JQCWYLTG43,500169430,Journal Import 2591614:,/EFT/RECEIPT,2,,,,,0,250,Posted
09-09-2024,01.12102.000.0000.000.3706008.00000.000,eHIS,HIS_COLLECTION,3084874 HIS_COLLECTION 3358005YT7JQCWYLTG43,500169432,Journal Import 2591614:,/EFT/RECEIPT,2,,,,,0,1200,Posted
09-09-2024,01.12102.000.0000.000.3706008.00000.000,eHIS,HIS_COLLECTION,3084876 HIS_COLLECTION 3358005YT7JQCWYLTG43,500169317,Journal Import 2591614:,/CASH/RECEIPT,2,,,,,0,500,Posted
09-09-2024,01.12102.000.0000.000.3706008.00000.000,eHIS,HIS_COLLECTION,3084911 HIS_COLLECTION 3358005YT7JQCWYLTG43,500169472,Journal Import 2591614:,/CARD/RECEIPT,2,,,,,0,1850,Posted
09-09-2024,01.12102.000.0000.000.3706008.00000.000,eHIS,HIS_COLLECTION,3084922 HIS_COLLECTION 3358005YT7JQCWYLTG43,500169933,Journal Import 2591614:,/EFT/RECEIPT,2,,,,,0,800,Posted
09-09-2024,01.12102.000.0000.000.3706008.00000.000,eHIS,HIS_COLLECTION,3084928 HIS_COLLECTION 3358005YT7JQCWYLTG43,500169318,Journal Import 2591614:,/CASH/RECEIPT,2,,,,,0,500,Posted
09-09-2024,01.12102.000.0000.000.3706008.00000.000,eHIS,HIS_COLLECTION,3084938 HIS_COLLECTION 3358005YT7JQCWYLTG43,500169319,Journal Import 2591614:,/CASH/RECEIPT,2,,,,,0,500,Posted
09-09-2024,01.12102.000.0000.000.3706008.00000.000,eHIS,HIS_COLLECTION,3084945 HIS_COLLECTION 3358005YT7JQCWYLTG43,500169379,Journal Import 2591614:,/EFT/RECEIPT,2,,,,,0,750,Posted
09-09-2024,01.12102.000.0000.000.3706008.00000.000,eHIS,HIS_COLLECTION,3084959 HIS_COLLECTION 3358005YT7JQCWYLTG43,500169934,Journal Import 2591614:,/CARD/RECEIPT,2,,,,,0,800,Posted
09-09-2024,01.12102.000.0000.000.3706008.00000.000,eHIS,HIS_COLLECTION,3084967 HIS_COLLECTION 3358005YT7JQCWYLTG43,500169329,Journal Import 2591614:,/CASH/RECEIPT,2,,,,,0,600,Posted
09-09-2024,01.12102.000.0000.000.3706008.00000.000,eHIS,HIS_COLLECTION,3084971 HIS_COLLECTION 3358005YT7JQCWYLTG43,500169289,Journal Import 2591614:,/CASH/RECEIPT,2,,,,,0,250,Posted
09-09-2024,01.12102.000.0000.000.3706008.00000.000,eHIS,HIS_COLLECTION,3084986 HIS_COLLECTION 3358005YT7JQCWYLTG43,500169302,Journal Import 2591614:,/CASH/RECEIPT,2,,,,,0,800,Posted
09-09-2024,01.12102.000.0000.000.3706008.00000.000,eHIS,HIS_COLLECTION,3084988 HIS_COLLECTION 3358005YT7JQCWYLTG43,500169320,Journal Import 2591614:,/CASH/RECEIPT,2,,,,,0,500,Posted
09-09-2024,01.12102.000.0000.000.3706008.00000.000,eHIS,HIS_COLLECTION,3084992 HIS_COLLECTION 3358005YT7JQCWYLTG43,500169465,Journal Import 2591614:,/EFT/RECEIPT,2,,,,,0,500,Posted
09-09-2024,01.12102.000.0000.000.3706008.00000.000,eHIS,HIS_COLLECTION,3085000 HIS_COLLECTION 3358005YT7JQCWYLTG43,500169935,Journal Import 2591614:,/EFT/RECEIPT,2,,,,,0,800,Posted
09-09-2024,01.12102.000.0000.000.3706008.00000.000,eHIS,HIS_COLLECTION,3085008 HIS_COLLECTION 3358005YT7JQCWYLTG43,500169942,Journal Import 2591614:,/CASH/RECEIPT,2,,,,,0,3750,Posted
09-09-2024,01.12102.000.0000.000.3706008.00000.000,eHIS,HIS_COLLECTION,3085014 HIS_COLLECTION 3358005YT7JQCWYLTG43,500169303,Journal Import 2591614:,/CASH/RECEIPT,2,,,,,0,800,Posted
09-09-2024,01.12102.000.0000.000.3706008.00000.000,eHIS,HIS_COLLECTION,3085016 HIS_COLLECTION 3358005YT7JQCWYLTG43,500169940,Journal Import 2591614:,/CASH/RECEIPT,2,,,,,0,3500,Posted
09-09-2024,01.12102.000.0000.000.3706008.00000.000,eHIS,HIS_COLLECTION,3085022 HIS_COLLECTION 3358005YT7JQCWYLTG43,500169517,Journal Import 2591614:,/CASH/RECEIPT,2,,,,,0,1200,Posted
09-09-2024,01.12102.000.0000.000.3706008.00000.000,eHIS,HIS_COLLECTION,3085028 HIS_COLLECTION 3358005YT7JQCWYLTG43,500169482,Journal Import 2591614:,/EFT/RECEIPT,2,,,,,0,800,Posted
09-09-2024,01.12102.000.0000.000.3706008.00000.000,eHIS,HIS_COLLECTION,3085030 HIS_COLLECTION 3358005YT7JQCWYLTG43,500169510,Journal Import 2591614:,/EFT/RECEIPT,2,,,,,0,900,Posted
09-09-2024,01.12102.000.0000.000.3706008.00000.000,eHIS,HIS_COLLECTION,3085040 HIS_COLLECTION 3358005YT7JQCWYLTG43,500169447,Journal Import 2591614:,/EFT/RECEIPT,2,,,,,0,325,Posted
09-09-2024,01.12102.000.0000.000.3706008.00000.000,eHIS,HIS_COLLECTION,3085048 HIS_COLLECTION 3358005YT7JQCWYLTG43,500169330,Journal Import 2591614:,/CASH/RECEIPT,2,,,,,0,600,Posted
09-09-2024,01.12102.000.0000.000.3706008.00000.000,eHIS,HIS_COLLECTION,3085057 HIS_COLLECTION 3358005YT7JQCWYLTG43,500169380,Journal Import 2591614:,/CARD/RECEIPT,2,,,,,0,750,Posted
09-09-2024,01.12102.000.0000.000.3706008.00000.000,eHIS,HIS_COLLECTION,3085059 HIS_COLLECTION 3358005YT7JQCWYLTG43,500169466,Journal Import 2591614:,/EFT/RECEIPT,2,,,,,0,500,Posted
09-09-2024,01.12102.000.0000.000.3706008.00000.000,eHIS,HIS_COLLECTION,3085066 HIS_COLLECTION 3358005YT7JQCWYLTG43,500169449,Journal Import 2591614:,/EFT/RECEIPT,2,,,,,0,1700,Posted
09-09-2024,01.12102.000.0000.000.3706008.00000.000,eHIS,HIS_COLLECTION,3085068 HIS_COLLECTION 3358005YT7JQCWYLTG43,500169365,Journal Import 2591614:,/EFT/RECEIPT,2,,,,,0,600,Posted
09-09-2024,01.12102.000.0000.000.3706008.00000.000,eHIS,HIS_COLLECTION,3085072 HIS_COLLECTION 3358005YT7JQCWYLTG43,500169296,Journal Import 2591614:,/CASH/RECEIPT,2,,,,,0,400,Posted
09-09-2024,01.12102.000.0000.000.3706008.00000.000,eHIS,HIS_COLLECTION,3085084 HIS_COLLECTION 3358005YT7JQCWYLTG43,500169500,Journal Import 2591614:,/EFT/RECEIPT,2,,,,,0,6180,Posted
09-09-2024,01.12102.000.0000.000.3706008.00000.000,eHIS,HIS_COLLECTION,3085102 HIS_COLLECTION 3358005YT7JQCWYLTG43,500169467,Journal Import 2591614:,/CARD/RECEIPT,2,,,,,0,500,Posted
09-09-2024,01.12102.000.0000.000.3706008.00000.000,eHIS,HIS_COLLECTION,3085115 HIS_COLLECTION 3358005YT7JQCWYLTG43,500169457,Journal Import 2591614:,/EFT/RECEIPT,2,,,,,0,400,Posted
09-09-2024,01.12102.000.0000.000.3706008.00000.000,eHIS,HIS_COLLECTION,3085119 HIS_COLLECTION 3358005YT7JQCWYLTG43,500169511,Journal Import 2591614:,/CARD/RECEIPT,2,,,,,0,900,Posted
09-09-2024,01.12102.000.0000.000.3706008.00000.000,eHIS,HIS_COLLECTION,3085123 HIS_COLLECTION 3358005YT7JQCWYLTG43,500169428,Journal Import 2591614:,/EFT/RECEIPT,2,,,,,0,200,Posted
09-09-2024,01.12102.000.0000.000.3706008.00000.000,eHIS,HIS_COLLECTION,3085130 HIS_COLLECTION 3358005YT7JQCWYLTG43,500169321,Journal Import 2591614:,/CASH/RECEIPT,2,,,,,0,500,Posted
09-09-2024,01.12102.000.0000.000.3706008.00000.000,eHIS,HIS_COLLECTION,3085142 HIS_COLLECTION 3358005YT7JQCWYLTG43,500169496,Journal Import 2591614:,/CASH/REFUND,2,,,,,5100,0,Posted
09-09-2024,01.12102.000.0000.000.3706008.00000.000,eHIS,HIS_COLLECTION,3085157 HIS_COLLECTION 3358005YT7JQCWYLTG43,500169285,Journal Import 2591614:,/CASH/RECEIPT,2,,,,,0,1000,Posted
09-09-2024,01.12102.000.0000.000.3706008.00000.000,eHIS,HIS_COLLECTION,3085160 HIS_COLLECTION 3358005YT7JQCWYLTG43,500169293,Journal Import 2591614:,/CASH/RECEIPT,2,,,,,0,350,Posted
09-09-2024,01.12102.000.0000.000.3706008.00000.000,eHIS,HIS_COLLECTION,3085172 HIS_COLLECTION 3358005YT7JQCWYLTG43,500169294,Journal Import 2591614:,/CASH/RECEIPT,2,,,,,0,375,Posted
09-09-2024,01.12102.000.0000.000.3706008.00000.000,eHIS,HIS_COLLECTION,3085180 HIS_COLLECTION 3358005YT7JQCWYLTG43,500169400,Journal Import 2591614:,/CASH/RECEIPT,2,,,,,0,800,Posted
09-09-2024,01.12102.000.0000.000.3706008.00000.000,eHIS,HIS_COLLECTION,3085188 HIS_COLLECTION 3358005YT7JQCWYLTG43,500169412,Journal Import 2591614:,/CASH/RECEIPT,2,,,,,0,1300,Posted
09-09-2024,01.12102.000.0000.000.3706008.00000.000,eHIS,HIS_COLLECTION,3085197 HIS_COLLECTION 3358005YT7JQCWYLTG43,500169334,Journal Import 2591614:,/CASH/RECEIPT,2,,,,,0,700,Posted
09-09-2024,01.12102.000.0000.000.3706008.00000.000,eHIS,HIS_COLLECTION,3085203 HIS_COLLECTION 3358005YT7JQCWYLTG43,500169527,Journal Import 2591614:,/EFT/RECEIPT,2,,,,,0,180,Posted
09-09-2024,01.12102.000.0000.000.3706008.00000.000,eHIS,HIS_COLLECTION,3085207 HIS_COLLECTION 3358005YT7JQCWYLTG43,500169512,Journal Import 2591614:,/EFT/RECEIPT,2,,,,,0,900,Posted
09-09-2024,01.12102.000.0000.000.3706008.00000.000,eHIS,HIS_COLLECTION,3085211 HIS_COLLECTION 3358005YT7JQCWYLTG43,500169468,Journal Import 2591614:,/EFT/RECEIPT,2,,,,,0,500,Posted
09-09-2024,01.12102.000.0000.000.3706008.00000.000,eHIS,HIS_COLLECTION,3085213 HIS_COLLECTION 3358005YT7JQCWYLTG43,500169356,Journal Import 2591614:,/EFT/RECEIPT,2,,,,,0,500,Posted
09-09-2024,01.12102.000.0000.000.3706008.00000.000,eHIS,HIS_COLLECTION,3085215 HIS_COLLECTION 3358005YT7JQCWYLTG43,500169433,Journal Import 2591614:,/EFT/RECEIPT,2,,,,,0,1200,Posted
09-09-2024,01.12102.000.0000.000.3706008.00000.000,eHIS,HIS_COLLECTION,3085224 HIS_COLLECTION 3358005YT7JQCWYLTG43,500169357,Journal Import 2591614:,/EFT/RECEIPT,2,,,,,0,500,Posted
09-09-2024,01.12102.000.0000.000.3706008.00000.000,eHIS,HIS_COLLECTION,3085242 HIS_COLLECTION 3358005YT7JQCWYLTG43,500169431,Journal Import 2591614:,/EFT/RECEIPT,2,,,,,0,250,Posted
09-09-2024,01.12102.000.0000.000.3706008.00000.000,eHIS,HIS_COLLECTION,3085263 HIS_COLLECTION 3358005YT7JQCWYLTG43,500169358,Journal Import 2591614:,/EFT/RECEIPT,2,,,,,0,500,Posted
09-09-2024,01.12102.000.0000.000.3706008.00000.000,eHIS,HIS_COLLECTION,3085265 HIS_COLLECTION 3358005YT7JQCWYLTG43,500169413,Journal Import 2591614:,/CASH/RECEIPT,2,,,,,0,1300,Posted
09-09-2024,01.12102.000.0000.000.3706008.00000.000,eHIS,HIS_COLLECTION,3085267 HIS_COLLECTION 3358005YT7JQCWYLTG43,500169359,Journal Import 2591614:,/EFT/RECEIPT,2,,,,,0,500,Posted
09-09-2024,01.12102.000.0000.000.3706008.00000.000,eHIS,HIS_COLLECTION,3085273 HIS_COLLECTION 3358005YT7JQCWYLTG43,500169345,Journal Import 2591614:,/CASH/RECEIPT,2,,,,,0,750,Posted
09-09-2024,01.12102.000.0000.000.3706008.00000.000,eHIS,HIS_COLLECTION,3085283 HIS_COLLECTION 3358005YT7JQCWYLTG43,500169437,Journal Import 2591614:,/EFT/RECEIPT,2,,,,,0,1300,Posted
09-09-2024,01.12102.000.0000.000.3706008.00000.000,eHIS,HIS_COLLECTION,3085308 HIS_COLLECTION 3358005YT7JQCWYLTG43,500169518,Journal Import 2591614:,/CASH/RECEIPT,2,,,,,0,1200,Posted
09-09-2024,01.12102.000.0000.000.3706008.00000.000,eHIS,HIS_COLLECTION,3085310 HIS_COLLECTION 3358005YT7JQCWYLTG43,500169414,Journal Import 2591614:,/CASH/RECEIPT,2,,,,,0,1300,Posted
09-09-2024,01.12102.000.0000.000.3706008.00000.000,eHIS,HIS_COLLECTION,3085333 HIS_COLLECTION 3358005YT7JQCWYLTG43,500169418,Journal Import 2591614:,/EFT/RECEIPT,2,,,,,0,1100,Posted
09-09-2024,01.12102.000.0000.000.3706008.00000.000,eHIS,HIS_COLLECTION,3085339 HIS_COLLECTION 3358005YT7JQCWYLTG43,500169426,Journal Import 2591614:,/CASH/RECEIPT,2,,,,,0,1700,Posted
09-09-2024,01.12102.000.0000.000.3706008.00000.000,eHIS,HIS_COLLECTION,3085346 HIS_COLLECTION 3358005YT7JQCWYLTG43,500169528,Journal Import 2591614:,/EFT/RECEIPT,2,,,,,0,1000,Posted
09-09-2024,01.12102.000.0000.000.3706008.00000.000,eHIS,HIS_COLLECTION,3085350 HIS_COLLECTION 3358005YT7JQCWYLTG43,500169401,Journal Import 2591614:,/CASH/RECEIPT,2,,,,,0,800,Posted
09-09-2024,01.12102.000.0000.000.3706008.00000.000,eHIS,HIS_COLLECTION,3085358 HIS_COLLECTION 3358005YT7JQCWYLTG43,500169429,Journal Import 2591614:,/CARD/RECEIPT,2,,,,,0,200,Posted
09-09-2024,01.12102.000.0000.000.3706008.00000.000,eHIS,HIS_COLLECTION,3085368 HIS_COLLECTION 3358005YT7JQCWYLTG43,500169402,Journal Import 2591614:,/CASH/RECEIPT,2,,,,,0,800,Posted
09-09-2024,01.12102.000.0000.000.3706008.00000.000,eHIS,HIS_COLLECTION,3085377 HIS_COLLECTION 3358005YT7JQCWYLTG43,500169941,Journal Import 2591614:,/CASH/RECEIPT,2,,,,,0,3500,Posted
09-09-2024,01.12102.000.0000.000.3706008.00000.000,eHIS,HIS_COLLECTION,3085378 HIS_COLLECTION 3358005YT7JQCWYLTG43,500169505,Journal Import 2591614:,/EFT/RECEIPT,2,,,,,0,30,Posted
09-09-2024,01.12102.000.0000.000.3706008.00000.000,eHIS,HIS_COLLECTION,3085389 HIS_COLLECTION 3358005YT7JQCWYLTG43,500169403,Journal Import 2591614:,/CASH/RECEIPT,2,,,,,0,800,Posted
09-09-2024,01.12102.000.0000.000.3706008.00000.000,eHIS,HIS_COLLECTION,3085397 HIS_COLLECTION 3358005YT7JQCWYLTG43,500169404,Journal Import 2591614:,/CASH/RECEIPT,2,,,,,0,800,Posted
09-09-2024,01.12102.000.0000.000.3706008.00000.000,eHIS,HIS_COLLECTION,3085402 HIS_COLLECTION 3358005YT7JQCWYLTG43,500169290,Journal Import 2591614:,/CASH/RECEIPT,2,,,,,0,250,Posted
09-09-2024,01.12102.000.0000.000.3706008.00000.000,eHIS,HIS_COLLECTION,3085408 HIS_COLLECTION 3358005YT7JQCWYLTG43,500169362,Journal Import 2591614:,/EFT/RECEIPT,2,,,,,0,2000,Posted
09-09-2024,01.12102.000.0000.000.3706008.00000.000,eHIS,HIS_COLLECTION,3085411 HIS_COLLECTION 3358005YT7JQCWYLTG43,500169370,Journal Import 2591614:,/EFT/RECEIPT,2,,,,,0,3250,Posted
09-09-2024,01.12102.000.0000.000.3706008.00000.000,eHIS,HIS_COLLECTION,3085419 HIS_COLLECTION 3358005YT7JQCWYLTG43,500169446,Journal Import 2591614:,/EFT/RECEIPT,2,,,,,0,300,Posted
09-09-2024,01.12102.000.0000.000.3706008.00000.000,eHIS,HIS_COLLECTION,3085429 HIS_COLLECTION 3358005YT7JQCWYLTG43,500169483,Journal Import 2591614:,/EFT/RECEIPT,2,,,,,0,800,Posted
09-09-2024,01.12102.000.0000.000.3706008.00000.000,eHIS,HIS_COLLECTION,3085439 HIS_COLLECTION 3358005YT7JQCWYLTG43,500169450,Journal Import 2591614:,/EFT/RECEIPT,2,,,,,0,1700,Posted
09-09-2024,01.12102.000.0000.000.3706008.00000.000,eHIS,HIS_COLLECTION,3085441 HIS_COLLECTION 3358005YT7JQCWYLTG43,500169484,Journal Import 2591614:,/EFT/RECEIPT,2,,,,,0,800,Posted
09-09-2024,01.12102.000.0000.000.3706008.00000.000,eHIS,HIS_COLLECTION,3085451 HIS_COLLECTION 3358005YT7JQCWYLTG43,500169360,Journal Import 2591614:,/EFT/RECEIPT,2,,,,,0,500,Posted
09-09-2024,01.12102.000.0000.000.3706008.00000.000,eHIS,HIS_COLLECTION,3085457 HIS_COLLECTION 3358005YT7JQCWYLTG43,500169519,Journal Import 2591614:,/CASH/RECEIPT,2,,,,,0,1200,Posted
09-09-2024,01.12102.000.0000.000.3706008.00000.000,eHIS,HIS_COLLECTION,3085461 HIS_COLLECTION 3358005YT7JQCWYLTG43,500169485,Journal Import 2591614:,/EFT/RECEIPT,2,,,,,0,800,Posted
09-09-2024,01.12102.000.0000.000.3706008.00000.000,eHIS,HIS_COLLECTION,3085467 HIS_COLLECTION 3358005YT7JQCWYLTG43,500169367,Journal Import 2591614:,/EFT/RECEIPT,2,,,,,0,630,Posted
09-09-2024,01.12102.000.0000.000.3706008.00000.000,eHIS,HIS_COLLECTION,3085472 HIS_COLLECTION 3358005YT7JQCWYLTG43,500169300,Journal Import 2591614:,/CASH/RECEIPT,2,,,,,0,410,Posted
09-09-2024,01.12102.000.0000.000.3706008.00000.000,eHIS,HIS_COLLECTION,3085474 HIS_COLLECTION 3358005YT7JQCWYLTG43,500169443,Journal Import 2591614:,/EFT/RECEIPT,2,,,,,0,250,Posted
09-09-2024,01.12102.000.0000.000.3706008.00000.000,eHIS,HIS_COLLECTION,3085490 HIS_COLLECTION 3358005YT7JQCWYLTG43,500169460,Journal Import 2591614:,/CASH/RECEIPT,2,,,,,0,3300,Posted
09-09-2024,01.12102.000.0000.000.3706008.00000.000,eHIS,HIS_COLLECTION,3085495 HIS_COLLECTION 3358005YT7JQCWYLTG43,500169529,Journal Import 2591614:,/EFT/RECEIPT,2,,,,,0,1000,Posted
09-09-2024,01.12102.000.0000.000.3706008.00000.000,eHIS,HIS_COLLECTION,3085497 HIS_COLLECTION 3358005YT7JQCWYLTG43,500169415,Journal Import 2591614:,/CASH/RECEIPT,2,,,,,0,1300,Posted
09-09-2024,01.12102.000.0000.000.3706008.00000.000,eHIS,HIS_COLLECTION,3085503 HIS_COLLECTION 3358005YT7JQCWYLTG43,500169486,Journal Import 2591614:,/EFT/RECEIPT,2,,,,,0,800,Posted
09-09-2024,01.12102.000.0000.000.3706008.00000.000,eHIS,HIS_COLLECTION,3085505 HIS_COLLECTION 3358005YT7JQCWYLTG43,500169286,Journal Import 2591614:,/CASH/RECEIPT,2,,,,,0,1000,Posted
09-09-2024,01.12102.000.0000.000.3706008.00000.000,eHIS,HIS_COLLECTION,3085523 HIS_COLLECTION 3358005YT7JQCWYLTG43,500169335,Journal Import 2591614:,/CASH/RECEIPT,2,,,,,0,700,Posted
09-09-2024,01.12102.000.0000.000.3706008.00000.000,eHIS,HIS_COLLECTION,3085525 HIS_COLLECTION 3358005YT7JQCWYLTG43,500169378,Journal Import 2591614:,/EFT/RECEIPT,2,,,,,0,700,Posted
09-09-2024,01.12102.000.0000.000.3706008.00000.000,eHIS,HIS_COLLECTION,3085536 HIS_COLLECTION 3358005YT7JQCWYLTG43,500169351,Journal Import 2591614:,/EFT/RECEIPT,2,,,,,0,1880,Posted
09-09-2024,01.12102.000.0000.000.3706008.00000.000,eHIS,HIS_COLLECTION,3085541 HIS_COLLECTION 3358005YT7JQCWYLTG43,500169419,Journal Import 2591614:,/EFT/RECEIPT,2,,,,,0,1100,Posted
09-09-2024,01.12102.000.0000.000.3706008.00000.000,eHIS,HIS_COLLECTION,3085550 HIS_COLLECTION 3358005YT7JQCWYLTG43,500169322,Journal Import 2591614:,/CASH/RECEIPT,2,,,,,0,500,Posted
10-09-2024,01.12102.000.0000.000.3706008.00000.000,eHIS,HIS_COLLECTION,3085556 HIS_COLLECTION 3358005YT7JQCWYLTG43,500170008,Journal Import 2599930:,/EFT/RECEIPT,2,,,,,0,3263,Posted
09-09-2024,01.12102.000.0000.000.3706008.00000.000,eHIS,HIS_COLLECTION,3085582 HIS_COLLECTION 3358005YT7JQCWYLTG43,500169297,Journal Import 2591614:,/CASH/RECEIPT,2,,,,,0,400,Posted
09-09-2024,01.12102.000.0000.000.3706008.00000.000,eHIS,HIS_COLLECTION,3085584 HIS_COLLECTION 3358005YT7JQCWYLTG43,500169487,Journal Import 2591614:,/CARD/RECEIPT,2,,,,,0,800,Posted
09-09-2024,01.12102.000.0000.000.3706008.00000.000,eHIS,HIS_COLLECTION,3085587 HIS_COLLECTION 3358005YT7JQCWYLTG43,500169520,Journal Import 2591614:,/CASH/RECEIPT,2,,,,,0,1200,Posted
09-09-2024,01.12102.000.0000.000.3706008.00000.000,eHIS,HIS_COLLECTION,3085600 HIS_COLLECTION 3358005YT7JQCWYLTG43,500169530,Journal Import 2591614:,/EFT/RECEIPT,2,,,,,0,1000,Posted
09-09-2024,01.12102.000.0000.000.3706008.00000.000,eHIS,HIS_COLLECTION,3085607 HIS_COLLECTION 3358005YT7JQCWYLTG43,500169291,Journal Import 2591614:,/CASH/RECEIPT,2,,,,,0,900,Posted
09-09-2024,01.12102.000.0000.000.3706008.00000.000,eHIS,HIS_COLLECTION,3085612 HIS_COLLECTION 3358005YT7JQCWYLTG43,500169410,Journal Import 2591614:,/CASH/RECEIPT,2,,,,,0,1250,Posted
09-09-2024,01.12102.000.0000.000.3706008.00000.000,eHIS,HIS_COLLECTION,3085622 HIS_COLLECTION 3358005YT7JQCWYLTG43,500169323,Journal Import 2591614:,/CASH/RECEIPT,2,,,,,0,500,Posted
09-09-2024,01.12102.000.0000.000.3706008.00000.000,eHIS,HIS_COLLECTION,3085624 HIS_COLLECTION 3358005YT7JQCWYLTG43,500169438,Journal Import 2591614:,/EFT/RECEIPT,2,,,,,0,1300,Posted
09-09-2024,01.12102.000.0000.000.3706008.00000.000,eHIS,HIS_COLLECTION,3085643 HIS_COLLECTION 3358005YT7JQCWYLTG43,500169473,Journal Import 2591614:,/CARD/RECEIPT,2,,,,,0,1850,Posted
09-09-2024,01.12102.000.0000.000.3706008.00000.000,eHIS,HIS_COLLECTION,3085646 HIS_COLLECTION 3358005YT7JQCWYLTG43,500169405,Journal Import 2591614:,/CASH/RECEIPT,2,,,,,0,800,Posted
09-09-2024,01.12102.000.0000.000.3706008.00000.000,eHIS,HIS_COLLECTION,3085652 HIS_COLLECTION 3358005YT7JQCWYLTG43,500169521,Journal Import 2591614:,/CASH/RECEIPT,2,,,,,0,1200,Posted
09-09-2024,01.12102.000.0000.000.3706008.00000.000,eHIS,HIS_COLLECTION,3085663 HIS_COLLECTION 3358005YT7JQCWYLTG43,500169275,Journal Import 2591614:,/CASH/RECEIPT,2,,,,,0,750,Posted
09-09-2024,01.12102.000.0000.000.3706008.00000.000,eHIS,HIS_COLLECTION,3085665 HIS_COLLECTION 3358005YT7JQCWYLTG43,500169332,Journal Import 2591614:,/CASH/RECEIPT,2,,,,,0,650,Posted
09-09-2024,01.12102.000.0000.000.3706008.00000.000,eHIS,HIS_COLLECTION,3085671 HIS_COLLECTION 3358005YT7JQCWYLTG43,500169531,Journal Import 2591614:,/EFT/RECEIPT,2,,,,,0,1000,Posted
09-09-2024,01.12102.000.0000.000.3706008.00000.000,eHIS,HIS_COLLECTION,3085673 HIS_COLLECTION 3358005YT7JQCWYLTG43,500169324,Journal Import 2591614:,/CASH/RECEIPT,2,,,,,0,500,Posted
09-09-2024,01.12102.000.0000.000.3706008.00000.000,eHIS,HIS_COLLECTION,3085688 HIS_COLLECTION 3358005YT7JQCWYLTG43,500169376,Journal Import 2591614:,/EFT/RECEIPT,2,,,,,0,650,Posted
10-09-2024,01.12102.000.0000.000.3706008.00000.000,eHIS,HIS_COLLECTION,3085693 HIS_COLLECTION 3358005YT7JQCWYLTG43,500170005,Journal Import 2599930:,/EFT/RECEIPT,2,,,,,0,800,Posted
09-09-2024,01.12102.000.0000.000.3706008.00000.000,eHIS,HIS_COLLECTION,3085700 HIS_COLLECTION 3358005YT7JQCWYLTG43,500169501,Journal Import 2591614:,/EFT/RECEIPT,2,,,,,0,6550,Posted
09-09-2024,01.12102.000.0000.000.3706008.00000.000,eHIS,HIS_COLLECTION,3085706 HIS_COLLECTION 3358005YT7JQCWYLTG43,500169532,Journal Import 2591614:,/EFT/RECEIPT,2,,,,,0,1000,Posted
09-09-2024,01.12102.000.0000.000.3706008.00000.000,eHIS,HIS_COLLECTION,3085719 HIS_COLLECTION 3358005YT7JQCWYLTG43,500169420,Journal Import 2591614:,/EFT/RECEIPT,2,,,,,0,1100,Posted
10-09-2024,01.12102.000.0000.000.3706008.00000.000,eHIS,HIS_COLLECTION,3085725 HIS_COLLECTION 3358005YT7JQCWYLTG43,500170007,Journal Import 2599930:,/EFT/RECEIPT,2,,,,,0,1422,Posted
09-09-2024,01.12102.000.0000.000.3706008.00000.000,eHIS,HIS_COLLECTION,3085729 HIS_COLLECTION 3358005YT7JQCWYLTG43,500169526,Journal Import 2591614:,/EFT/RECEIPT,2,,,,,0,100,Posted
10-09-2024,01.12102.000.0000.000.3706008.00000.000,eHIS,HIS_COLLECTION,3085743 HIS_COLLECTION 3358005YT7JQCWYLTG43,500170006,Journal Import 2599930:,/EFT/RECEIPT,2,,,,,0,810,Posted
09-09-2024,01.12102.000.0000.000.3706008.00000.000,eHIS,HIS_COLLECTION,3085745 HIS_COLLECTION 3358005YT7JQCWYLTG43,500169488,Journal Import 2591614:,/EFT/RECEIPT,2,,,,,0,800,Posted
09-09-2024,01.12102.000.0000.000.3706008.00000.000,eHIS,HIS_COLLECTION,3085758 HIS_COLLECTION 3358005YT7JQCWYLTG43,500169427,Journal Import 2591614:,/CASH/RECEIPT,2,,,,,0,1700,Posted
09-09-2024,01.12102.000.0000.000.3706008.00000.000,eHIS,HIS_COLLECTION,3085763 HIS_COLLECTION 3358005YT7JQCWYLTG43,500169298,Journal Import 2591614:,/CASH/RECEIPT,2,,,,,0,400,Posted
09-09-2024,01.12102.000.0000.000.3706008.00000.000,eHIS,HIS_COLLECTION,3085769 HIS_COLLECTION 3358005YT7JQCWYLTG43,500169444,Journal Import 2591614:,/EFT/RECEIPT,2,,,,,0,257,Posted
09-09-2024,01.12102.000.0000.000.3706008.00000.000,eHIS,HIS_COLLECTION,3085775 HIS_COLLECTION 3358005YT7JQCWYLTG43,500169522,Journal Import 2591614:,/CASH/RECEIPT,2,,,,,0,1200,Posted
09-09-2024,01.12102.000.0000.000.3706008.00000.000,eHIS,HIS_COLLECTION,3085777 HIS_COLLECTION 3358005YT7JQCWYLTG43,500169361,Journal Import 2591614:,/EFT/RECEIPT,2,,,,,0,500,Posted
09-09-2024,01.12102.000.0000.000.3706008.00000.000,eHIS,HIS_COLLECTION,3085788 HIS_COLLECTION 3358005YT7JQCWYLTG43,500169346,Journal Import 2591614:,/CARD/RECEIPT,2,,,,,0,1850,Posted
09-09-2024,01.12102.000.0000.000.3706008.00000.000,eHIS,HIS_COLLECTION,3085790 HIS_COLLECTION 3358005YT7JQCWYLTG43,500169513,Journal Import 2591614:,/EFT/RECEIPT,2,,,,,0,900,Posted
09-09-2024,01.12102.000.0000.000.3706008.00000.000,eHIS,HIS_COLLECTION,3085796 HIS_COLLECTION 3358005YT7JQCWYLTG43,500169377,Journal Import 2591614:,/EFT/RECEIPT,2,,,,,0,650,Posted
09-09-2024,01.12102.000.0000.000.3706008.00000.000,eHIS,HIS_COLLECTION,3085802 HIS_COLLECTION 3358005YT7JQCWYLTG43,500169514,Journal Import 2591614:,/EFT/RECEIPT,2,,,,,0,900,Posted
09-09-2024,01.12102.000.0000.000.3706008.00000.000,eHIS,HIS_COLLECTION,3085806 HIS_COLLECTION 3358005YT7JQCWYLTG43,500169287,Journal Import 2591614:,/CASH/RECEIPT,2,,,,,0,1000,Posted
09-09-2024,01.12102.000.0000.000.3706008.00000.000,eHIS,HIS_COLLECTION,3085817 HIS_COLLECTION 3358005YT7JQCWYLTG43,500169497,Journal Import 2591614:,/EFT/RECEIPT,2,,,,,0,800,Posted
09-09-2024,01.12102.000.0000.000.3706008.00000.000,eHIS,HIS_COLLECTION,3085821 HIS_COLLECTION 3358005YT7JQCWYLTG43,500169498,Journal Import 2591614:,/EFT/RECEIPT,2,,,,,0,800,Posted
09-09-2024,01.12102.000.0000.000.3706008.00000.000,eHIS,HIS_COLLECTION,3085835 HIS_COLLECTION 3358005YT7JQCWYLTG43,500169336,Journal Import 2591614:,/CASH/RECEIPT,2,,,,,0,700,Posted
09-09-2024,01.12102.000.0000.000.3706008.00000.000,eHIS,HIS_COLLECTION,3085850 HIS_COLLECTION 3358005YT7JQCWYLTG43,500169353,Journal Import 2591614:,/CASH/RECEIPT,2,,,,,0,5000,Posted
09-09-2024,01.12102.000.0000.000.3706008.00000.000,eHIS,HIS_COLLECTION,3085852 HIS_COLLECTION 3358005YT7JQCWYLTG43,500169533,Journal Import 2591614:,/CARD/RECEIPT,2,,,,,0,1000,Posted
09-09-2024,01.12102.000.0000.000.3706008.00000.000,eHIS,HIS_COLLECTION,3085859 HIS_COLLECTION 3358005YT7JQCWYLTG43,500169523,Journal Import 2591614:,/CASH/RECEIPT,2,,,,,0,1200,Posted
09-09-2024,01.12102.000.0000.000.3706008.00000.000,eHIS,HIS_COLLECTION,3085863 HIS_COLLECTION 3358005YT7JQCWYLTG43,500169456,Journal Import 2591614:,/CASH/RECEIPT,2,,,,,0,2000,Posted
09-09-2024,01.12102.000.0000.000.3706008.00000.000,eHIS,HIS_COLLECTION,3085868 HIS_COLLECTION 3358005YT7JQCWYLTG43,500169445,Journal Import 2591614:,/EFT/RECEIPT,2,,,,,0,269,Posted
09-09-2024,01.12102.000.0000.000.3706008.00000.000,eHIS,HIS_COLLECTION,3085875 HIS_COLLECTION 3358005YT7JQCWYLTG43,500169288,Journal Import 2591614:,/CASH/RECEIPT,2,,,,,0,1000,Posted
09-09-2024,01.12102.000.0000.000.3706008.00000.000,eHIS,HIS_COLLECTION,3085878 HIS_COLLECTION 3358005YT7JQCWYLTG43,500169451,Journal Import 2591614:,/EFT/RECEIPT,2,,,,,0,1700,Posted
09-09-2024,01.12102.000.0000.000.3706008.00000.000,eHIS,HIS_COLLECTION,3085886 HIS_COLLECTION 3358005YT7JQCWYLTG43,500169406,Journal Import 2591614:,/CASH/RECEIPT,2,,,,,0,800,Posted
09-09-2024,01.12102.000.0000.000.3706008.00000.000,eHIS,HIS_COLLECTION,3085890 HIS_COLLECTION 3358005YT7JQCWYLTG43,500169421,Journal Import 2591614:,/EFT/RECEIPT,2,,,,,0,1100,Posted
09-09-2024,01.12102.000.0000.000.3706008.00000.000,eHIS,HIS_COLLECTION,3085894 HIS_COLLECTION 3358005YT7JQCWYLTG43,500169337,Journal Import 2591614:,/CASH/RECEIPT,2,,,,,0,700,Posted
09-09-2024,01.12102.000.0000.000.3706008.00000.000,eHIS,HIS_COLLECTION,3085898 HIS_COLLECTION 3358005YT7JQCWYLTG43,500169943,Journal Import 2591614:,/CASH/RECEIPT,2,,,,,0,800,Posted
09-09-2024,01.12102.000.0000.000.3706008.00000.000,eHIS,HIS_COLLECTION,3085904 HIS_COLLECTION 3358005YT7JQCWYLTG43,500169944,Journal Import 2591614:,/CASH/RECEIPT,2,,,,,0,800,Posted
09-09-2024,01.12102.000.0000.000.3706008.00000.000,eHIS,HIS_COLLECTION,3085919 HIS_COLLECTION 3358005YT7JQCWYLTG43,500169499,Journal Import 2591614:,/EFT/RECEIPT,2,,,,,0,800,Posted
09-09-2024,01.12102.000.0000.000.3706008.00000.000,eHIS,HIS_COLLECTION,3085929 HIS_COLLECTION 3358005YT7JQCWYLTG43,500169347,Journal Import 2591614:,/EFT/RECEIPT,2,,,,,0,1850,Posted
09-09-2024,01.12102.000.0000.000.3706008.00000.000,eHIS,HIS_COLLECTION,3085938 HIS_COLLECTION 3358005YT7JQCWYLTG43,500169348,Journal Import 2591614:,/CARD/RECEIPT,2,,,,,0,1850,Posted
09-09-2024,01.12102.000.0000.000.3706008.00000.000,eHIS,HIS_COLLECTION,3085942 HIS_COLLECTION 3358005YT7JQCWYLTG43,500169349,Journal Import 2591614:,/EFT/RECEIPT,2,,,,,0,1850,Posted
09-09-2024,01.12102.000.0000.000.3706008.00000.000,eHIS,HIS_COLLECTION,3085946 HIS_COLLECTION 3358005YT7JQCWYLTG43,500169434,Journal Import 2591614:,/EFT/RECEIPT,2,,,,,0,1200,Posted
09-09-2024,01.12102.000.0000.000.3706008.00000.000,eHIS,HIS_COLLECTION,3085953 HIS_COLLECTION 3358005YT7JQCWYLTG43,500169299,Journal Import 2591614:,/CASH/RECEIPT,2,,,,,0,400,Posted
09-09-2024,01.12102.000.0000.000.3706008.00000.000,eHIS,HIS_COLLECTION,3085957 HIS_COLLECTION 3358005YT7JQCWYLTG43,500169292,Journal Import 2591614:,/CASH/RECEIPT,2,,,,,0,336,Posted
09-09-2024,01.12102.000.0000.000.3706008.00000.000,eHIS,HIS_COLLECTION,3085971 HIS_COLLECTION 3358005YT7JQCWYLTG43,500169945,Journal Import 2591614:,/CASH/RECEIPT,2,,,,,0,800,Posted
09-09-2024,01.12102.000.0000.000.3706008.00000.000,eHIS,HIS_COLLECTION,3085975 HIS_COLLECTION 3358005YT7JQCWYLTG43,500169350,Journal Import 2591614:,/EFT/RECEIPT,2,,,,,0,1850,Posted
09-09-2024,01.12102.000.0000.000.3706008.00000.000,eHIS,HIS_COLLECTION,3085977 HIS_COLLECTION 3358005YT7JQCWYLTG43,500169355,Journal Import 2591614:,/CASH/RECEIPT,2,,,,,0,6600,Posted
09-09-2024,01.12102.000.0000.000.3706008.00000.000,eHIS,HIS_COLLECTION,3085979 HIS_COLLECTION 3358005YT7JQCWYLTG43,500169435,Journal Import 2591614:,/EFT/RECEIPT,2,,,,,0,1200,Posted
09-09-2024,01.12102.000.0000.000.3706008.00000.000,eHIS,HIS_COLLECTION,3085989 HIS_COLLECTION 3358005YT7JQCWYLTG43,500169325,Journal Import 2591614:,/CASH/RECEIPT,2,,,,,0,500,Posted
09-09-2024,01.12102.000.0000.000.3706008.00000.000,eHIS,HIS_COLLECTION,3085995 HIS_COLLECTION 3358005YT7JQCWYLTG43,500169398,Journal Import 2591614:,/CASH/RECEIPT,2,,,,,0,100,Posted
09-09-2024,01.12102.000.0000.000.3706008.00000.000,eHIS,HIS_COLLECTION,3086019 HIS_COLLECTION 3358005YT7JQCWYLTG43,500169389,Journal Import 2591614:,/EFT/RECEIPT,2,,,,,0,4500,Posted
09-09-2024,01.12102.000.0000.000.3706008.00000.000,eHIS,HIS_COLLECTION,3086035 HIS_COLLECTION 3358005YT7JQCWYLTG43,500169373,Journal Import 2591614:,/CASH/RECEIPT,2,,,,,0,19158,Posted
09-09-2024,01.12102.000.0000.000.3706008.00000.000,eHIS,HIS_COLLECTION,3086045 HIS_COLLECTION 3358005YT7JQCWYLTG43,500169409,Journal Import 2591614:,/CASH/RECEIPT,2,,,,,0,200,Posted
09-09-2024,01.12102.000.0000.000.3706008.00000.000,eHIS,HIS_COLLECTION,3086053 HIS_COLLECTION 3358005YT7JQCWYLTG43,500169399,Journal Import 2591614:,/CASH/RECEIPT,2,,,,,0,100,Posted
09-09-2024,01.12102.000.0000.000.3706008.00000.000,eHIS,HIS_COLLECTION,3086082 HIS_COLLECTION 3358005YT7JQCWYLTG43,500169368,Journal Import 2591614:,/CARD/RECEIPT,2,,,,,0,2380,Posted
10-09-2024,01.12102.000.0000.000.3706008.00000.000,eHIS,HIS_COLLECTION,3086108 HIS_COLLECTION 3358005YT7JQCWYLTG43,500169996,Journal Import 2591614:,/CASH/RECEIPT,2,,,,,0,100,Posted
10-09-2024,01.12102.000.0000.000.3706008.00000.000,eHIS,HIS_COLLECTION,3086112 HIS_COLLECTION 3358005YT7JQCWYLTG43,500169999,Journal Import 2591614:,/CASH/RECEIPT,2,,,,,0,700,Posted
10-09-2024,01.12102.000.0000.000.3706008.00000.000,eHIS,HIS_COLLECTION,3086116 HIS_COLLECTION 3358005YT7JQCWYLTG43,500170394,Journal Import 2591641:,/CASH/RECEIPT,2,,,,,0,100,Posted
10-09-2024,01.12102.000.0000.000.3706008.00000.000,eHIS,HIS_COLLECTION,3086120 HIS_COLLECTION 3358005YT7JQCWYLTG43,500170327,Journal Import 2591641:,/EFT/RECEIPT,2,,,,,0,3250,Posted
10-09-2024,01.12102.000.0000.000.3706008.00000.000,eHIS,HIS_COLLECTION,3086128 HIS_COLLECTION 3358005YT7JQCWYLTG43,500170187,Journal Import 2591641:,/CASH/RECEIPT,2,,,,,0,2330,Posted
10-09-2024,01.12102.000.0000.000.3706008.00000.000,eHIS,HIS_COLLECTION,3086132 HIS_COLLECTION 3358005YT7JQCWYLTG43,500170660,Journal Import 2591641:,/CASH/RECEIPT,2,,,,,0,100,Posted
10-09-2024,01.12102.000.0000.000.3706008.00000.000,eHIS,HIS_COLLECTION,3086146 HIS_COLLECTION 3358005YT7JQCWYLTG43,500170021,Journal Import 2591641:,/CASH/RECEIPT,2,,,,,0,700,Posted
10-09-2024,01.12102.000.0000.000.3706008.00000.000,eHIS,HIS_COLLECTION,3086156 HIS_COLLECTION 3358005YT7JQCWYLTG43,500170661,Journal Import 2591641:,/CASH/RECEIPT,2,,,,,0,100,Posted
10-09-2024,01.12102.000.0000.000.3706008.00000.000,eHIS,HIS_COLLECTION,3086158 HIS_COLLECTION 3358005YT7JQCWYLTG43,500170151,Journal Import 2591641:,/CASH/RECEIPT,2,,,,,0,1850,Posted
10-09-2024,01.12102.000.0000.000.3706008.00000.000,eHIS,HIS_COLLECTION,3086162 HIS_COLLECTION 3358005YT7JQCWYLTG43,500170662,Journal Import 2591641:,/CASH/RECEIPT,2,,,,,0,100,Posted
10-09-2024,01.12102.000.0000.000.3706008.00000.000,eHIS,HIS_COLLECTION,3086167 HIS_COLLECTION 3358005YT7JQCWYLTG43,500170358,Journal Import 2591641:,/EFT/RECEIPT,2,,,,,0,100,Posted
10-09-2024,01.12102.000.0000.000.3706008.00000.000,eHIS,HIS_COLLECTION,3086171 HIS_COLLECTION 3358005YT7JQCWYLTG43,500170663,Journal Import 2591641:,/CASH/RECEIPT,2,,,,,0,100,Posted
10-09-2024,01.12102.000.0000.000.3706008.00000.000,eHIS,HIS_COLLECTION,3086175 HIS_COLLECTION 3358005YT7JQCWYLTG43,500170145,Journal Import 2591641:,/CASH/RECEIPT,2,,,,,0,400,Posted
10-09-2024,01.12102.000.0000.000.3706008.00000.000,eHIS,HIS_COLLECTION,3086176 HIS_COLLECTION 3358005YT7JQCWYLTG43,500170356,Journal Import 2591641:,/EFT/RECEIPT,2,,,,,0,50,Posted
10-09-2024,01.12102.000.0000.000.3706008.00000.000,eHIS,HIS_COLLECTION,3086190 HIS_COLLECTION 3358005YT7JQCWYLTG43,500170091,Journal Import 2591641:,/EFT/RECEIPT,2,,,,,0,10000,Posted
10-09-2024,01.12102.000.0000.000.3706008.00000.000,eHIS,HIS_COLLECTION,3086191 HIS_COLLECTION 3358005YT7JQCWYLTG43,500170354,Journal Import 2591641:,/CASH/REFUND,2,,,,,9500,0,Posted
10-09-2024,01.12102.000.0000.000.3706008.00000.000,eHIS,HIS_COLLECTION,3086205 HIS_COLLECTION 3358005YT7JQCWYLTG43,500170319,Journal Import 2591641:,/EFT/RECEIPT,2,,,,,0,410,Posted
10-09-2024,01.12102.000.0000.000.3706008.00000.000,eHIS,HIS_COLLECTION,3086208 HIS_COLLECTION 3358005YT7JQCWYLTG43,500170188,Journal Import 2591641:,/CASH/RECEIPT,2,,,,,0,2499,Posted
10-09-2024,01.12102.000.0000.000.3706008.00000.000,eHIS,HIS_COLLECTION,3086212 HIS_COLLECTION 3358005YT7JQCWYLTG43,500170113,Journal Import 2591641:,/CASH/RECEIPT,2,,,,,0,4600,Posted
10-09-2024,01.12102.000.0000.000.3706008.00000.000,eHIS,HIS_COLLECTION,3086214 HIS_COLLECTION 3358005YT7JQCWYLTG43,500170085,Journal Import 2591641:,/CASH/RECEIPT,2,,,,,0,2850,Posted
10-09-2024,01.12102.000.0000.000.3706008.00000.000,eHIS,HIS_COLLECTION,3086218 HIS_COLLECTION 3358005YT7JQCWYLTG43,500170189,Journal Import 2591641:,/CASH/RECEIPT,2,,,,,0,2499,Posted
11-09-2024,01.12102.000.0000.000.3706008.00000.000,eHIS,HIS_COLLECTION,3086220 HIS_COLLECTION 3358005YT7JQCWYLTG43,500170738,Journal Import 2599930:,/EFT/RECEIPT,2,,,,,0,1138,Posted
10-09-2024,01.12102.000.0000.000.3706008.00000.000,eHIS,HIS_COLLECTION,3086225 HIS_COLLECTION 3358005YT7JQCWYLTG43,500170160,Journal Import 2591641:,/EFT/RECEIPT,2,,,,,0,5888,Posted
10-09-2024,01.12102.000.0000.000.3706008.00000.000,eHIS,HIS_COLLECTION,3086229 HIS_COLLECTION 3358005YT7JQCWYLTG43,500170331,Journal Import 2591641:,/EFT/RECEIPT,2,,,,,0,3500,Posted
10-09-2024,01.12102.000.0000.000.3706008.00000.000,eHIS,HIS_COLLECTION,3086231 HIS_COLLECTION 3358005YT7JQCWYLTG43,500170330,Journal Import 2591641:,/CARD/RECEIPT,2,,,,,0,3420,Posted
10-09-2024,01.12102.000.0000.000.3706008.00000.000,eHIS,HIS_COLLECTION,3086235 HIS_COLLECTION 3358005YT7JQCWYLTG43,500170300,Journal Import 2591641:,/CARD/RECEIPT,2,,,,,0,2280,Posted
10-09-2024,01.12102.000.0000.000.3706008.00000.000,eHIS,HIS_COLLECTION,3086239 HIS_COLLECTION 3358005YT7JQCWYLTG43,500170322,Journal Import 2591641:,/CARD/RECEIPT,2,,,,,0,2600,Posted
10-09-2024,01.12102.000.0000.000.3706008.00000.000,eHIS,HIS_COLLECTION,3086241 HIS_COLLECTION 3358005YT7JQCWYLTG43,500170323,Journal Import 2591641:,/CARD/RECEIPT,2,,,,,0,2600,Posted
10-09-2024,01.12102.000.0000.000.3706008.00000.000,eHIS,HIS_COLLECTION,3086245 HIS_COLLECTION 3358005YT7JQCWYLTG43,500170399,Journal Import 2591641:,/CASH/REFUND,2,,,,,177,0,Posted
10-09-2024,01.12102.000.0000.000.3706008.00000.000,eHIS,HIS_COLLECTION,3086250 HIS_COLLECTION 3358005YT7JQCWYLTG43,500170154,Journal Import 2591641:,/CARD/RECEIPT,2,,,,,0,650,Posted
10-09-2024,01.12102.000.0000.000.3706008.00000.000,eHIS,HIS_COLLECTION,3086254 HIS_COLLECTION 3358005YT7JQCWYLTG43,500170190,Journal Import 2591641:,/CASH/RECEIPT,2,,,,,0,2499,Posted
10-09-2024,01.12102.000.0000.000.3706008.00000.000,eHIS,HIS_COLLECTION,3086257 HIS_COLLECTION 3358005YT7JQCWYLTG43,500170086,Journal Import 2591641:,/CASH/RECEIPT,2,,,,,0,3299,Posted
10-09-2024,01.12102.000.0000.000.3706008.00000.000,eHIS,HIS_COLLECTION,3086267 HIS_COLLECTION 3358005YT7JQCWYLTG43,500170131,Journal Import 2591641:,/CASH/RECEIPT,2,,,,,0,6900,Posted
10-09-2024,01.12102.000.0000.000.3706008.00000.000,eHIS,HIS_COLLECTION,3086275 HIS_COLLECTION 3358005YT7JQCWYLTG43,500170116,Journal Import 2591641:,/EFT/RECEIPT,2,,,,,0,850,Posted
10-09-2024,01.12102.000.0000.000.3706008.00000.000,eHIS,HIS_COLLECTION,3086292 HIS_COLLECTION 3358005YT7JQCWYLTG43,500170059,Journal Import 2591641:,/CASH/RECEIPT,2,,,,,0,800,Posted
10-09-2024,01.12102.000.0000.000.3706008.00000.000,eHIS,HIS_COLLECTION,3086306 HIS_COLLECTION 3358005YT7JQCWYLTG43,500170420,Journal Import 2591641:,/EFT/RECEIPT,2,,,,,0,1250,Posted
10-09-2024,01.12102.000.0000.000.3706008.00000.000,eHIS,HIS_COLLECTION,3086320 HIS_COLLECTION 3358005YT7JQCWYLTG43,500170295,Journal Import 2591641:,/EFT/RECEIPT,3,,,,,0,200,Posted
10-09-2024,01.12102.000.0000.000.3706008.00000.000,eHIS,HIS_COLLECTION,3086320 HIS_COLLECTION 3358005YT7JQCWYLTG43,500170295,Journal Import 2591641:,/EFT/RECEIPT,4,,,,,0,1080,Posted
10-09-2024,01.12102.000.0000.000.3706008.00000.000,eHIS,HIS_COLLECTION,3086324 HIS_COLLECTION 3358005YT7JQCWYLTG43,500170421,Journal Import 2591641:,/DEPOSIT ADJUSTMENT/TRANSFER/RECEIPT,2,,,,,0,1280,Posted
10-09-2024,01.12102.000.0000.000.3706008.00000.000,eHIS,HIS_COLLECTION,3086325 HIS_COLLECTION 3358005YT7JQCWYLTG43,500170011,Journal Import 2600363:,/DEPOSIT ADJUSTMENT/TRANSFER/REFUND,1,,,,,1280,0,Posted
10-09-2024,01.12102.000.0000.000.3706008.00000.000,eHIS,HIS_COLLECTION,3086325 HIS_COLLECTION 3358005YT7JQCWYLTG43,500170011,Journal Import 2600363:,/DEPOSIT ADJUSTMENT/TRANSFER/REFUND,2,,,,,0,1280,Posted
10-09-2024,01.12102.000.0000.000.3706008.00000.000,eHIS,HIS_COLLECTION,3086345 HIS_COLLECTION 3358005YT7JQCWYLTG43,500170363,Journal Import 2591641:,/EFT/RECEIPT,2,,,,,0,1700,Posted
10-09-2024,01.12102.000.0000.000.3706008.00000.000,eHIS,HIS_COLLECTION,3086349 HIS_COLLECTION 3358005YT7JQCWYLTG43,500170193,Journal Import 2591641:,/EFT/RECEIPT,2,,,,,0,800,Posted
10-09-2024,01.12102.000.0000.000.3706008.00000.000,eHIS,HIS_COLLECTION,3086358 HIS_COLLECTION 3358005YT7JQCWYLTG43,500170231,Journal Import 2591641:,/EFT/RECEIPT,2,,,,,0,500,Posted
10-09-2024,01.12102.000.0000.000.3706008.00000.000,eHIS,HIS_COLLECTION,3086364 HIS_COLLECTION 3358005YT7JQCWYLTG43,500170072,Journal Import 2591641:,/CARD/RECEIPT,2,,,,,0,1100,Posted
10-09-2024,01.12102.000.0000.000.3706008.00000.000,eHIS,HIS_COLLECTION,3086378 HIS_COLLECTION 3358005YT7JQCWYLTG43,500170060,Journal Import 2591641:,/CASH/RECEIPT,2,,,,,0,800,Posted
10-09-2024,01.12102.000.0000.000.3706008.00000.000,eHIS,HIS_COLLECTION,3086382 HIS_COLLECTION 3358005YT7JQCWYLTG43,500170232,Journal Import 2591641:,/EFT/RECEIPT,2,,,,,0,500,Posted
10-09-2024,01.12102.000.0000.000.3706008.00000.000,eHIS,HIS_COLLECTION,3086384 HIS_COLLECTION 3358005YT7JQCWYLTG43,500170159,Journal Import 2591641:,/CARD/RECEIPT,2,,,,,0,5130,Posted
10-09-2024,01.12102.000.0000.000.3706008.00000.000,eHIS,HIS_COLLECTION,3086392 HIS_COLLECTION 3358005YT7JQCWYLTG43,500170291,Journal Import 2591641:,/CASH/RECEIPT,2,,,,,0,1100,Posted
10-09-2024,01.12102.000.0000.000.3706008.00000.000,eHIS,HIS_COLLECTION,3086394 HIS_COLLECTION 3358005YT7JQCWYLTG43,500170146,Journal Import 2591641:,/CASH/RECEIPT,2,,,,,0,400,Posted
10-09-2024,01.12102.000.0000.000.3706008.00000.000,eHIS,HIS_COLLECTION,3086404 HIS_COLLECTION 3358005YT7JQCWYLTG43,500170061,Journal Import 2591641:,/CASH/RECEIPT,2,,,,,0,800,Posted
10-09-2024,01.12102.000.0000.000.3706008.00000.000,eHIS,HIS_COLLECTION,3086406 HIS_COLLECTION 3358005YT7JQCWYLTG43,500170297,Journal Import 2591641:,/EFT/RECEIPT,2,,,,,0,250,Posted
10-09-2024,01.12102.000.0000.000.3706008.00000.000,eHIS,HIS_COLLECTION,3086410 HIS_COLLECTION 3358005YT7JQCWYLTG43,500170117,Journal Import 2591641:,/EFT/RECEIPT,2,,,,,0,900,Posted
10-09-2024,01.12102.000.0000.000.3706008.00000.000,eHIS,HIS_COLLECTION,3086412 HIS_COLLECTION 3358005YT7JQCWYLTG43,500170134,Journal Import 2591641:,/EFT/RECEIPT,2,,,,,0,900,Posted
10-09-2024,01.12102.000.0000.000.3706008.00000.000,eHIS,HIS_COLLECTION,3086418 HIS_COLLECTION 3358005YT7JQCWYLTG43,500170135,Journal Import 2591641:,/EFT/RECEIPT,2,,,,,0,900,Posted
10-09-2024,01.12102.000.0000.000.3706008.00000.000,eHIS,HIS_COLLECTION,3086420 HIS_COLLECTION 3358005YT7JQCWYLTG43,500170233,Journal Import 2591641:,/EFT/RECEIPT,2,,,,,0,500,Posted
10-09-2024,01.12102.000.0000.000.3706008.00000.000,eHIS,HIS_COLLECTION,3086441 HIS_COLLECTION 3358005YT7JQCWYLTG43,500170298,Journal Import 2591641:,/EFT/RECEIPT,2,,,,,0,250,Posted
10-09-2024,01.12102.000.0000.000.3706008.00000.000,eHIS,HIS_COLLECTION,3086445 HIS_COLLECTION 3358005YT7JQCWYLTG43,500170318,Journal Import 2591641:,/EFT/RECEIPT,2,,,,,0,400,Posted
10-09-2024,01.12102.000.0000.000.3706008.00000.000,eHIS,HIS_COLLECTION,3086467 HIS_COLLECTION 3358005YT7JQCWYLTG43,500170395,Journal Import 2591641:,/CASH/RECEIPT,2,,,,,0,1000,Posted
10-09-2024,01.12102.000.0000.000.3706008.00000.000,eHIS,HIS_COLLECTION,3086469 HIS_COLLECTION 3358005YT7JQCWYLTG43,500170143,Journal Import 2591641:,/CASH/RECEIPT,2,,,,,0,350,Posted
10-09-2024,01.12102.000.0000.000.3706008.00000.000,eHIS,HIS_COLLECTION,3086494 HIS_COLLECTION 3358005YT7JQCWYLTG43,500170296,Journal Import 2591641:,/EFT/RECEIPT,2,,,,,0,200,Posted
10-09-2024,01.12102.000.0000.000.3706008.00000.000,eHIS,HIS_COLLECTION,3086504 HIS_COLLECTION 3358005YT7JQCWYLTG43,500170351,Journal Import 2591641:,/CASH/RECEIPT,2,,,,,0,900,Posted
10-09-2024,01.12102.000.0000.000.3706008.00000.000,eHIS,HIS_COLLECTION,3086512 HIS_COLLECTION 3358005YT7JQCWYLTG43,500170220,Journal Import 2591641:,/CASH/RECEIPT,2,,,,,0,200,Posted
10-09-2024,01.12102.000.0000.000.3706008.00000.000,eHIS,HIS_COLLECTION,3086520 HIS_COLLECTION 3358005YT7JQCWYLTG43,500170147,Journal Import 2591641:,/CASH/RECEIPT,2,,,,,0,400,Posted
10-09-2024,01.12102.000.0000.000.3706008.00000.000,eHIS,HIS_COLLECTION,3086538 HIS_COLLECTION 3358005YT7JQCWYLTG43,500170179,Journal Import 2591641:,/CASH/RECEIPT,2,,,,,0,500,Posted
10-09-2024,01.12102.000.0000.000.3706008.00000.000,eHIS,HIS_COLLECTION,3086555 HIS_COLLECTION 3358005YT7JQCWYLTG43,500170221,Journal Import 2591641:,/CASH/RECEIPT,2,,,,,0,200,Posted
10-09-2024,01.12102.000.0000.000.3706008.00000.000,eHIS,HIS_COLLECTION,3086556 HIS_COLLECTION 3358005YT7JQCWYLTG43,500170357,Journal Import 2591641:,/EFT/RECEIPT,2,,,,,0,50,Posted
10-09-2024,01.12102.000.0000.000.3706008.00000.000,eHIS,HIS_COLLECTION,3086563 HIS_COLLECTION 3358005YT7JQCWYLTG43,500170402,Journal Import 2591641:,/EFT/RECEIPT,2,,,,,0,1100,Posted
10-09-2024,01.12102.000.0000.000.3706008.00000.000,eHIS,HIS_COLLECTION,3086567 HIS_COLLECTION 3358005YT7JQCWYLTG43,500170062,Journal Import 2591641:,/CASH/RECEIPT,2,,,,,0,800,Posted
10-09-2024,01.12102.000.0000.000.3706008.00000.000,eHIS,HIS_COLLECTION,3086594 HIS_COLLECTION 3358005YT7JQCWYLTG43,500170136,Journal Import 2591641:,/EFT/RECEIPT,2,,,,,0,900,Posted
10-09-2024,01.12102.000.0000.000.3706008.00000.000,eHIS,HIS_COLLECTION,3086596 HIS_COLLECTION 3358005YT7JQCWYLTG43,500170366,Journal Import 2591641:,/CARD/RECEIPT,2,,,,,0,1850,Posted
10-09-2024,01.12102.000.0000.000.3706008.00000.000,eHIS,HIS_COLLECTION,3086603 HIS_COLLECTION 3358005YT7JQCWYLTG43,500170022,Journal Import 2591641:,/CASH/RECEIPT,2,,,,,0,700,Posted
10-09-2024,01.12102.000.0000.000.3706008.00000.000,eHIS,HIS_COLLECTION,3086607 HIS_COLLECTION 3358005YT7JQCWYLTG43,500170326,Journal Import 2591641:,/CARD/RECEIPT,2,,,,,0,2850,Posted
10-09-2024,01.12102.000.0000.000.3706008.00000.000,eHIS,HIS_COLLECTION,3086612 HIS_COLLECTION 3358005YT7JQCWYLTG43,500170155,Journal Import 2591641:,/CARD/RECEIPT,2,,,,,0,650,Posted
10-09-2024,01.12102.000.0000.000.3706008.00000.000,eHIS,HIS_COLLECTION,3086626 HIS_COLLECTION 3358005YT7JQCWYLTG43,500170063,Journal Import 2591641:,/CASH/RECEIPT,2,,,,,0,800,Posted
10-09-2024,01.12102.000.0000.000.3706008.00000.000,eHIS,HIS_COLLECTION,3086630 HIS_COLLECTION 3358005YT7JQCWYLTG43,500170200,Journal Import 2591641:,/EFT/RECEIPT,2,,,,,0,8000,Posted
10-09-2024,01.12102.000.0000.000.3706008.00000.000,eHIS,HIS_COLLECTION,3086634 HIS_COLLECTION 3358005YT7JQCWYLTG43,500170058,Journal Import 2591641:,/CASH/RECEIPT,2,,,,,0,757,Posted
10-09-2024,01.12102.000.0000.000.3706008.00000.000,eHIS,HIS_COLLECTION,3086643 HIS_COLLECTION 3358005YT7JQCWYLTG43,500170222,Journal Import 2591641:,/CASH/RECEIPT,2,,,,,0,200,Posted
10-09-2024,01.12102.000.0000.000.3706008.00000.000,eHIS,HIS_COLLECTION,3086666 HIS_COLLECTION 3358005YT7JQCWYLTG43,500170031,Journal Import 2591641:,/EFT/RECEIPT,2,,,,,0,1000,Posted
10-09-2024,01.12102.000.0000.000.3706008.00000.000,eHIS,HIS_COLLECTION,3086670 HIS_COLLECTION 3358005YT7JQCWYLTG43,500170367,Journal Import 2591641:,/EFT/RECEIPT,2,,,,,0,1850,Posted
10-09-2024,01.12102.000.0000.000.3706008.00000.000,eHIS,HIS_COLLECTION,3086690 HIS_COLLECTION 3358005YT7JQCWYLTG43,500170368,Journal Import 2591641:,/EFT/RECEIPT,2,,,,,0,1850,Posted
10-09-2024,01.12102.000.0000.000.3706008.00000.000,eHIS,HIS_COLLECTION,3086694 HIS_COLLECTION 3358005YT7JQCWYLTG43,500170023,Journal Import 2591641:,/CASH/RECEIPT,2,,,,,0,700,Posted
10-09-2024,01.12102.000.0000.000.3706008.00000.000,eHIS,HIS_COLLECTION,3086719 HIS_COLLECTION 3358005YT7JQCWYLTG43,500170064,Journal Import 2591641:,/CASH/RECEIPT,2,,,,,0,800,Posted
10-09-2024,01.12102.000.0000.000.3706008.00000.000,eHIS,HIS_COLLECTION,3086723 HIS_COLLECTION 3358005YT7JQCWYLTG43,500170239,Journal Import 2591641:,/EFT/RECEIPT,2,,,,,0,4000,Posted
10-09-2024,01.12102.000.0000.000.3706008.00000.000,eHIS,HIS_COLLECTION,3086728 HIS_COLLECTION 3358005YT7JQCWYLTG43,500170037,Journal Import 2591641:,/EFT/RECEIPT,2,,,,,0,24000,Posted
10-09-2024,01.12102.000.0000.000.3706008.00000.000,eHIS,HIS_COLLECTION,3086733 HIS_COLLECTION 3358005YT7JQCWYLTG43,500170299,Journal Import 2591641:,/EFT/RECEIPT,2,,,,,0,2000,Posted
10-09-2024,01.12102.000.0000.000.3706008.00000.000,eHIS,HIS_COLLECTION,3086736 HIS_COLLECTION 3358005YT7JQCWYLTG43,500170369,Journal Import 2591641:,/EFT/RECEIPT,2,,,,,0,1850,Posted
10-09-2024,01.12102.000.0000.000.3706008.00000.000,eHIS,HIS_COLLECTION,3086748 HIS_COLLECTION 3358005YT7JQCWYLTG43,500170228,Journal Import 2591641:,/CASH/RECEIPT,2,,,,,0,1300,Posted
10-09-2024,01.12102.000.0000.000.3706008.00000.000,eHIS,HIS_COLLECTION,3086750 HIS_COLLECTION 3358005YT7JQCWYLTG43,500170192,Journal Import 2591641:,/CARD/RECEIPT,2,,,,,0,775,Posted
10-09-2024,01.12102.000.0000.000.3706008.00000.000,eHIS,HIS_COLLECTION,3086754 HIS_COLLECTION 3358005YT7JQCWYLTG43,500170352,Journal Import 2591641:,/CASH/RECEIPT,2,,,,,0,900,Posted
10-09-2024,01.12102.000.0000.000.3706008.00000.000,eHIS,HIS_COLLECTION,3086758 HIS_COLLECTION 3358005YT7JQCWYLTG43,500170065,Journal Import 2591641:,/CASH/RECEIPT,2,,,,,0,800,Posted
10-09-2024,01.12102.000.0000.000.3706008.00000.000,eHIS,HIS_COLLECTION,3086762 HIS_COLLECTION 3358005YT7JQCWYLTG43,500170310,Journal Import 2591641:,/CASH/RECEIPT,2,,,,,0,1200,Posted
10-09-2024,01.12102.000.0000.000.3706008.00000.000,eHIS,HIS_COLLECTION,3086766 HIS_COLLECTION 3358005YT7JQCWYLTG43,500170112,Journal Import 2591641:,/CASH/RECEIPT,2,,,,,0,4560,Posted
10-09-2024,01.12102.000.0000.000.3706008.00000.000,eHIS,HIS_COLLECTION,3086770 HIS_COLLECTION 3358005YT7JQCWYLTG43,500170311,Journal Import 2591641:,/CASH/RECEIPT,2,,,,,0,1200,Posted
10-09-2024,01.12102.000.0000.000.3706008.00000.000,eHIS,HIS_COLLECTION,3086774 HIS_COLLECTION 3358005YT7JQCWYLTG43,500170312,Journal Import 2591641:,/CASH/RECEIPT,2,,,,,0,1200,Posted
10-09-2024,01.12102.000.0000.000.3706008.00000.000,eHIS,HIS_COLLECTION,3086778 HIS_COLLECTION 3358005YT7JQCWYLTG43,500170370,Journal Import 2591641:,/CARD/RECEIPT,2,,,,,0,1850,Posted
10-09-2024,01.12102.000.0000.000.3706008.00000.000,eHIS,HIS_COLLECTION,3086796 HIS_COLLECTION 3358005YT7JQCWYLTG43,500170313,Journal Import 2591641:,/CASH/RECEIPT,2,,,,,0,1200,Posted
10-09-2024,01.12102.000.0000.000.3706008.00000.000,eHIS,HIS_COLLECTION,3086802 HIS_COLLECTION 3358005YT7JQCWYLTG43,500170229,Journal Import 2591641:,/CASH/RECEIPT,2,,,,,0,1300,Posted
10-09-2024,01.12102.000.0000.000.3706008.00000.000,eHIS,HIS_COLLECTION,3086811 HIS_COLLECTION 3358005YT7JQCWYLTG43,500170066,Journal Import 2591641:,/CASH/RECEIPT,2,,,,,0,800,Posted
10-09-2024,01.12102.000.0000.000.3706008.00000.000,eHIS,HIS_COLLECTION,3086834 HIS_COLLECTION 3358005YT7JQCWYLTG43,500170194,Journal Import 2591641:,/CARD/RECEIPT,2,,,,,0,800,Posted
10-09-2024,01.12102.000.0000.000.3706008.00000.000,eHIS,HIS_COLLECTION,3086836 HIS_COLLECTION 3358005YT7JQCWYLTG43,500170359,Journal Import 2591641:,/EFT/RECEIPT,2,,,,,0,100,Posted
10-09-2024,01.12102.000.0000.000.3706008.00000.000,eHIS,HIS_COLLECTION,3086842 HIS_COLLECTION 3358005YT7JQCWYLTG43,500170403,Journal Import 2591641:,/EFT/RECEIPT,2,,,,,0,1100,Posted
10-09-2024,01.12102.000.0000.000.3706008.00000.000,eHIS,HIS_COLLECTION,3086862 HIS_COLLECTION 3358005YT7JQCWYLTG43,500170180,Journal Import 2591641:,/CASH/RECEIPT,2,,,,,0,500,Posted
10-09-2024,01.12102.000.0000.000.3706008.00000.000,eHIS,HIS_COLLECTION,3086889 HIS_COLLECTION 3358005YT7JQCWYLTG43,500170234,Journal Import 2591641:,/CARD/RECEIPT,2,,,,,0,500,Posted
10-09-2024,01.12102.000.0000.000.3706008.00000.000,eHIS,HIS_COLLECTION,3086899 HIS_COLLECTION 3358005YT7JQCWYLTG43,500170107,Journal Import 2591641:,/CASH/RECEIPT,2,,,,,0,3780,Posted
10-09-2024,01.12102.000.0000.000.3706008.00000.000,eHIS,HIS_COLLECTION,3086904 HIS_COLLECTION 3358005YT7JQCWYLTG43,500170235,Journal Import 2591641:,/CARD/RECEIPT,2,,,,,0,500,Posted
10-09-2024,01.12102.000.0000.000.3706008.00000.000,eHIS,HIS_COLLECTION,3086910 HIS_COLLECTION 3358005YT7JQCWYLTG43,500170230,Journal Import 2591641:,/CASH/RECEIPT,2,,,,,0,1300,Posted
10-09-2024,01.12102.000.0000.000.3706008.00000.000,eHIS,HIS_COLLECTION,3086918 HIS_COLLECTION 3358005YT7JQCWYLTG43,500170132,Journal Import 2591641:,/CASH/RECEIPT,2,,,,,0,9900,Posted
10-09-2024,01.12102.000.0000.000.3706008.00000.000,eHIS,HIS_COLLECTION,3086920 HIS_COLLECTION 3358005YT7JQCWYLTG43,500170314,Journal Import 2591641:,/CASH/RECEIPT,2,,,,,0,1200,Posted
10-09-2024,01.12102.000.0000.000.3706008.00000.000,eHIS,HIS_COLLECTION,3086930 HIS_COLLECTION 3358005YT7JQCWYLTG43,500170360,Journal Import 2591641:,/EFT/RECEIPT,2,,,,,0,100,Posted
10-09-2024,01.12102.000.0000.000.3706008.00000.000,eHIS,HIS_COLLECTION,3086933 HIS_COLLECTION 3358005YT7JQCWYLTG43,500170268,Journal Import 2591641:,/CASH/RECEIPT,2,,,,,0,1000,Posted
10-09-2024,01.12102.000.0000.000.3706008.00000.000,eHIS,HIS_COLLECTION,3086947 HIS_COLLECTION 3358005YT7JQCWYLTG43,500170137,Journal Import 2591641:,/EFT/RECEIPT,2,,,,,0,900,Posted
10-09-2024,01.12102.000.0000.000.3706008.00000.000,eHIS,HIS_COLLECTION,3086949 HIS_COLLECTION 3358005YT7JQCWYLTG43,500170109,Journal Import 2591641:,/CASH/RECEIPT,2,,,,,0,4000,Posted
10-09-2024,01.12102.000.0000.000.3706008.00000.000,eHIS,HIS_COLLECTION,3086955 HIS_COLLECTION 3358005YT7JQCWYLTG43,500170361,Journal Import 2591641:,/EFT/RECEIPT,2,,,,,0,100,Posted
10-09-2024,01.12102.000.0000.000.3706008.00000.000,eHIS,HIS_COLLECTION,3086967 HIS_COLLECTION 3358005YT7JQCWYLTG43,500170067,Journal Import 2591641:,/CASH/RECEIPT,2,,,,,0,800,Posted
10-09-2024,01.12102.000.0000.000.3706008.00000.000,eHIS,HIS_COLLECTION,3086981 HIS_COLLECTION 3358005YT7JQCWYLTG43,500170292,Journal Import 2591641:,/CASH/RECEIPT,2,,,,,0,1100,Posted
10-09-2024,01.12102.000.0000.000.3706008.00000.000,eHIS,HIS_COLLECTION,3086983 HIS_COLLECTION 3358005YT7JQCWYLTG43,500170032,Journal Import 2591641:,/EFT/RECEIPT,2,,,,,0,1000,Posted
10-09-2024,01.12102.000.0000.000.3706008.00000.000,eHIS,HIS_COLLECTION,3086985 HIS_COLLECTION 3358005YT7JQCWYLTG43,500170293,Journal Import 2591641:,/CASH/RECEIPT,2,,,,,0,1100,Posted
10-09-2024,01.12102.000.0000.000.3706008.00000.000,eHIS,HIS_COLLECTION,3086989 HIS_COLLECTION 3358005YT7JQCWYLTG43,500170148,Journal Import 2591641:,/CASH/RECEIPT,2,,,,,0,400,Posted
10-09-2024,01.12102.000.0000.000.3706008.00000.000,eHIS,HIS_COLLECTION,3086994 HIS_COLLECTION 3358005YT7JQCWYLTG43,500170025,Journal Import 2591641:,/CASH/RECEIPT,2,,,,,0,750,Posted
10-09-2024,01.12102.000.0000.000.3706008.00000.000,eHIS,HIS_COLLECTION,3086998 HIS_COLLECTION 3358005YT7JQCWYLTG43,500170404,Journal Import 2591641:,/EFT/RECEIPT,2,,,,,0,1100,Posted
10-09-2024,01.12102.000.0000.000.3706008.00000.000,eHIS,HIS_COLLECTION,3087004 HIS_COLLECTION 3358005YT7JQCWYLTG43,500170269,Journal Import 2591641:,/CASH/RECEIPT,2,,,,,0,1000,Posted
10-09-2024,01.12102.000.0000.000.3706008.00000.000,eHIS,HIS_COLLECTION,3087015 HIS_COLLECTION 3358005YT7JQCWYLTG43,500170315,Journal Import 2591641:,/CASH/RECEIPT,2,,,,,0,1200,Posted
10-09-2024,01.12102.000.0000.000.3706008.00000.000,eHIS,HIS_COLLECTION,3087019 HIS_COLLECTION 3358005YT7JQCWYLTG43,500170254,Journal Import 2591641:,/CASH/RECEIPT,2,,,,,0,1700,Posted
10-09-2024,01.12102.000.0000.000.3706008.00000.000,eHIS,HIS_COLLECTION,3087023 HIS_COLLECTION 3358005YT7JQCWYLTG43,500170329,Journal Import 2591641:,/EFT/RECEIPT,2,,,,,0,3410,Posted
10-09-2024,01.12102.000.0000.000.3706008.00000.000,eHIS,HIS_COLLECTION,3087025 HIS_COLLECTION 3358005YT7JQCWYLTG43,500170181,Journal Import 2591641:,/CASH/RECEIPT,2,,,,,0,500,Posted
10-09-2024,01.12102.000.0000.000.3706008.00000.000,eHIS,HIS_COLLECTION,3087027 HIS_COLLECTION 3358005YT7JQCWYLTG43,500170195,Journal Import 2591641:,/EFT/RECEIPT,2,,,,,0,800,Posted
10-09-2024,01.12102.000.0000.000.3706008.00000.000,eHIS,HIS_COLLECTION,3087052 HIS_COLLECTION 3358005YT7JQCWYLTG43,500170156,Journal Import 2591641:,/EFT/RECEIPT,2,,,,,0,675,Posted
10-09-2024,01.12102.000.0000.000.3706008.00000.000,eHIS,HIS_COLLECTION,3087061 HIS_COLLECTION 3358005YT7JQCWYLTG43,500170224,Journal Import 2591641:,/CASH/RECEIPT,2,,,,,0,250,Posted
10-09-2024,01.12102.000.0000.000.3706008.00000.000,eHIS,HIS_COLLECTION,3087063 HIS_COLLECTION 3358005YT7JQCWYLTG43,500170328,Journal Import 2591641:,/EFT/RECEIPT,2,,,,,0,3300,Posted
10-09-2024,01.12102.000.0000.000.3706008.00000.000,eHIS,HIS_COLLECTION,3087065 HIS_COLLECTION 3358005YT7JQCWYLTG43,500170068,Journal Import 2591641:,/CASH/RECEIPT,2,,,,,0,800,Posted
10-09-2024,01.12102.000.0000.000.3706008.00000.000,eHIS,HIS_COLLECTION,3087067 HIS_COLLECTION 3358005YT7JQCWYLTG43,500170144,Journal Import 2591641:,/CASH/RECEIPT,2,,,,,0,350,Posted
10-09-2024,01.12102.000.0000.000.3706008.00000.000,eHIS,HIS_COLLECTION,3087086 HIS_COLLECTION 3358005YT7JQCWYLTG43,500170225,Journal Import 2591641:,/CASH/RECEIPT,2,,,,,0,250,Posted
10-09-2024,01.12102.000.0000.000.3706008.00000.000,eHIS,HIS_COLLECTION,3087092 HIS_COLLECTION 3358005YT7JQCWYLTG43,500170114,Journal Import 2591641:,/CASH/RECEIPT,2,,,,,0,4900,Posted
10-09-2024,01.12102.000.0000.000.3706008.00000.000,eHIS,HIS_COLLECTION,3087095 HIS_COLLECTION 3358005YT7JQCWYLTG43,500170201,Journal Import 2591641:,/EFT/RECEIPT,2,,,,,0,8300,Posted
10-09-2024,01.12102.000.0000.000.3706008.00000.000,eHIS,HIS_COLLECTION,3087103 HIS_COLLECTION 3358005YT7JQCWYLTG43,500170321,Journal Import 2591641:,/EFT/RECEIPT,2,,,,,0,450,Posted
10-09-2024,01.12102.000.0000.000.3706008.00000.000,eHIS,HIS_COLLECTION,3087107 HIS_COLLECTION 3358005YT7JQCWYLTG43,500170520,Journal Import 2591641:,/CASH/RECEIPT,2,,,,,0,800,Posted
10-09-2024,01.12102.000.0000.000.3706008.00000.000,eHIS,HIS_COLLECTION,3087109 HIS_COLLECTION 3358005YT7JQCWYLTG43,500170364,Journal Import 2591641:,/EFT/RECEIPT,2,,,,,0,1700,Posted
10-09-2024,01.12102.000.0000.000.3706008.00000.000,eHIS,HIS_COLLECTION,3087115 HIS_COLLECTION 3358005YT7JQCWYLTG43,500170196,Journal Import 2591641:,/EFT/RECEIPT,2,,,,,0,800,Posted
10-09-2024,01.12102.000.0000.000.3706008.00000.000,eHIS,HIS_COLLECTION,3087119 HIS_COLLECTION 3358005YT7JQCWYLTG43,500170157,Journal Import 2591641:,/EFT/RECEIPT,2,,,,,0,750,Posted
10-09-2024,01.12102.000.0000.000.3706008.00000.000,eHIS,HIS_COLLECTION,3087134 HIS_COLLECTION 3358005YT7JQCWYLTG43,500170237,Journal Import 2591641:,/EFT/RECEIPT,2,,,,,0,3550,Posted
10-09-2024,01.12102.000.0000.000.3706008.00000.000,eHIS,HIS_COLLECTION,3087138 HIS_COLLECTION 3358005YT7JQCWYLTG43,500170182,Journal Import 2591641:,/CASH/RECEIPT,2,,,,,0,500,Posted
10-09-2024,01.12102.000.0000.000.3706008.00000.000,eHIS,HIS_COLLECTION,3087140 HIS_COLLECTION 3358005YT7JQCWYLTG43,500170270,Journal Import 2591641:,/CASH/RECEIPT,2,,,,,0,1000,Posted
10-09-2024,01.12102.000.0000.000.3706008.00000.000,eHIS,HIS_COLLECTION,3087151 HIS_COLLECTION 3358005YT7JQCWYLTG43,500170161,Journal Import 2591641:,/CARD/RECEIPT,2,,,,,0,6430,Posted
10-09-2024,01.12102.000.0000.000.3706008.00000.000,eHIS,HIS_COLLECTION,3087161 HIS_COLLECTION 3358005YT7JQCWYLTG43,500170406,Journal Import 2591641:,/CARD/RECEIPT,2,,,,,0,1200,Posted
10-09-2024,01.12102.000.0000.000.3706008.00000.000,eHIS,HIS_COLLECTION,3087167 HIS_COLLECTION 3358005YT7JQCWYLTG43,500170183,Journal Import 2591641:,/CASH/RECEIPT,2,,,,,0,500,Posted
10-09-2024,01.12102.000.0000.000.3706008.00000.000,eHIS,HIS_COLLECTION,3087169 HIS_COLLECTION 3358005YT7JQCWYLTG43,500170324,Journal Import 2591641:,/CARD/RECEIPT,2,,,,,0,2600,Posted
10-09-2024,01.12102.000.0000.000.3706008.00000.000,eHIS,HIS_COLLECTION,3087171 HIS_COLLECTION 3358005YT7JQCWYLTG43,500170197,Journal Import 2591641:,/EFT/RECEIPT,2,,,,,0,800,Posted
10-09-2024,01.12102.000.0000.000.3706008.00000.000,eHIS,HIS_COLLECTION,3087178 HIS_COLLECTION 3358005YT7JQCWYLTG43,500170521,Journal Import 2591641:,/CASH/RECEIPT,2,,,,,0,800,Posted
10-09-2024,01.12102.000.0000.000.3706008.00000.000,eHIS,HIS_COLLECTION,3087182 HIS_COLLECTION 3358005YT7JQCWYLTG43,500170236,Journal Import 2591641:,/EFT/RECEIPT,2,,,,,0,500,Posted
10-09-2024,01.12102.000.0000.000.3706008.00000.000,eHIS,HIS_COLLECTION,3087186 HIS_COLLECTION 3358005YT7JQCWYLTG43,500170316,Journal Import 2591641:,/CASH/RECEIPT,2,,,,,0,1200,Posted
10-09-2024,01.12102.000.0000.000.3706008.00000.000,eHIS,HIS_COLLECTION,3087200 HIS_COLLECTION 3358005YT7JQCWYLTG43,500170317,Journal Import 2591641:,/CASH/RECEIPT,2,,,,,0,1200,Posted
10-09-2024,01.12102.000.0000.000.3706008.00000.000,eHIS,HIS_COLLECTION,3087204 HIS_COLLECTION 3358005YT7JQCWYLTG43,500170294,Journal Import 2591641:,/CASH/RECEIPT,2,,,,,0,1100,Posted
10-09-2024,01.12102.000.0000.000.3706008.00000.000,eHIS,HIS_COLLECTION,3087210 HIS_COLLECTION 3358005YT7JQCWYLTG43,500170087,Journal Import 2591641:,/CASH/RECEIPT,2,,,,,0,3410,Posted
10-09-2024,01.12102.000.0000.000.3706008.00000.000,eHIS,HIS_COLLECTION,3087214 HIS_COLLECTION 3358005YT7JQCWYLTG43,500170522,Journal Import 2591641:,/CASH/RECEIPT,2,,,,,0,800,Posted
10-09-2024,01.12102.000.0000.000.3706008.00000.000,eHIS,HIS_COLLECTION,3087218 HIS_COLLECTION 3358005YT7JQCWYLTG43,500170523,Journal Import 2591641:,/CASH/RECEIPT,2,,,,,0,800,Posted
10-09-2024,01.12102.000.0000.000.3706008.00000.000,eHIS,HIS_COLLECTION,3087226 HIS_COLLECTION 3358005YT7JQCWYLTG43,500170111,Journal Import 2591641:,/CASH/RECEIPT,2,,,,,0,4530,Posted
10-09-2024,01.12102.000.0000.000.3706008.00000.000,eHIS,HIS_COLLECTION,3087231 HIS_COLLECTION 3358005YT7JQCWYLTG43,500170308,Journal Import 2591641:,/CASH/RECEIPT,2,,,,,0,1100,Posted
10-09-2024,01.12102.000.0000.000.3706008.00000.000,eHIS,HIS_COLLECTION,3087233 HIS_COLLECTION 3358005YT7JQCWYLTG43,500170184,Journal Import 2591641:,/CASH/RECEIPT,2,,,,,0,500,Posted
10-09-2024,01.12102.000.0000.000.3706008.00000.000,eHIS,HIS_COLLECTION,3087240 HIS_COLLECTION 3358005YT7JQCWYLTG43,500170110,Journal Import 2591641:,/CASH/RECEIPT,2,,,,,0,4010,Posted
10-09-2024,01.12102.000.0000.000.3706008.00000.000,eHIS,HIS_COLLECTION,3087241 HIS_COLLECTION 3358005YT7JQCWYLTG43,500170240,Journal Import 2591641:,/EFT/RECEIPT,2,,,,,0,4000,Posted
10-09-2024,01.12102.000.0000.000.3706008.00000.000,eHIS,HIS_COLLECTION,3087243 HIS_COLLECTION 3358005YT7JQCWYLTG43,500170106,Journal Import 2591641:,/CASH/RECEIPT,2,,,,,0,3700,Posted
10-09-2024,01.12102.000.0000.000.3706008.00000.000,eHIS,HIS_COLLECTION,3087256 HIS_COLLECTION 3358005YT7JQCWYLTG43,500170252,Journal Import 2591641:,/CASH/RECEIPT,2,,,,,0,1300,Posted
10-09-2024,01.12102.000.0000.000.3706008.00000.000,eHIS,HIS_COLLECTION,3087274 HIS_COLLECTION 3358005YT7JQCWYLTG43,500170024,Journal Import 2591641:,/CASH/RECEIPT,2,,,,,0,700,Posted
10-09-2024,01.12102.000.0000.000.3706008.00000.000,eHIS,HIS_COLLECTION,3087286 HIS_COLLECTION 3358005YT7JQCWYLTG43,500170396,Journal Import 2591641:,/CASH/RECEIPT,2,,,,,0,800,Posted
10-09-2024,01.12102.000.0000.000.3706008.00000.000,eHIS,HIS_COLLECTION,3087288 HIS_COLLECTION 3358005YT7JQCWYLTG43,500170253,Journal Import 2591641:,/CASH/RECEIPT,2,,,,,0,1300,Posted
10-09-2024,01.12102.000.0000.000.3706008.00000.000,eHIS,HIS_COLLECTION,3087296 HIS_COLLECTION 3358005YT7JQCWYLTG43,500170365,Journal Import 2591641:,/EFT/RECEIPT,2,,,,,0,1800,Posted
10-09-2024,01.12102.000.0000.000.3706008.00000.000,eHIS,HIS_COLLECTION,3087303 HIS_COLLECTION 3358005YT7JQCWYLTG43,500170186,Journal Import 2591641:,/CASH/RECEIPT,2,,,,,0,2050,Posted
10-09-2024,01.12102.000.0000.000.3706008.00000.000,eHIS,HIS_COLLECTION,3087309 HIS_COLLECTION 3358005YT7JQCWYLTG43,500170397,Journal Import 2591641:,/CASH/RECEIPT,2,,,,,0,800,Posted
10-09-2024,01.12102.000.0000.000.3706008.00000.000,eHIS,HIS_COLLECTION,3087320 HIS_COLLECTION 3358005YT7JQCWYLTG43,500170127,Journal Import 2591641:,/CASH/RECEIPT,2,,,,,0,510,Posted
10-09-2024,01.12102.000.0000.000.3706008.00000.000,eHIS,HIS_COLLECTION,3087322 HIS_COLLECTION 3358005YT7JQCWYLTG43,500170238,Journal Import 2591641:,/EFT/RECEIPT,2,,,,,0,3850,Posted
10-09-2024,01.12102.000.0000.000.3706008.00000.000,eHIS,HIS_COLLECTION,3087324 HIS_COLLECTION 3358005YT7JQCWYLTG43,500170405,Journal Import 2591641:,/EFT/RECEIPT,2,,,,,0,1100,Posted
10-09-2024,01.12102.000.0000.000.3706008.00000.000,eHIS,HIS_COLLECTION,3087329 HIS_COLLECTION 3358005YT7JQCWYLTG43,500170401,Journal Import 2591641:,/CASH/REFUND,2,,,,,900,0,Posted
10-09-2024,01.12102.000.0000.000.3706008.00000.000,eHIS,HIS_COLLECTION,3087331 HIS_COLLECTION 3358005YT7JQCWYLTG43,500170309,Journal Import 2591641:,/CASH/RECEIPT,2,,,,,0,1100,Posted
10-09-2024,01.12102.000.0000.000.3706008.00000.000,eHIS,HIS_COLLECTION,3087337 HIS_COLLECTION 3358005YT7JQCWYLTG43,500170033,Journal Import 2591641:,/EFT/RECEIPT,2,,,,,0,1000,Posted
10-09-2024,01.12102.000.0000.000.3706008.00000.000,eHIS,HIS_COLLECTION,3087346 HIS_COLLECTION 3358005YT7JQCWYLTG43,500170226,Journal Import 2591641:,/CASH/RECEIPT,2,,,,,0,1200,Posted
10-09-2024,01.12102.000.0000.000.3706008.00000.000,eHIS,HIS_COLLECTION,3087357 HIS_COLLECTION 3358005YT7JQCWYLTG43,500170443,Journal Import 2591641:,/CASH/REFUND,2,,,,,5130,0,Posted
10-09-2024,01.12102.000.0000.000.3706008.00000.000,eHIS,HIS_COLLECTION,3087361 HIS_COLLECTION 3358005YT7JQCWYLTG43,500170020,Journal Import 2591641:,/CASH/RECEIPT,2,,,,,0,650,Posted
10-09-2024,01.12102.000.0000.000.3706008.00000.000,eHIS,HIS_COLLECTION,3087367 HIS_COLLECTION 3358005YT7JQCWYLTG43,500170256,Journal Import 2591641:,/EFT/RECEIPT,2,,,,,0,4250,Posted
10-09-2024,01.12102.000.0000.000.3706008.00000.000,eHIS,HIS_COLLECTION,3087375 HIS_COLLECTION 3358005YT7JQCWYLTG43,500170198,Journal Import 2591641:,/EFT/RECEIPT,2,,,,,0,800,Posted
10-09-2024,01.12102.000.0000.000.3706008.00000.000,eHIS,HIS_COLLECTION,3087377 HIS_COLLECTION 3358005YT7JQCWYLTG43,500170158,Journal Import 2591641:,/EFT/RECEIPT,2,,,,,0,750,Posted
10-09-2024,01.12102.000.0000.000.3706008.00000.000,eHIS,HIS_COLLECTION,3087390 HIS_COLLECTION 3358005YT7JQCWYLTG43,500170130,Journal Import 2591641:,/CASH/RECEIPT,2,,,,,0,5700,Posted
10-09-2024,01.12102.000.0000.000.3706008.00000.000,eHIS,HIS_COLLECTION,3087393 HIS_COLLECTION 3358005YT7JQCWYLTG43,500170227,Journal Import 2591641:,/CASH/RECEIPT,2,,,,,0,1200,Posted
10-09-2024,01.12102.000.0000.000.3706008.00000.000,eHIS,HIS_COLLECTION,3087423 HIS_COLLECTION 3358005YT7JQCWYLTG43,500170325,Journal Import 2591641:,/EFT/RECEIPT,2,,,,,0,2780,Posted
10-09-2024,01.12102.000.0000.000.3706008.00000.000,eHIS,HIS_COLLECTION,3087426 HIS_COLLECTION 3358005YT7JQCWYLTG43,500170191,Journal Import 2591641:,/CASH/RECEIPT,2,,,,,0,2750,Posted
10-09-2024,01.12102.000.0000.000.3706008.00000.000,eHIS,HIS_COLLECTION,3087432 HIS_COLLECTION 3358005YT7JQCWYLTG43,500170223,Journal Import 2591641:,/CASH/RECEIPT,2,,,,,0,200,Posted
10-09-2024,01.12102.000.0000.000.3706008.00000.000,eHIS,HIS_COLLECTION,3087437 HIS_COLLECTION 3358005YT7JQCWYLTG43,500170664,Journal Import 2591641:,/CASH/RECEIPT,2,,,,,0,100,Posted
10-09-2024,01.12102.000.0000.000.3706008.00000.000,eHIS,HIS_COLLECTION,3087451 HIS_COLLECTION 3358005YT7JQCWYLTG43,500170034,Journal Import 2591641:,/EFT/RECEIPT,2,,,,,0,1000,Posted
10-09-2024,01.12102.000.0000.000.3706008.00000.000,eHIS,HIS_COLLECTION,3087474 HIS_COLLECTION 3358005YT7JQCWYLTG43,500170026,Journal Import 2591641:,/CASH/RECEIPT,2,,,,,0,750,Posted
10-09-2024,01.12102.000.0000.000.3706008.00000.000,eHIS,HIS_COLLECTION,3087486 HIS_COLLECTION 3358005YT7JQCWYLTG43,500170057,Journal Import 2591641:,/CASH/RECEIPT,2,,,,,0,750,Posted
10-09-2024,01.12102.000.0000.000.3706008.00000.000,eHIS,HIS_COLLECTION,3087493 HIS_COLLECTION 3358005YT7JQCWYLTG43,500170362,Journal Import 2591641:,/EFT/RECEIPT,2,,,,,0,100,Posted
10-09-2024,01.12102.000.0000.000.3706008.00000.000,eHIS,HIS_COLLECTION,3087507 HIS_COLLECTION 3358005YT7JQCWYLTG43,500170035,Journal Import 2591641:,/CARD/RECEIPT,2,,,,,0,1000,Posted
11-09-2024,01.12102.000.0000.000.3706008.00000.000,eHIS,HIS_COLLECTION,3087509 HIS_COLLECTION 3358005YT7JQCWYLTG43,500170736,Journal Import 2599930:,/EFT/RECEIPT,2,,,,,0,740,Posted
10-09-2024,01.12102.000.0000.000.3706008.00000.000,eHIS,HIS_COLLECTION,3087511 HIS_COLLECTION 3358005YT7JQCWYLTG43,500170199,Journal Import 2591641:,/EFT/RECEIPT,2,,,,,0,800,Posted
11-09-2024,01.12102.000.0000.000.3706008.00000.000,eHIS,HIS_COLLECTION,3087513 HIS_COLLECTION 3358005YT7JQCWYLTG43,500170737,Journal Import 2599930:,/EFT/RECEIPT,2,,,,,0,740,Posted
10-09-2024,01.12102.000.0000.000.3706008.00000.000,eHIS,HIS_COLLECTION,3087517 HIS_COLLECTION 3358005YT7JQCWYLTG43,500170400,Journal Import 2591641:,/CASH/REFUND,2,,,,,500,0,Posted
10-09-2024,01.12102.000.0000.000.3706008.00000.000,eHIS,HIS_COLLECTION,3087520 HIS_COLLECTION 3358005YT7JQCWYLTG43,500170271,Journal Import 2591641:,/CASH/RECEIPT,2,,,,,0,1000,Posted
10-09-2024,01.12102.000.0000.000.3706008.00000.000,eHIS,HIS_COLLECTION,3087522 HIS_COLLECTION 3358005YT7JQCWYLTG43,500170185,Journal Import 2591641:,/CASH/RECEIPT,2,,,,,0,500,Posted
10-09-2024,01.12102.000.0000.000.3706008.00000.000,eHIS,HIS_COLLECTION,3087525 HIS_COLLECTION 3358005YT7JQCWYLTG43,500170665,Journal Import 2591641:,/CASH/RECEIPT,2,,,,,0,100,Posted
10-09-2024,01.12102.000.0000.000.3706008.00000.000,eHIS,HIS_COLLECTION,3087527 HIS_COLLECTION 3358005YT7JQCWYLTG43,500170272,Journal Import 2591641:,/CASH/RECEIPT,2,,,,,0,1000,Posted
11-09-2024,01.12102.000.0000.000.3706008.00000.000,eHIS,HIS_COLLECTION,3087531 HIS_COLLECTION 3358005YT7JQCWYLTG43,500170735,Journal Import 2599930:,/EFT/RECEIPT,2,,,,,0,350,Posted
10-09-2024,01.12102.000.0000.000.3706008.00000.000,eHIS,HIS_COLLECTION,3087539 HIS_COLLECTION 3358005YT7JQCWYLTG43,500170255,Journal Import 2591641:,/CASH/RECEIPT,2,,,,,0,1700,Posted
10-09-2024,01.12102.000.0000.000.3706008.00000.000,eHIS,HIS_COLLECTION,3087543 HIS_COLLECTION 3358005YT7JQCWYLTG43,500170153,Journal Import 2591641:,/CASH/RECEIPT,2,,,,,0,2000,Posted
10-09-2024,01.12102.000.0000.000.3706008.00000.000,eHIS,HIS_COLLECTION,3087549 HIS_COLLECTION 3358005YT7JQCWYLTG43,500170320,Journal Import 2591641:,/EFT/RECEIPT,2,,,,,0,410,Posted
10-09-2024,01.12102.000.0000.000.3706008.00000.000,eHIS,HIS_COLLECTION,3087551 HIS_COLLECTION 3358005YT7JQCWYLTG43,500170273,Journal Import 2591641:,/CASH/RECEIPT,2,,,,,0,1000,Posted
10-09-2024,01.12102.000.0000.000.3706008.00000.000,eHIS,HIS_COLLECTION,3087566 HIS_COLLECTION 3358005YT7JQCWYLTG43,500170150,Journal Import 2591641:,/CASH/RECEIPT,2,,,,,0,1700,Posted
10-09-2024,01.12102.000.0000.000.3706008.00000.000,eHIS,HIS_COLLECTION,3087572 HIS_COLLECTION 3358005YT7JQCWYLTG43,500170149,Journal Import 2591641:,/CASH/RECEIPT,2,,,,,0,450,Posted
10-09-2024,01.12102.000.0000.000.3706008.00000.000,eHIS,HIS_COLLECTION,3087581 HIS_COLLECTION 3358005YT7JQCWYLTG43,500170658,Journal Import 2591641:,/CASH/REFUND,2,,,,,900,0,Posted
10-09-2024,01.12102.000.0000.000.3706008.00000.000,eHIS,HIS_COLLECTION,3087588 HIS_COLLECTION 3358005YT7JQCWYLTG43,500170152,Journal Import 2591641:,/CASH/RECEIPT,2,,,,,0,1850,Posted
10-09-2024,01.12102.000.0000.000.3706008.00000.000,eHIS,HIS_COLLECTION,3087600 HIS_COLLECTION 3358005YT7JQCWYLTG43,500170128,Journal Import 2591641:,/CASH/RECEIPT,2,,,,,0,600,Posted
10-09-2024,01.12102.000.0000.000.3706008.00000.000,eHIS,HIS_COLLECTION,3087621 HIS_COLLECTION 3358005YT7JQCWYLTG43,500170129,Journal Import 2591641:,/CASH/RECEIPT,2,,,,,0,600,Posted
10-09-2024,01.12102.000.0000.000.3706008.00000.000,eHIS,HIS_COLLECTION,3087649 HIS_COLLECTION 3358005YT7JQCWYLTG43,500170353,Journal Import 2591641:,/CASH/RECEIPT,2,,,,,0,900,Posted
11-09-2024,01.12102.000.0000.000.3706008.00000.000,eHIS,HIS_COLLECTION,3087653 HIS_COLLECTION 3358005YT7JQCWYLTG43,500171125,Journal Import 2591641:,/CASH/RECEIPT,2,,,,,0,74,Posted
11-09-2024,01.12102.000.0000.000.3706008.00000.000,eHIS,HIS_COLLECTION,3087668 HIS_COLLECTION 3358005YT7JQCWYLTG43,500171098,Journal Import 2591641:,/EFT/RECEIPT,2,,,,,0,1750,Posted
11-09-2024,01.12102.000.0000.000.3706008.00000.000,eHIS,HIS_COLLECTION,3087709 HIS_COLLECTION 3358005YT7JQCWYLTG43,500171032,Journal Import 2591641:,/DEPOSIT ADJUSTMENT/TRANSFER/RECEIPT,2,,,,,0,250,Posted
11-09-2024,01.12102.000.0000.000.3706008.00000.000,eHIS,HIS_COLLECTION,3087710 HIS_COLLECTION 3358005YT7JQCWYLTG43,500170741,Journal Import 2600363:,/DEPOSIT ADJUSTMENT/TRANSFER/REFUND,1,,,,,250,0,Posted
11-09-2024,01.12102.000.0000.000.3706008.00000.000,eHIS,HIS_COLLECTION,3087710 HIS_COLLECTION 3358005YT7JQCWYLTG43,500170741,Journal Import 2600363:,/DEPOSIT ADJUSTMENT/TRANSFER/REFUND,2,,,,,0,250,Posted
11-09-2024,01.12102.000.0000.000.3706008.00000.000,eHIS,HIS_COLLECTION,3087711 HIS_COLLECTION 3358005YT7JQCWYLTG43,500171067,Journal Import 2591641:,/CARD/RECEIPT,2,,,,,0,1600,Posted
11-09-2024,01.12102.000.0000.000.3706008.00000.000,eHIS,HIS_COLLECTION,3087741 HIS_COLLECTION 3358005YT7JQCWYLTG43,500170912,Journal Import 2591641:,/EFT/RECEIPT,2,,,,,0,5800,Posted
11-09-2024,01.12102.000.0000.000.3706008.00000.000,eHIS,HIS_COLLECTION,3087760 HIS_COLLECTION 3358005YT7JQCWYLTG43,500170783,Journal Import 2591641:,/CASH/RECEIPT,2,,,,,0,642,Posted
11-09-2024,01.12102.000.0000.000.3706008.00000.000,eHIS,HIS_COLLECTION,3087768 HIS_COLLECTION 3358005YT7JQCWYLTG43,500170865,Journal Import 2591641:,/EFT/RECEIPT,2,,,,,0,10299,Posted
11-09-2024,01.12102.000.0000.000.3706008.00000.000,eHIS,HIS_COLLECTION,3087770 HIS_COLLECTION 3358005YT7JQCWYLTG43,500170763,Journal Import 2591641:,/EFT/RECEIPT,2,,,,,0,10299,Posted
11-09-2024,01.12102.000.0000.000.3706008.00000.000,eHIS,HIS_COLLECTION,3087774 HIS_COLLECTION 3358005YT7JQCWYLTG43,500170913,Journal Import 2591641:,/EFT/RECEIPT,2,,,,,0,5888,Posted
11-09-2024,01.12102.000.0000.000.3706008.00000.000,eHIS,HIS_COLLECTION,3087778 HIS_COLLECTION 3358005YT7JQCWYLTG43,500170820,Journal Import 2591641:,/EFT/RECEIPT,2,,,,,0,6938,Posted
11-09-2024,01.12102.000.0000.000.3706008.00000.000,eHIS,HIS_COLLECTION,3087781 HIS_COLLECTION 3358005YT7JQCWYLTG43,500171053,Journal Import 2591641:,/EFT/RECEIPT,2,,,,,0,2980,Posted
11-09-2024,01.12102.000.0000.000.3706008.00000.000,eHIS,HIS_COLLECTION,3087784 HIS_COLLECTION 3358005YT7JQCWYLTG43,500170900,Journal Import 2591641:,/CASH/RECEIPT,2,,,,,0,1700,Posted
11-09-2024,01.12102.000.0000.000.3706008.00000.000,eHIS,HIS_COLLECTION,3087788 HIS_COLLECTION 3358005YT7JQCWYLTG43,500170901,Journal Import 2591641:,/CASH/RECEIPT,2,,,,,0,1700,Posted
11-09-2024,01.12102.000.0000.000.3706008.00000.000,eHIS,HIS_COLLECTION,3087793 HIS_COLLECTION 3358005YT7JQCWYLTG43,500170816,Journal Import 2591641:,/CASH/RECEIPT,2,,,,,0,2600,Posted
11-09-2024,01.12102.000.0000.000.3706008.00000.000,eHIS,HIS_COLLECTION,3087795 HIS_COLLECTION 3358005YT7JQCWYLTG43,500170959,Journal Import 2591641:,/EFT/RECEIPT,2,,,,,0,3500,Posted
11-09-2024,01.12102.000.0000.000.3706008.00000.000,eHIS,HIS_COLLECTION,3087797 HIS_COLLECTION 3358005YT7JQCWYLTG43,500170840,Journal Import 2591641:,/CASH/RECEIPT,2,,,,,0,3500,Posted
11-09-2024,01.12102.000.0000.000.3706008.00000.000,eHIS,HIS_COLLECTION,3087811 HIS_COLLECTION 3358005YT7JQCWYLTG43,500171163,Journal Import 2591641:,/CASH/RECEIPT,2,,,,,0,800,Posted
11-09-2024,01.12102.000.0000.000.3706008.00000.000,eHIS,HIS_COLLECTION,3087817 HIS_COLLECTION 3358005YT7JQCWYLTG43,500170962,Journal Import 2591641:,/EFT/RECEIPT,2,,,,,0,4000,Posted
11-09-2024,01.12102.000.0000.000.3706008.00000.000,eHIS,HIS_COLLECTION,3087824 HIS_COLLECTION 3358005YT7JQCWYLTG43,500171188,Journal Import 2591641:,/CASH/REFUND,2,,,,,4000,0,Posted
11-09-2024,01.12102.000.0000.000.3706008.00000.000,eHIS,HIS_COLLECTION,3087826 HIS_COLLECTION 3358005YT7JQCWYLTG43,500170863,Journal Import 2591641:,/CASH/RECEIPT,2,,,,,0,4000,Posted
11-09-2024,01.12102.000.0000.000.3706008.00000.000,eHIS,HIS_COLLECTION,3087832 HIS_COLLECTION 3358005YT7JQCWYLTG43,500170841,Journal Import 2591641:,/CASH/RECEIPT,2,,,,,0,3500,Posted
11-09-2024,01.12102.000.0000.000.3706008.00000.000,eHIS,HIS_COLLECTION,3087836 HIS_COLLECTION 3358005YT7JQCWYLTG43,500170819,Journal Import 2591641:,/EFT/RECEIPT,2,,,,,0,800,Posted
11-09-2024,01.12102.000.0000.000.3706008.00000.000,eHIS,HIS_COLLECTION,3087861 HIS_COLLECTION 3358005YT7JQCWYLTG43,500171052,Journal Import 2591641:,/EFT/RECEIPT,2,,,,,0,2630,Posted
11-09-2024,01.12102.000.0000.000.3706008.00000.000,eHIS,HIS_COLLECTION,3087886 HIS_COLLECTION 3358005YT7JQCWYLTG43,500171046,Journal Import 2591641:,/CASH/RECEIPT,2,,,,,0,1100,Posted
11-09-2024,01.12102.000.0000.000.3706008.00000.000,eHIS,HIS_COLLECTION,3087906 HIS_COLLECTION 3358005YT7JQCWYLTG43,500171099,Journal Import 2591641:,/EFT/RECEIPT,2,,,,,0,1850,Posted
11-09-2024,01.12102.000.0000.000.3706008.00000.000,eHIS,HIS_COLLECTION,3087929 HIS_COLLECTION 3358005YT7JQCWYLTG43,500171096,Journal Import 2591641:,/CARD/RECEIPT,2,,,,,0,1700,Posted
11-09-2024,01.12102.000.0000.000.3706008.00000.000,eHIS,HIS_COLLECTION,3087941 HIS_COLLECTION 3358005YT7JQCWYLTG43,500170945,Journal Import 2591641:,/CASH/RECEIPT,2,,,,,0,1200,Posted
11-09-2024,01.12102.000.0000.000.3706008.00000.000,eHIS,HIS_COLLECTION,3087959 HIS_COLLECTION 3358005YT7JQCWYLTG43,500170842,Journal Import 2591641:,/EFT/RECEIPT,2,,,,,0,800,Posted
11-09-2024,01.12102.000.0000.000.3706008.00000.000,eHIS,HIS_COLLECTION,3087961 HIS_COLLECTION 3358005YT7JQCWYLTG43,500170864,Journal Import 2591641:,/EFT/RECEIPT,2,,,,,0,850,Posted
11-09-2024,01.12102.000.0000.000.3706008.00000.000,eHIS,HIS_COLLECTION,3087967 HIS_COLLECTION 3358005YT7JQCWYLTG43,500170843,Journal Import 2591641:,/EFT/RECEIPT,2,,,,,0,800,Posted
11-09-2024,01.12102.000.0000.000.3706008.00000.000,eHIS,HIS_COLLECTION,3087971 HIS_COLLECTION 3358005YT7JQCWYLTG43,500170791,Journal Import 2591641:,/CARD/RECEIPT,2,,,,,0,21800,Posted
11-09-2024,01.12102.000.0000.000.3706008.00000.000,eHIS,HIS_COLLECTION,3087979 HIS_COLLECTION 3358005YT7JQCWYLTG43,500171329,Journal Import 2591641:,/CASH/RECEIPT,2,,,,,0,100,Posted
11-09-2024,01.12102.000.0000.000.3706008.00000.000,eHIS,HIS_COLLECTION,3087997 HIS_COLLECTION 3358005YT7JQCWYLTG43,500170933,Journal Import 2591641:,/CASH/RECEIPT,2,,,,,0,500,Posted
11-09-2024,01.12102.000.0000.000.3706008.00000.000,eHIS,HIS_COLLECTION,3088003 HIS_COLLECTION 3358005YT7JQCWYLTG43,500170960,Journal Import 2591641:,/EFT/RECEIPT,2,,,,,0,3954,Posted
11-09-2024,01.12102.000.0000.000.3706008.00000.000,eHIS,HIS_COLLECTION,3088004 HIS_COLLECTION 3358005YT7JQCWYLTG43,500170764,Journal Import 2591641:,/EFT/RECEIPT,2,,,,,0,14900,Posted
11-09-2024,01.12102.000.0000.000.3706008.00000.000,eHIS,HIS_COLLECTION,3088006 HIS_COLLECTION 3358005YT7JQCWYLTG43,500171089,Journal Import 2591641:,/CASH/RECEIPT,2,,,,,0,900,Posted
11-09-2024,01.12102.000.0000.000.3706008.00000.000,eHIS,HIS_COLLECTION,3088010 HIS_COLLECTION 3358005YT7JQCWYLTG43,500171100,Journal Import 2591641:,/EFT/RECEIPT,2,,,,,0,1850,Posted
11-09-2024,01.12102.000.0000.000.3706008.00000.000,eHIS,HIS_COLLECTION,3088019 HIS_COLLECTION 3358005YT7JQCWYLTG43,500170844,Journal Import 2591641:,/CARD/RECEIPT,2,,,,,0,800,Posted
11-09-2024,01.12102.000.0000.000.3706008.00000.000,eHIS,HIS_COLLECTION,3088034 HIS_COLLECTION 3358005YT7JQCWYLTG43,500170787,Journal Import 2591641:,/EFT/RECEIPT,2,,,,,0,1000,Posted
11-09-2024,01.12102.000.0000.000.3706008.00000.000,eHIS,HIS_COLLECTION,3088042 HIS_COLLECTION 3358005YT7JQCWYLTG43,500171088,Journal Import 2591641:,/CASH/RECEIPT,2,,,,,0,883,Posted
11-09-2024,01.12102.000.0000.000.3706008.00000.000,eHIS,HIS_COLLECTION,3088058 HIS_COLLECTION 3358005YT7JQCWYLTG43,500170756,Journal Import 2591641:,/EFT/RECEIPT,2,,,,,0,900,Posted
11-09-2024,01.12102.000.0000.000.3706008.00000.000,eHIS,HIS_COLLECTION,3088064 HIS_COLLECTION 3358005YT7JQCWYLTG43,500171028,Journal Import 2591641:,/EFT/RECEIPT,2,,,,,0,200,Posted
11-09-2024,01.12102.000.0000.000.3706008.00000.000,eHIS,HIS_COLLECTION,3088073 HIS_COLLECTION 3358005YT7JQCWYLTG43,500170946,Journal Import 2591641:,/CASH/RECEIPT,2,,,,,0,1200,Posted
11-09-2024,01.12102.000.0000.000.3706008.00000.000,eHIS,HIS_COLLECTION,3088077 HIS_COLLECTION 3358005YT7JQCWYLTG43,500170951,Journal Import 2591641:,/EFT/RECEIPT,2,,,,,0,500,Posted
11-09-2024,01.12102.000.0000.000.3706008.00000.000,eHIS,HIS_COLLECTION,3088086 HIS_COLLECTION 3358005YT7JQCWYLTG43,500170806,Journal Import 2591641:,/CASH/RECEIPT,2,,,,,0,500,Posted
11-09-2024,01.12102.000.0000.000.3706008.00000.000,eHIS,HIS_COLLECTION,3088096 HIS_COLLECTION 3358005YT7JQCWYLTG43,500171330,Journal Import 2591641:,/CASH/RECEIPT,2,,,,,0,100,Posted
11-09-2024,01.12102.000.0000.000.3706008.00000.000,eHIS,HIS_COLLECTION,3088110 HIS_COLLECTION 3358005YT7JQCWYLTG43,500171027,Journal Import 2591641:,/EFT/RECEIPT,2,,,,,0,199,Posted
11-09-2024,01.12102.000.0000.000.3706008.00000.000,eHIS,HIS_COLLECTION,3088114 HIS_COLLECTION 3358005YT7JQCWYLTG43,500170952,Journal Import 2591641:,/EFT/RECEIPT,2,,,,,0,500,Posted
11-09-2024,01.12102.000.0000.000.3706008.00000.000,eHIS,HIS_COLLECTION,3088122 HIS_COLLECTION 3358005YT7JQCWYLTG43,500170839,Journal Import 2591641:,/CASH/RECEIPT,2,,,,,0,3000,Posted
11-09-2024,01.12102.000.0000.000.3706008.00000.000,eHIS,HIS_COLLECTION,3088130 HIS_COLLECTION 3358005YT7JQCWYLTG43,500170757,Journal Import 2591641:,/EFT/RECEIPT,2,,,,,0,900,Posted
11-09-2024,01.12102.000.0000.000.3706008.00000.000,eHIS,HIS_COLLECTION,3088134 HIS_COLLECTION 3358005YT7JQCWYLTG43,500171164,Journal Import 2591641:,/CASH/RECEIPT,2,,,,,0,800,Posted
11-09-2024,01.12102.000.0000.000.3706008.00000.000,eHIS,HIS_COLLECTION,3088138 HIS_COLLECTION 3358005YT7JQCWYLTG43,500170750,Journal Import 2591641:,/CASH/RECEIPT,2,,,,,0,5000,Posted
11-09-2024,01.12102.000.0000.000.3706008.00000.000,eHIS,HIS_COLLECTION,3088142 HIS_COLLECTION 3358005YT7JQCWYLTG43,500171097,Journal Import 2591641:,/EFT/RECEIPT,2,,,,,0,1700,Posted
11-09-2024,01.12102.000.0000.000.3706008.00000.000,eHIS,HIS_COLLECTION,3088150 HIS_COLLECTION 3358005YT7JQCWYLTG43,500171090,Journal Import 2591641:,/CASH/RECEIPT,2,,,,,0,900,Posted
11-09-2024,01.12102.000.0000.000.3706008.00000.000,eHIS,HIS_COLLECTION,3088156 HIS_COLLECTION 3358005YT7JQCWYLTG43,500170788,Journal Import 2591641:,/CARD/RECEIPT,2,,,,,0,1000,Posted
11-09-2024,01.12102.000.0000.000.3706008.00000.000,eHIS,HIS_COLLECTION,3088167 HIS_COLLECTION 3358005YT7JQCWYLTG43,500170907,Journal Import 2591641:,/EFT/RECEIPT,2,,,,,0,600,Posted
11-09-2024,01.12102.000.0000.000.3706008.00000.000,eHIS,HIS_COLLECTION,3088174 HIS_COLLECTION 3358005YT7JQCWYLTG43,500170789,Journal Import 2591641:,/EFT/RECEIPT,2,,,,,0,1000,Posted
11-09-2024,01.12102.000.0000.000.3706008.00000.000,eHIS,HIS_COLLECTION,3088180 HIS_COLLECTION 3358005YT7JQCWYLTG43,500170807,Journal Import 2591641:,/CASH/RECEIPT,2,,,,,0,500,Posted
11-09-2024,01.12102.000.0000.000.3706008.00000.000,eHIS,HIS_COLLECTION,3088182 HIS_COLLECTION 3358005YT7JQCWYLTG43,500171165,Journal Import 2591641:,/CASH/RECEIPT,2,,,,,0,800,Posted
11-09-2024,01.12102.000.0000.000.3706008.00000.000,eHIS,HIS_COLLECTION,3088188 HIS_COLLECTION 3358005YT7JQCWYLTG43,500170758,Journal Import 2591641:,/EFT/RECEIPT,2,,,,,0,900,Posted
11-09-2024,01.12102.000.0000.000.3706008.00000.000,eHIS,HIS_COLLECTION,3088190 HIS_COLLECTION 3358005YT7JQCWYLTG43,500170902,Journal Import 2591641:,/CASH/RECEIPT,2,,,,,0,1850,Posted
11-09-2024,01.12102.000.0000.000.3706008.00000.000,eHIS,HIS_COLLECTION,3088201 HIS_COLLECTION 3358005YT7JQCWYLTG43,500171176,Journal Import 2591641:,/EFT/RECEIPT,2,,,,,0,1200,Posted
11-09-2024,01.12102.000.0000.000.3706008.00000.000,eHIS,HIS_COLLECTION,3088206 HIS_COLLECTION 3358005YT7JQCWYLTG43,500170838,Journal Import 2591641:,/CASH/RECEIPT,2,,,,,0,2790,Posted
11-09-2024,01.12102.000.0000.000.3706008.00000.000,eHIS,HIS_COLLECTION,3088219 HIS_COLLECTION 3358005YT7JQCWYLTG43,500171166,Journal Import 2591641:,/CASH/RECEIPT,2,,,,,0,800,Posted
11-09-2024,01.12102.000.0000.000.3706008.00000.000,eHIS,HIS_COLLECTION,3088223 HIS_COLLECTION 3358005YT7JQCWYLTG43,500170943,Journal Import 2591641:,/CASH/RECEIPT,2,,,,,0,250,Posted
11-09-2024,01.12102.000.0000.000.3706008.00000.000,eHIS,HIS_COLLECTION,3088225 HIS_COLLECTION 3358005YT7JQCWYLTG43,500170878,Journal Import 2591641:,/CASH/RECEIPT,2,,,,,0,1350,Posted
11-09-2024,01.12102.000.0000.000.3706008.00000.000,eHIS,HIS_COLLECTION,3088242 HIS_COLLECTION 3358005YT7JQCWYLTG43,500170845,Journal Import 2591641:,/EFT/RECEIPT,2,,,,,0,800,Posted
11-09-2024,01.12102.000.0000.000.3706008.00000.000,eHIS,HIS_COLLECTION,3088246 HIS_COLLECTION 3358005YT7JQCWYLTG43,500171091,Journal Import 2591641:,/CASH/RECEIPT,2,,,,,0,900,Posted
11-09-2024,01.12102.000.0000.000.3706008.00000.000,eHIS,HIS_COLLECTION,3088254 HIS_COLLECTION 3358005YT7JQCWYLTG43,500171167,Journal Import 2591641:,/CASH/RECEIPT,2,,,,,0,800,Posted
11-09-2024,01.12102.000.0000.000.3706008.00000.000,eHIS,HIS_COLLECTION,3088256 HIS_COLLECTION 3358005YT7JQCWYLTG43,500170872,Journal Import 2591641:,/CASH/RECEIPT,2,,,,,0,1300,Posted
11-09-2024,01.12102.000.0000.000.3706008.00000.000,eHIS,HIS_COLLECTION,3088262 HIS_COLLECTION 3358005YT7JQCWYLTG43,500170808,Journal Import 2591641:,/CASH/RECEIPT,2,,,,,0,500,Posted
11-09-2024,01.12102.000.0000.000.3706008.00000.000,eHIS,HIS_COLLECTION,3088264 HIS_COLLECTION 3358005YT7JQCWYLTG43,500171168,Journal Import 2591641:,/CASH/RECEIPT,2,,,,,0,800,Posted
11-09-2024,01.12102.000.0000.000.3706008.00000.000,eHIS,HIS_COLLECTION,3088277 HIS_COLLECTION 3358005YT7JQCWYLTG43,500170873,Journal Import 2591641:,/CASH/RECEIPT,2,,,,,0,1300,Posted
11-09-2024,01.12102.000.0000.000.3706008.00000.000,eHIS,HIS_COLLECTION,3088283 HIS_COLLECTION 3358005YT7JQCWYLTG43,500171187,Journal Import 2591641:,/CASH/REFUND,2,,,,,2700,0,Posted
11-09-2024,01.12102.000.0000.000.3706008.00000.000,eHIS,HIS_COLLECTION,3088285 HIS_COLLECTION 3358005YT7JQCWYLTG43,500170944,Journal Import 2591641:,/CASH/RECEIPT,2,,,,,0,250,Posted
11-09-2024,01.12102.000.0000.000.3706008.00000.000,eHIS,HIS_COLLECTION,3088297 HIS_COLLECTION 3358005YT7JQCWYLTG43,500170809,Journal Import 2591641:,/CASH/RECEIPT,2,,,,,0,500,Posted
11-09-2024,01.12102.000.0000.000.3706008.00000.000,eHIS,HIS_COLLECTION,3088301 HIS_COLLECTION 3358005YT7JQCWYLTG43,500170953,Journal Import 2591641:,/CARD/RECEIPT,2,,,,,0,500,Posted
11-09-2024,01.12102.000.0000.000.3706008.00000.000,eHIS,HIS_COLLECTION,3088311 HIS_COLLECTION 3358005YT7JQCWYLTG43,500170954,Journal Import 2591641:,/EFT/RECEIPT,2,,,,,0,500,Posted
11-09-2024,01.12102.000.0000.000.3706008.00000.000,eHIS,HIS_COLLECTION,3088317 HIS_COLLECTION 3358005YT7JQCWYLTG43,500170947,Journal Import 2591641:,/CASH/RECEIPT,2,,,,,0,1200,Posted
11-09-2024,01.12102.000.0000.000.3706008.00000.000,eHIS,HIS_COLLECTION,3088323 HIS_COLLECTION 3358005YT7JQCWYLTG43,500170998,Journal Import 2591641:,/CASH/RECEIPT,2,,,,,0,999,Posted
11-09-2024,01.12102.000.0000.000.3706008.00000.000,eHIS,HIS_COLLECTION,3088329 HIS_COLLECTION 3358005YT7JQCWYLTG43,500170810,Journal Import 2591641:,/CASH/RECEIPT,2,,,,,0,500,Posted
11-09-2024,01.12102.000.0000.000.3706008.00000.000,eHIS,HIS_COLLECTION,3088341 HIS_COLLECTION 3358005YT7JQCWYLTG43,500171169,Journal Import 2591641:,/CASH/RECEIPT,2,,,,,0,800,Posted
11-09-2024,01.12102.000.0000.000.3706008.00000.000,eHIS,HIS_COLLECTION,3088343 HIS_COLLECTION 3358005YT7JQCWYLTG43,500170811,Journal Import 2591641:,/CASH/RECEIPT,2,,,,,0,500,Posted
11-09-2024,01.12102.000.0000.000.3706008.00000.000,eHIS,HIS_COLLECTION,3088357 HIS_COLLECTION 3358005YT7JQCWYLTG43,500170748,Journal Import 2591641:,/CASH/RECEIPT,2,,,,,0,600,Posted
11-09-2024,01.12102.000.0000.000.3706008.00000.000,eHIS,HIS_COLLECTION,3088367 HIS_COLLECTION 3358005YT7JQCWYLTG43,500170874,Journal Import 2591641:,/CASH/RECEIPT,2,,,,,0,1300,Posted
11-09-2024,01.12102.000.0000.000.3706008.00000.000,eHIS,HIS_COLLECTION,3088369 HIS_COLLECTION 3358005YT7JQCWYLTG43,500171170,Journal Import 2591641:,/CASH/RECEIPT,2,,,,,0,800,Posted
11-09-2024,01.12102.000.0000.000.3706008.00000.000,eHIS,HIS_COLLECTION,3088377 HIS_COLLECTION 3358005YT7JQCWYLTG43,500170996,Journal Import 2591641:,/CASH/RECEIPT,2,,,,,0,250,Posted
11-09-2024,01.12102.000.0000.000.3706008.00000.000,eHIS,HIS_COLLECTION,3088387 HIS_COLLECTION 3358005YT7JQCWYLTG43,500171171,Journal Import 2591641:,/CASH/RECEIPT,2,,,,,0,800,Posted
11-09-2024,01.12102.000.0000.000.3706008.00000.000,eHIS,HIS_COLLECTION,3088397 HIS_COLLECTION 3358005YT7JQCWYLTG43,500170899,Journal Import 2591641:,/CASH/RECEIPT,2,,,,,0,400,Posted
11-09-2024,01.12102.000.0000.000.3706008.00000.000,eHIS,HIS_COLLECTION,3088398 HIS_COLLECTION 3358005YT7JQCWYLTG43,500171001,Journal Import 2591641:,/EFT/RECEIPT,2,,,,,0,100,Posted
11-09-2024,01.12102.000.0000.000.3706008.00000.000,eHIS,HIS_COLLECTION,3088404 HIS_COLLECTION 3358005YT7JQCWYLTG43,500171092,Journal Import 2591641:,/CASH/RECEIPT,2,,,,,0,900,Posted
11-09-2024,01.12102.000.0000.000.3706008.00000.000,eHIS,HIS_COLLECTION,3088408 HIS_COLLECTION 3358005YT7JQCWYLTG43,500170759,Journal Import 2591641:,/EFT/RECEIPT,2,,,,,0,900,Posted
11-09-2024,01.12102.000.0000.000.3706008.00000.000,eHIS,HIS_COLLECTION,3088414 HIS_COLLECTION 3358005YT7JQCWYLTG43,500171029,Journal Import 2591641:,/EFT/RECEIPT,3,,,,,0,200,Posted
11-09-2024,01.12102.000.0000.000.3706008.00000.000,eHIS,HIS_COLLECTION,3088414 HIS_COLLECTION 3358005YT7JQCWYLTG43,500171029,Journal Import 2591641:,/EFT/RECEIPT,4,,,,,0,700,Posted
11-09-2024,01.12102.000.0000.000.3706008.00000.000,eHIS,HIS_COLLECTION,3088415 HIS_COLLECTION 3358005YT7JQCWYLTG43,500170792,Journal Import 2591641:,/CARD/RECEIPT,2,,,,,0,21800,Posted
11-09-2024,01.12102.000.0000.000.3706008.00000.000,eHIS,HIS_COLLECTION,3088425 HIS_COLLECTION 3358005YT7JQCWYLTG43,500170760,Journal Import 2591641:,/DEPOSIT ADJUSTMENT/TRANSFER/RECEIPT,2,,,,,0,900,Posted
12-09-2024,01.12102.000.0000.000.3706008.00000.000,eHIS,HIS_COLLECTION,3088426 HIS_COLLECTION 3358005YT7JQCWYLTG43,500171396,Journal Import 2600363:,/DEPOSIT ADJUSTMENT/TRANSFER/REFUND,1,,,,,900,0,Posted
12-09-2024,01.12102.000.0000.000.3706008.00000.000,eHIS,HIS_COLLECTION,3088426 HIS_COLLECTION 3358005YT7JQCWYLTG43,500171396,Journal Import 2600363:,/DEPOSIT ADJUSTMENT/TRANSFER/REFUND,2,,,,,0,900,Posted
12-09-2024,01.12102.000.0000.000.3706008.00000.000,eHIS,HIS_COLLECTION,3088436 HIS_COLLECTION 3358005YT7JQCWYLTG43,500171398,Journal Import 2600363:,/DEPOSIT ADJUSTMENT/TRANSFER/REFUND,1,,,,,30000,0,Posted
12-09-2024,01.12102.000.0000.000.3706008.00000.000,eHIS,HIS_COLLECTION,3088436 HIS_COLLECTION 3358005YT7JQCWYLTG43,500171398,Journal Import 2600363:,/DEPOSIT ADJUSTMENT/TRANSFER/REFUND,2,,,,,0,30000,Posted
11-09-2024,01.12102.000.0000.000.3706008.00000.000,eHIS,HIS_COLLECTION,3088438 HIS_COLLECTION 3358005YT7JQCWYLTG43,500170903,Journal Import 2591641:,/CASH/RECEIPT,2,,,,,0,1850,Posted
11-09-2024,01.12102.000.0000.000.3706008.00000.000,eHIS,HIS_COLLECTION,3088443 HIS_COLLECTION 3358005YT7JQCWYLTG43,500170790,Journal Import 2591641:,/EFT/RECEIPT,2,,,,,0,1000,Posted
11-09-2024,01.12102.000.0000.000.3706008.00000.000,eHIS,HIS_COLLECTION,3088448 HIS_COLLECTION 3358005YT7JQCWYLTG43,500171172,Journal Import 2591641:,/CASH/RECEIPT,2,,,,,0,800,Posted
11-09-2024,01.12102.000.0000.000.3706008.00000.000,eHIS,HIS_COLLECTION,3088454 HIS_COLLECTION 3358005YT7JQCWYLTG43,500170948,Journal Import 2591641:,/CASH/RECEIPT,2,,,,,0,1200,Posted
11-09-2024,01.12102.000.0000.000.3706008.00000.000,eHIS,HIS_COLLECTION,3088470 HIS_COLLECTION 3358005YT7JQCWYLTG43,500170761,Journal Import 2591641:,/CARD/RECEIPT,2,,,,,0,900,Posted
11-09-2024,01.12102.000.0000.000.3706008.00000.000,eHIS,HIS_COLLECTION,3088472 HIS_COLLECTION 3358005YT7JQCWYLTG43,500171173,Journal Import 2591641:,/CASH/RECEIPT,2,,,,,0,800,Posted
11-09-2024,01.12102.000.0000.000.3706008.00000.000,eHIS,HIS_COLLECTION,3088480 HIS_COLLECTION 3358005YT7JQCWYLTG43,500170999,Journal Import 2591641:,/CASH/RECEIPT,2,,,,,0,1000,Posted
11-09-2024,01.12102.000.0000.000.3706008.00000.000,eHIS,HIS_COLLECTION,3088482 HIS_COLLECTION 3358005YT7JQCWYLTG43,500170955,Journal Import 2591641:,/EFT/RECEIPT,2,,,,,0,500,Posted
11-09-2024,01.12102.000.0000.000.3706008.00000.000,eHIS,HIS_COLLECTION,3088498 HIS_COLLECTION 3358005YT7JQCWYLTG43,500170812,Journal Import 2591641:,/CASH/RECEIPT,2,,,,,0,500,Posted
11-09-2024,01.12102.000.0000.000.3706008.00000.000,eHIS,HIS_COLLECTION,3088500 HIS_COLLECTION 3358005YT7JQCWYLTG43,500171047,Journal Import 2591641:,/CASH/RECEIPT,2,,,,,0,1100,Posted
11-09-2024,01.12102.000.0000.000.3706008.00000.000,eHIS,HIS_COLLECTION,3088509 HIS_COLLECTION 3358005YT7JQCWYLTG43,500171174,Journal Import 2591641:,/CASH/RECEIPT,2,,,,,0,800,Posted
11-09-2024,01.12102.000.0000.000.3706008.00000.000,eHIS,HIS_COLLECTION,3088523 HIS_COLLECTION 3358005YT7JQCWYLTG43,500170950,Journal Import 2591641:,/CASH/RECEIPT,2,,,,,0,1250,Posted
11-09-2024,01.12102.000.0000.000.3706008.00000.000,eHIS,HIS_COLLECTION,3088529 HIS_COLLECTION 3358005YT7JQCWYLTG43,500171034,Journal Import 2591641:,/CARD/RECEIPT,2,,,,,0,1920,Posted
11-09-2024,01.12102.000.0000.000.3706008.00000.000,eHIS,HIS_COLLECTION,3088541 HIS_COLLECTION 3358005YT7JQCWYLTG43,500171331,Journal Import 2591641:,/CASH/RECEIPT,2,,,,,0,100,Posted
11-09-2024,01.12102.000.0000.000.3706008.00000.000,eHIS,HIS_COLLECTION,3088543 HIS_COLLECTION 3358005YT7JQCWYLTG43,500170997,Journal Import 2591641:,/CASH/RECEIPT,2,,,,,0,250,Posted
11-09-2024,01.12102.000.0000.000.3706008.00000.000,eHIS,HIS_COLLECTION,3088552 HIS_COLLECTION 3358005YT7JQCWYLTG43,500170875,Journal Import 2591641:,/CASH/RECEIPT,2,,,,,0,1300,Posted
11-09-2024,01.12102.000.0000.000.3706008.00000.000,eHIS,HIS_COLLECTION,3088564 HIS_COLLECTION 3358005YT7JQCWYLTG43,500170719,Journal Import 2591641:,/EFT/RECEIPT,2,,,,,0,1000,Posted
11-09-2024,01.12102.000.0000.000.3706008.00000.000,eHIS,HIS_COLLECTION,3088566 HIS_COLLECTION 3358005YT7JQCWYLTG43,500170813,Journal Import 2591641:,/CASH/RECEIPT,2,,,,,0,500,Posted
11-09-2024,01.12102.000.0000.000.3706008.00000.000,eHIS,HIS_COLLECTION,3088574 HIS_COLLECTION 3358005YT7JQCWYLTG43,500170870,Journal Import 2591641:,/CASH/RECEIPT,2,,,,,0,250,Posted
11-09-2024,01.12102.000.0000.000.3706008.00000.000,eHIS,HIS_COLLECTION,3088576 HIS_COLLECTION 3358005YT7JQCWYLTG43,500171055,Journal Import 2591641:,/EFT/RECEIPT,2,,,,,0,3000,Posted
11-09-2024,01.12102.000.0000.000.3706008.00000.000,eHIS,HIS_COLLECTION,3088580 HIS_COLLECTION 3358005YT7JQCWYLTG43,500170956,Journal Import 2591641:,/CARD/RECEIPT,2,,,,,0,500,Posted
11-09-2024,01.12102.000.0000.000.3706008.00000.000,eHIS,HIS_COLLECTION,3088588 HIS_COLLECTION 3358005YT7JQCWYLTG43,500171048,Journal Import 2591641:,/CASH/RECEIPT,2,,,,,0,1100,Posted
11-09-2024,01.12102.000.0000.000.3706008.00000.000,eHIS,HIS_COLLECTION,3088597 HIS_COLLECTION 3358005YT7JQCWYLTG43,500170749,Journal Import 2591641:,/CASH/RECEIPT,2,,,,,0,4900,Posted
11-09-2024,01.12102.000.0000.000.3706008.00000.000,eHIS,HIS_COLLECTION,3088620 HIS_COLLECTION 3358005YT7JQCWYLTG43,500171049,Journal Import 2591641:,/CASH/RECEIPT,2,,,,,0,1100,Posted
11-09-2024,01.12102.000.0000.000.3706008.00000.000,eHIS,HIS_COLLECTION,3088622 HIS_COLLECTION 3358005YT7JQCWYLTG43,500171175,Journal Import 2591641:,/CASH/RECEIPT,2,,,,,0,800,Posted
11-09-2024,01.12102.000.0000.000.3706008.00000.000,eHIS,HIS_COLLECTION,3088631 HIS_COLLECTION 3358005YT7JQCWYLTG43,500170879,Journal Import 2591641:,/CASH/RECEIPT,2,,,,,0,1350,Posted
11-09-2024,01.12102.000.0000.000.3706008.00000.000,eHIS,HIS_COLLECTION,3088637 HIS_COLLECTION 3358005YT7JQCWYLTG43,500170754,Journal Import 2591641:,/CASH/RECEIPT,2,,,,,0,5700,Posted
11-09-2024,01.12102.000.0000.000.3706008.00000.000,eHIS,HIS_COLLECTION,3088641 HIS_COLLECTION 3358005YT7JQCWYLTG43,500170817,Journal Import 2591641:,/EFT/RECEIPT,2,,,,,0,750,Posted
11-09-2024,01.12102.000.0000.000.3706008.00000.000,eHIS,HIS_COLLECTION,3088643 HIS_COLLECTION 3358005YT7JQCWYLTG43,500170862,Journal Import 2591641:,/CASH/RECEIPT,2,,,,,0,3740,Posted
11-09-2024,01.12102.000.0000.000.3706008.00000.000,eHIS,HIS_COLLECTION,3088646 HIS_COLLECTION 3358005YT7JQCWYLTG43,500171184,Journal Import 2591641:,/CASH/RECEIPT,2,,,,,0,800,Posted
11-09-2024,01.12102.000.0000.000.3706008.00000.000,eHIS,HIS_COLLECTION,3088648 HIS_COLLECTION 3358005YT7JQCWYLTG43,500170814,Journal Import 2591641:,/CASH/RECEIPT,2,,,,,0,500,Posted
11-09-2024,01.12102.000.0000.000.3706008.00000.000,eHIS,HIS_COLLECTION,3088652 HIS_COLLECTION 3358005YT7JQCWYLTG43,500170815,Journal Import 2591641:,/CASH/RECEIPT,2,,,,,0,500,Posted
11-09-2024,01.12102.000.0000.000.3706008.00000.000,eHIS,HIS_COLLECTION,3088657 HIS_COLLECTION 3358005YT7JQCWYLTG43,500171185,Journal Import 2591641:,/CASH/RECEIPT,2,,,,,0,800,Posted
11-09-2024,01.12102.000.0000.000.3706008.00000.000,eHIS,HIS_COLLECTION,3088659 HIS_COLLECTION 3358005YT7JQCWYLTG43,500171093,Journal Import 2591641:,/CASH/RECEIPT,2,,,,,0,900,Posted
11-09-2024,01.12102.000.0000.000.3706008.00000.000,eHIS,HIS_COLLECTION,3088663 HIS_COLLECTION 3358005YT7JQCWYLTG43,500170846,Journal Import 2591641:,/EFT/RECEIPT,2,,,,,0,800,Posted
11-09-2024,01.12102.000.0000.000.3706008.00000.000,eHIS,HIS_COLLECTION,3088672 HIS_COLLECTION 3358005YT7JQCWYLTG43,500170762,Journal Import 2591641:,/CARD/RECEIPT,2,,,,,0,900,Posted
11-09-2024,01.12102.000.0000.000.3706008.00000.000,eHIS,HIS_COLLECTION,3088690 HIS_COLLECTION 3358005YT7JQCWYLTG43,500170720,Journal Import 2591641:,/EFT/RECEIPT,2,,,,,0,1000,Posted
11-09-2024,01.12102.000.0000.000.3706008.00000.000,eHIS,HIS_COLLECTION,3088696 HIS_COLLECTION 3358005YT7JQCWYLTG43,500171030,Journal Import 2591641:,/EFT/RECEIPT,2,,,,,0,200,Posted
11-09-2024,01.12102.000.0000.000.3706008.00000.000,eHIS,HIS_COLLECTION,3088711 HIS_COLLECTION 3358005YT7JQCWYLTG43,500170871,Journal Import 2591641:,/CASH/RECEIPT,2,,,,,0,299,Posted
11-09-2024,01.12102.000.0000.000.3706008.00000.000,eHIS,HIS_COLLECTION,3088717 HIS_COLLECTION 3358005YT7JQCWYLTG43,500170829,Journal Import 2591641:,/CASH/RECEIPT,2,,,,,0,500,Posted
11-09-2024,01.12102.000.0000.000.3706008.00000.000,eHIS,HIS_COLLECTION,3088719 HIS_COLLECTION 3358005YT7JQCWYLTG43,500170908,Journal Import 2591641:,/EFT/RECEIPT,2,,,,,0,600,Posted
11-09-2024,01.12102.000.0000.000.3706008.00000.000,eHIS,HIS_COLLECTION,3088726 HIS_COLLECTION 3358005YT7JQCWYLTG43,500171186,Journal Import 2591641:,/CASH/RECEIPT,2,,,,,0,800,Posted
11-09-2024,01.12102.000.0000.000.3706008.00000.000,eHIS,HIS_COLLECTION,3088730 HIS_COLLECTION 3358005YT7JQCWYLTG43,500171033,Journal Import 2591641:,/EFT/RECEIPT,2,,,,,0,250,Posted
11-09-2024,01.12102.000.0000.000.3706008.00000.000,eHIS,HIS_COLLECTION,3088733 HIS_COLLECTION 3358005YT7JQCWYLTG43,500171324,Journal Import 2591641:,/CASH/RECEIPT,2,,,,,0,800,Posted
11-09-2024,01.12102.000.0000.000.3706008.00000.000,eHIS,HIS_COLLECTION,3088736 HIS_COLLECTION 3358005YT7JQCWYLTG43,500171031,Journal Import 2591641:,/EFT/RECEIPT,2,,,,,0,200,Posted
11-09-2024,01.12102.000.0000.000.3706008.00000.000,eHIS,HIS_COLLECTION,3088738 HIS_COLLECTION 3358005YT7JQCWYLTG43,500171101,Journal Import 2591641:,/EFT/RECEIPT,2,,,,,0,1850,Posted
11-09-2024,01.12102.000.0000.000.3706008.00000.000,eHIS,HIS_COLLECTION,3088740 HIS_COLLECTION 3358005YT7JQCWYLTG43,500170847,Journal Import 2591641:,/EFT/RECEIPT,2,,,,,0,800,Posted
11-09-2024,01.12102.000.0000.000.3706008.00000.000,eHIS,HIS_COLLECTION,3088742 HIS_COLLECTION 3358005YT7JQCWYLTG43,500170830,Journal Import 2591641:,/CASH/RECEIPT,2,,,,,0,500,Posted
11-09-2024,01.12102.000.0000.000.3706008.00000.000,eHIS,HIS_COLLECTION,3088745 HIS_COLLECTION 3358005YT7JQCWYLTG43,500171102,Journal Import 2591641:,/EFT/RECEIPT,2,,,,,0,1850,Posted
11-09-2024,01.12102.000.0000.000.3706008.00000.000,eHIS,HIS_COLLECTION,3088747 HIS_COLLECTION 3358005YT7JQCWYLTG43,500171325,Journal Import 2591641:,/CASH/RECEIPT,2,,,,,0,800,Posted
11-09-2024,01.12102.000.0000.000.3706008.00000.000,eHIS,HIS_COLLECTION,3088760 HIS_COLLECTION 3358005YT7JQCWYLTG43,500170911,Journal Import 2591641:,/EFT/RECEIPT,2,,,,,0,5200,Posted
11-09-2024,01.12102.000.0000.000.3706008.00000.000,eHIS,HIS_COLLECTION,3088762 HIS_COLLECTION 3358005YT7JQCWYLTG43,500170957,Journal Import 2591641:,/CARD/RECEIPT,2,,,,,0,500,Posted
11-09-2024,01.12102.000.0000.000.3706008.00000.000,eHIS,HIS_COLLECTION,3088772 HIS_COLLECTION 3358005YT7JQCWYLTG43,500171103,Journal Import 2591641:,/CARD/RECEIPT,2,,,,,0,1850,Posted
11-09-2024,01.12102.000.0000.000.3706008.00000.000,eHIS,HIS_COLLECTION,3088784 HIS_COLLECTION 3358005YT7JQCWYLTG43,500170786,Journal Import 2591641:,/CASH/RECEIPT,2,,,,,0,10800,Posted
11-09-2024,01.12102.000.0000.000.3706008.00000.000,eHIS,HIS_COLLECTION,3088786 HIS_COLLECTION 3358005YT7JQCWYLTG43,500170909,Journal Import 2591641:,/EFT/RECEIPT,2,,,,,0,650,Posted
11-09-2024,01.12102.000.0000.000.3706008.00000.000,eHIS,HIS_COLLECTION,3088798 HIS_COLLECTION 3358005YT7JQCWYLTG43,500170906,Journal Import 2591641:,/CASH/RECEIPT,2,,,,,0,2000,Posted
11-09-2024,01.12102.000.0000.000.3706008.00000.000,eHIS,HIS_COLLECTION,3088799 HIS_COLLECTION 3358005YT7JQCWYLTG43,500170958,Journal Import 2591641:,/EFT/RECEIPT,2,,,,,0,500,Posted
11-09-2024,01.12102.000.0000.000.3706008.00000.000,eHIS,HIS_COLLECTION,3088801 HIS_COLLECTION 3358005YT7JQCWYLTG43,500170876,Journal Import 2591641:,/CASH/RECEIPT,2,,,,,0,1300,Posted
11-09-2024,01.12102.000.0000.000.3706008.00000.000,eHIS,HIS_COLLECTION,3088803 HIS_COLLECTION 3358005YT7JQCWYLTG43,500170831,Journal Import 2591641:,/CASH/RECEIPT,2,,,,,0,500,Posted
11-09-2024,01.12102.000.0000.000.3706008.00000.000,eHIS,HIS_COLLECTION,3088809 HIS_COLLECTION 3358005YT7JQCWYLTG43,500170832,Journal Import 2591641:,/CASH/RECEIPT,2,,,,,0,500,Posted
11-09-2024,01.12102.000.0000.000.3706008.00000.000,eHIS,HIS_COLLECTION,3088817 HIS_COLLECTION 3358005YT7JQCWYLTG43,500170818,Journal Import 2591641:,/EFT/RECEIPT,2,,,,,0,750,Posted
11-09-2024,01.12102.000.0000.000.3706008.00000.000,eHIS,HIS_COLLECTION,3088826 HIS_COLLECTION 3358005YT7JQCWYLTG43,500170833,Journal Import 2591641:,/CASH/RECEIPT,2,,,,,0,500,Posted
11-09-2024,01.12102.000.0000.000.3706008.00000.000,eHIS,HIS_COLLECTION,3088830 HIS_COLLECTION 3358005YT7JQCWYLTG43,500170834,Journal Import 2591641:,/CASH/RECEIPT,2,,,,,0,500,Posted
11-09-2024,01.12102.000.0000.000.3706008.00000.000,eHIS,HIS_COLLECTION,3088839 HIS_COLLECTION 3358005YT7JQCWYLTG43,500171326,Journal Import 2591641:,/CASH/RECEIPT,2,,,,,0,800,Posted
11-09-2024,01.12102.000.0000.000.3706008.00000.000,eHIS,HIS_COLLECTION,3088841 HIS_COLLECTION 3358005YT7JQCWYLTG43,500171327,Journal Import 2591641:,/CASH/RECEIPT,2,,,,,0,800,Posted
11-09-2024,01.12102.000.0000.000.3706008.00000.000,eHIS,HIS_COLLECTION,3088852 HIS_COLLECTION 3358005YT7JQCWYLTG43,500171050,Journal Import 2591641:,/CASH/RECEIPT,2,,,,,0,1100,Posted
11-09-2024,01.12102.000.0000.000.3706008.00000.000,eHIS,HIS_COLLECTION,3088858 HIS_COLLECTION 3358005YT7JQCWYLTG43,500171332,Journal Import 2591641:,/CASH/RECEIPT,2,,,,,0,100,Posted
11-09-2024,01.12102.000.0000.000.3706008.00000.000,eHIS,HIS_COLLECTION,3088870 HIS_COLLECTION 3358005YT7JQCWYLTG43,500171051,Journal Import 2591641:,/EFT/RECEIPT,2,,,,,0,450,Posted
11-09-2024,01.12102.000.0000.000.3706008.00000.000,eHIS,HIS_COLLECTION,3088873 HIS_COLLECTION 3358005YT7JQCWYLTG43,500170835,Journal Import 2591641:,/CASH/RECEIPT,2,,,,,0,500,Posted
11-09-2024,01.12102.000.0000.000.3706008.00000.000,eHIS,HIS_COLLECTION,3088918 HIS_COLLECTION 3358005YT7JQCWYLTG43,500171328,Journal Import 2591641:,/CASH/RECEIPT,2,,,,,0,800,Posted
11-09-2024,01.12102.000.0000.000.3706008.00000.000,eHIS,HIS_COLLECTION,3088929 HIS_COLLECTION 3358005YT7JQCWYLTG43,500170721,Journal Import 2591641:,/EFT/RECEIPT,2,,,,,0,1000,Posted
11-09-2024,01.12102.000.0000.000.3706008.00000.000,eHIS,HIS_COLLECTION,3088935 HIS_COLLECTION 3358005YT7JQCWYLTG43,500170782,Journal Import 2591641:,/CASH/RECEIPT,2,,,,,0,600,Posted
11-09-2024,01.12102.000.0000.000.3706008.00000.000,eHIS,HIS_COLLECTION,3088937 HIS_COLLECTION 3358005YT7JQCWYLTG43,500171000,Journal Import 2591641:,/CASH/RECEIPT,2,,,,,0,1000,Posted
11-09-2024,01.12102.000.0000.000.3706008.00000.000,eHIS,HIS_COLLECTION,3088953 HIS_COLLECTION 3358005YT7JQCWYLTG43,500171036,Journal Import 2591641:,/CARD/RECEIPT,2,,,,,0,2300,Posted
11-09-2024,01.12102.000.0000.000.3706008.00000.000,eHIS,HIS_COLLECTION,3088963 HIS_COLLECTION 3358005YT7JQCWYLTG43,500171104,Journal Import 2591641:,/EFT/RECEIPT,2,,,,,0,1850,Posted
11-09-2024,01.12102.000.0000.000.3706008.00000.000,eHIS,HIS_COLLECTION,3088972 HIS_COLLECTION 3358005YT7JQCWYLTG43,500171333,Journal Import 2591641:,/CASH/RECEIPT,2,,,,,0,100,Posted
11-09-2024,01.12102.000.0000.000.3706008.00000.000,eHIS,HIS_COLLECTION,3088973 HIS_COLLECTION 3358005YT7JQCWYLTG43,500171177,Journal Import 2591641:,/EFT/RECEIPT,2,,,,,0,1200,Posted
11-09-2024,01.12102.000.0000.000.3706008.00000.000,eHIS,HIS_COLLECTION,3088985 HIS_COLLECTION 3358005YT7JQCWYLTG43,500170877,Journal Import 2591641:,/CASH/RECEIPT,2,,,,,0,1300,Posted
11-09-2024,01.12102.000.0000.000.3706008.00000.000,eHIS,HIS_COLLECTION,3088989 HIS_COLLECTION 3358005YT7JQCWYLTG43,500170904,Journal Import 2591641:,/CASH/RECEIPT,2,,,,,0,1850,Posted
11-09-2024,01.12102.000.0000.000.3706008.00000.000,eHIS,HIS_COLLECTION,3088993 HIS_COLLECTION 3358005YT7JQCWYLTG43,500170949,Journal Import 2591641:,/CASH/RECEIPT,2,,,,,0,1200,Posted
11-09-2024,01.12102.000.0000.000.3706008.00000.000,eHIS,HIS_COLLECTION,3088997 HIS_COLLECTION 3358005YT7JQCWYLTG43,500171178,Journal Import 2591641:,/EFT/RECEIPT,2,,,,,0,1200,Posted
11-09-2024,01.12102.000.0000.000.3706008.00000.000,eHIS,HIS_COLLECTION,3089001 HIS_COLLECTION 3358005YT7JQCWYLTG43,500170910,Journal Import 2591641:,/EFT/RECEIPT,2,,,,,0,5020,Posted
11-09-2024,01.12102.000.0000.000.3706008.00000.000,eHIS,HIS_COLLECTION,3089003 HIS_COLLECTION 3358005YT7JQCWYLTG43,500171334,Journal Import 2591641:,/CASH/RECEIPT,2,,,,,0,100,Posted
11-09-2024,01.12102.000.0000.000.3706008.00000.000,eHIS,HIS_COLLECTION,3089013 HIS_COLLECTION 3358005YT7JQCWYLTG43,500170722,Journal Import 2591641:,/CARD/RECEIPT,2,,,,,0,1071,Posted
11-09-2024,01.12102.000.0000.000.3706008.00000.000,eHIS,HIS_COLLECTION,3089016 HIS_COLLECTION 3358005YT7JQCWYLTG43,500170836,Journal Import 2591641:,/CASH/RECEIPT,2,,,,,0,500,Posted
11-09-2024,01.12102.000.0000.000.3706008.00000.000,eHIS,HIS_COLLECTION,3089027 HIS_COLLECTION 3358005YT7JQCWYLTG43,500171124,Journal Import 2591641:,/CASH/RECEIPT,2,,,,,0,50,Posted
11-09-2024,01.12102.000.0000.000.3706008.00000.000,eHIS,HIS_COLLECTION,3089028 HIS_COLLECTION 3358005YT7JQCWYLTG43,500171035,Journal Import 2591641:,/EFT/RECEIPT,2,,,,,0,2000,Posted
11-09-2024,01.12102.000.0000.000.3706008.00000.000,eHIS,HIS_COLLECTION,3089035 HIS_COLLECTION 3358005YT7JQCWYLTG43,500170794,Journal Import 2591641:,/DEPOSIT ADJUSTMENT/TRANSFER/RECEIPT,2,,,,,0,26000,Posted
12-09-2024,01.12102.000.0000.000.3706008.00000.000,eHIS,HIS_COLLECTION,3089036 HIS_COLLECTION 3358005YT7JQCWYLTG43,500171397,Journal Import 2600363:,/DEPOSIT ADJUSTMENT/TRANSFER/REFUND,1,,,,,26000,0,Posted
12-09-2024,01.12102.000.0000.000.3706008.00000.000,eHIS,HIS_COLLECTION,3089036 HIS_COLLECTION 3358005YT7JQCWYLTG43,500171397,Journal Import 2600363:,/DEPOSIT ADJUSTMENT/TRANSFER/REFUND,2,,,,,0,26000,Posted
11-09-2024,01.12102.000.0000.000.3706008.00000.000,eHIS,HIS_COLLECTION,3089046 HIS_COLLECTION 3358005YT7JQCWYLTG43,500170905,Journal Import 2591641:,/CASH/RECEIPT,2,,,,,0,1850,Posted
11-09-2024,01.12102.000.0000.000.3706008.00000.000,eHIS,HIS_COLLECTION,3089071 HIS_COLLECTION 3358005YT7JQCWYLTG43,500170837,Journal Import 2591641:,/CASH/RECEIPT,2,,,,,0,500,Posted
11-09-2024,01.12102.000.0000.000.3706008.00000.000,eHIS,HIS_COLLECTION,3089084 HIS_COLLECTION 3358005YT7JQCWYLTG43,500170942,Journal Import 2591641:,/CASH/RECEIPT,2,,,,,0,200,Posted
11-09-2024,01.12102.000.0000.000.3706008.00000.000,eHIS,HIS_COLLECTION,3089097 HIS_COLLECTION 3358005YT7JQCWYLTG43,500171105,Journal Import 2591641:,/EFT/RECEIPT,2,,,,,0,1850,Posted
11-09-2024,01.12102.000.0000.000.3706008.00000.000,eHIS,HIS_COLLECTION,3089105 HIS_COLLECTION 3358005YT7JQCWYLTG43,500170747,Journal Import 2591641:,/CASH/RECEIPT,2,,,,,0,540,Posted
11-09-2024,01.12102.000.0000.000.3706008.00000.000,eHIS,HIS_COLLECTION,3089112 HIS_COLLECTION 3358005YT7JQCWYLTG43,500170914,Journal Import 2591641:,/CARD/RECEIPT,2,,,,,0,6000,Posted
12-09-2024,01.12102.000.0000.000.3706008.00000.000,eHIS,HIS_COLLECTION,3089148 HIS_COLLECTION 3358005YT7JQCWYLTG43,500171504,Journal Import 2591641:,/CASH/RECEIPT,2,,,,,0,500,Posted
12-09-2024,01.12102.000.0000.000.3706008.00000.000,eHIS,HIS_COLLECTION,3089157 HIS_COLLECTION 3358005YT7JQCWYLTG43,500171615,Journal Import 2591641:,/CASH/RECEIPT,2,,,,,0,1000,Posted
12-09-2024,01.12102.000.0000.000.3706008.00000.000,eHIS,HIS_COLLECTION,3089162 HIS_COLLECTION 3358005YT7JQCWYLTG43,500171864,Journal Import 2591641:,/CASH/RECEIPT,2,,,,,0,100,Posted
12-09-2024,01.12102.000.0000.000.3706008.00000.000,eHIS,HIS_COLLECTION,3089164 HIS_COLLECTION 3358005YT7JQCWYLTG43,500171781,Journal Import 2591641:,/CASH/REFUND,2,,,,,100,0,Posted
12-09-2024,01.12102.000.0000.000.3706008.00000.000,eHIS,HIS_COLLECTION,3089205 HIS_COLLECTION 3358005YT7JQCWYLTG43,500171865,Journal Import 2591641:,/CASH/RECEIPT,2,,,,,0,100,Posted
12-09-2024,01.12102.000.0000.000.3706008.00000.000,eHIS,HIS_COLLECTION,3089216 HIS_COLLECTION 3358005YT7JQCWYLTG43,500171616,Journal Import 2591641:,/EFT/RECEIPT,2,,,,,0,100,Posted
12-09-2024,01.12102.000.0000.000.3706008.00000.000,eHIS,HIS_COLLECTION,3089228 HIS_COLLECTION 3358005YT7JQCWYLTG43,500171622,Journal Import 2591641:,/EFT/RECEIPT,2,,,,,0,1850,Posted
12-09-2024,01.12102.000.0000.000.3706008.00000.000,eHIS,HIS_COLLECTION,3089264 HIS_COLLECTION 3358005YT7JQCWYLTG43,500171866,Journal Import 2591641:,/CASH/RECEIPT,2,,,,,0,100,Posted
12-09-2024,01.12102.000.0000.000.3706008.00000.000,eHIS,HIS_COLLECTION,3089266 HIS_COLLECTION 3358005YT7JQCWYLTG43,500171418,Journal Import 2591641:,/CASH/RECEIPT,2,,,,,0,3750,Posted
12-09-2024,01.12102.000.0000.000.3706008.00000.000,eHIS,HIS_COLLECTION,3089268 HIS_COLLECTION 3358005YT7JQCWYLTG43,500171475,Journal Import 2591641:,/CASH/RECEIPT,2,,,,,0,410,Posted
12-09-2024,01.12102.000.0000.000.3706008.00000.000,eHIS,HIS_COLLECTION,3089282 HIS_COLLECTION 3358005YT7JQCWYLTG43,500171512,Journal Import 2591641:,/CASH/RECEIPT,2,,,,,0,3500,Posted
13-09-2024,01.12102.000.0000.000.3706008.00000.000,eHIS,HIS_COLLECTION,3089290 HIS_COLLECTION 3358005YT7JQCWYLTG43,500171942,Journal Import 2599930:,/EFT/RECEIPT,2,,,,,0,450,Posted
12-09-2024,01.12102.000.0000.000.3706008.00000.000,eHIS,HIS_COLLECTION,3089294 HIS_COLLECTION 3358005YT7JQCWYLTG43,500171419,Journal Import 2591641:,/CASH/RECEIPT,2,,,,,0,4150,Posted
13-09-2024,01.12102.000.0000.000.3706008.00000.000,eHIS,HIS_COLLECTION,3089304 HIS_COLLECTION 3358005YT7JQCWYLTG43,500171948,Journal Import 2599930:,/EFT/RECEIPT,2,,,,,0,2700,Posted
12-09-2024,01.12102.000.0000.000.3706008.00000.000,eHIS,HIS_COLLECTION,3089306 HIS_COLLECTION 3358005YT7JQCWYLTG43,500171617,Journal Import 2591641:,/EFT/RECEIPT,2,,,,,0,100,Posted
12-09-2024,01.12102.000.0000.000.3706008.00000.000,eHIS,HIS_COLLECTION,3089316 HIS_COLLECTION 3358005YT7JQCWYLTG43,500171510,Journal Import 2591641:,/CASH/RECEIPT,2,,,,,0,3100,Posted
12-09-2024,01.12102.000.0000.000.3706008.00000.000,eHIS,HIS_COLLECTION,3089318 HIS_COLLECTION 3358005YT7JQCWYLTG43,500171566,Journal Import 2591641:,/CASH/RECEIPT,2,,,,,0,160,Posted
12-09-2024,01.12102.000.0000.000.3706008.00000.000,eHIS,HIS_COLLECTION,3089319 HIS_COLLECTION 3358005YT7JQCWYLTG43,500171578,Journal Import 2591641:,/CARD/RECEIPT,2,,,,,0,4000,Posted
12-09-2024,01.12102.000.0000.000.3706008.00000.000,eHIS,HIS_COLLECTION,3089322 HIS_COLLECTION 3358005YT7JQCWYLTG43,500171481,Journal Import 2591641:,/EFT/RECEIPT,2,,,,,0,5888,Posted
12-09-2024,01.12102.000.0000.000.3706008.00000.000,eHIS,HIS_COLLECTION,3089326 HIS_COLLECTION 3358005YT7JQCWYLTG43,500171390,Journal Import 2591641:,/CARD/RECEIPT,2,,,,,0,1000,Posted
12-09-2024,01.12102.000.0000.000.3706008.00000.000,eHIS,HIS_COLLECTION,3089331 HIS_COLLECTION 3358005YT7JQCWYLTG43,500171574,Journal Import 2591641:,/CARD/RECEIPT,2,,,,,0,3500,Posted
12-09-2024,01.12102.000.0000.000.3706008.00000.000,eHIS,HIS_COLLECTION,3089334 HIS_COLLECTION 3358005YT7JQCWYLTG43,500171594,Journal Import 2591641:,/CASH/RECEIPT,2,,,,,0,900,Posted
12-09-2024,01.12102.000.0000.000.3706008.00000.000,eHIS,HIS_COLLECTION,3089370 HIS_COLLECTION 3358005YT7JQCWYLTG43,500171679,Journal Import 2591641:,/EFT/RECEIPT,2,,,,,0,1300,Posted
12-09-2024,01.12102.000.0000.000.3706008.00000.000,eHIS,HIS_COLLECTION,3089384 HIS_COLLECTION 3358005YT7JQCWYLTG43,500171867,Journal Import 2591641:,/CASH/RECEIPT,2,,,,,0,100,Posted
12-09-2024,01.12102.000.0000.000.3706008.00000.000,eHIS,HIS_COLLECTION,3089386 HIS_COLLECTION 3358005YT7JQCWYLTG43,500171429,Journal Import 2591641:,/CASH/RECEIPT,2,,,,,0,8350,Posted
12-09-2024,01.12102.000.0000.000.3706008.00000.000,eHIS,HIS_COLLECTION,3089390 HIS_COLLECTION 3358005YT7JQCWYLTG43,500171493,Journal Import 2591641:,/CARD/RECEIPT,2,,,,,0,6600,Posted
12-09-2024,01.12102.000.0000.000.3706008.00000.000,eHIS,HIS_COLLECTION,3089396 HIS_COLLECTION 3358005YT7JQCWYLTG43,500171868,Journal Import 2591641:,/CASH/RECEIPT,2,,,,,0,100,Posted
12-09-2024,01.12102.000.0000.000.3706008.00000.000,eHIS,HIS_COLLECTION,3089399 HIS_COLLECTION 3358005YT7JQCWYLTG43,500171577,Journal Import 2591641:,/EFT/RECEIPT,2,,,,,0,3690,Posted
12-09-2024,01.12102.000.0000.000.3706008.00000.000,eHIS,HIS_COLLECTION,3089408 HIS_COLLECTION 3358005YT7JQCWYLTG43,500171623,Journal Import 2591641:,/CARD/RECEIPT,2,,,,,0,1850,Posted
12-09-2024,01.12102.000.0000.000.3706008.00000.000,eHIS,HIS_COLLECTION,3089428 HIS_COLLECTION 3358005YT7JQCWYLTG43,500171556,Journal Import 2591641:,/CARD/RECEIPT,2,,,,,0,2700,Posted
12-09-2024,01.12102.000.0000.000.3706008.00000.000,eHIS,HIS_COLLECTION,3089430 HIS_COLLECTION 3358005YT7JQCWYLTG43,500171697,Journal Import 2591641:,/CARD/RECEIPT,2,,,,,0,1650,Posted
12-09-2024,01.12102.000.0000.000.3706008.00000.000,eHIS,HIS_COLLECTION,3089432 HIS_COLLECTION 3358005YT7JQCWYLTG43,500171505,Journal Import 2591641:,/CASH/RECEIPT,2,,,,,0,500,Posted
12-09-2024,01.12102.000.0000.000.3706008.00000.000,eHIS,HIS_COLLECTION,3089437 HIS_COLLECTION 3358005YT7JQCWYLTG43,500171478,Journal Import 2591641:,/CARD/RECEIPT,2,,,,,0,650,Posted
12-09-2024,01.12102.000.0000.000.3706008.00000.000,eHIS,HIS_COLLECTION,3089454 HIS_COLLECTION 3358005YT7JQCWYLTG43,500171571,Journal Import 2591641:,/EFT/RECEIPT,2,,,,,0,450,Posted
12-09-2024,01.12102.000.0000.000.3706008.00000.000,eHIS,HIS_COLLECTION,3089469 HIS_COLLECTION 3358005YT7JQCWYLTG43,500171554,Journal Import 2591641:,/CARD/RECEIPT,2,,,,,0,2500,Posted
12-09-2024,01.12102.000.0000.000.3706008.00000.000,eHIS,HIS_COLLECTION,3089480 HIS_COLLECTION 3358005YT7JQCWYLTG43,500171511,Journal Import 2591641:,/CASH/RECEIPT,2,,,,,0,3100,Posted
12-09-2024,01.12102.000.0000.000.3706008.00000.000,eHIS,HIS_COLLECTION,3089498 HIS_COLLECTION 3358005YT7JQCWYLTG43,500171851,Journal Import 2591641:,/CASH/RECEIPT,2,,,,,0,800,Posted
13-09-2024,01.12102.000.0000.000.3706008.00000.000,eHIS,HIS_COLLECTION,3089509 HIS_COLLECTION 3358005YT7JQCWYLTG43,500171947,Journal Import 2599930:,/EFT/RECEIPT,2,,,,,0,1168,Posted
12-09-2024,01.12102.000.0000.000.3706008.00000.000,eHIS,HIS_COLLECTION,3089516 HIS_COLLECTION 3358005YT7JQCWYLTG43,500171659,Journal Import 2591641:,/CARD/RECEIPT,2,,,,,0,1200,Posted
12-09-2024,01.12102.000.0000.000.3706008.00000.000,eHIS,HIS_COLLECTION,3089520 HIS_COLLECTION 3358005YT7JQCWYLTG43,500171644,Journal Import 2591641:,/CARD/RECEIPT,2,,,,,0,2300,Posted
13-09-2024,01.12102.000.0000.000.3706008.00000.000,eHIS,HIS_COLLECTION,3089522 HIS_COLLECTION 3358005YT7JQCWYLTG43,500171938,Journal Import 2599930:,/EFT/RECEIPT,2,,,,,0,350,Posted
12-09-2024,01.12102.000.0000.000.3706008.00000.000,eHIS,HIS_COLLECTION,3089524 HIS_COLLECTION 3358005YT7JQCWYLTG43,500171852,Journal Import 2591641:,/CASH/RECEIPT,2,,,,,0,800,Posted
12-09-2024,01.12102.000.0000.000.3706008.00000.000,eHIS,HIS_COLLECTION,3089532 HIS_COLLECTION 3358005YT7JQCWYLTG43,500171513,Journal Import 2591641:,/EFT/RECEIPT,2,,,,,0,800,Posted
12-09-2024,01.12102.000.0000.000.3706008.00000.000,eHIS,HIS_COLLECTION,3089536 HIS_COLLECTION 3358005YT7JQCWYLTG43,500171853,Journal Import 2591641:,/CASH/RECEIPT,2,,,,,0,800,Posted
12-09-2024,01.12102.000.0000.000.3706008.00000.000,eHIS,HIS_COLLECTION,3089558 HIS_COLLECTION 3358005YT7JQCWYLTG43,500171624,Journal Import 2591641:,/CARD/RECEIPT,2,,,,,0,1850,Posted
12-09-2024,01.12102.000.0000.000.3706008.00000.000,eHIS,HIS_COLLECTION,3089560 HIS_COLLECTION 3358005YT7JQCWYLTG43,500171506,Journal Import 2591641:,/CASH/RECEIPT,2,,,,,0,500,Posted
12-09-2024,01.12102.000.0000.000.3706008.00000.000,eHIS,HIS_COLLECTION,3089575 HIS_COLLECTION 3358005YT7JQCWYLTG43,500171854,Journal Import 2591641:,/CASH/RECEIPT,2,,,,,0,800,Posted
12-09-2024,01.12102.000.0000.000.3706008.00000.000,eHIS,HIS_COLLECTION,3089581 HIS_COLLECTION 3358005YT7JQCWYLTG43,500171625,Journal Import 2591641:,/CARD/RECEIPT,2,,,,,0,1850,Posted
12-09-2024,01.12102.000.0000.000.3706008.00000.000,eHIS,HIS_COLLECTION,3089587 HIS_COLLECTION 3358005YT7JQCWYLTG43,500171870,Journal Import 2591641:,/CASH/RECEIPT,2,,,,,0,1000,Posted
12-09-2024,01.12102.000.0000.000.3706008.00000.000,eHIS,HIS_COLLECTION,3089589 HIS_COLLECTION 3358005YT7JQCWYLTG43,500171391,Journal Import 2591641:,/EFT/RECEIPT,2,,,,,0,1000,Posted
12-09-2024,01.12102.000.0000.000.3706008.00000.000,eHIS,HIS_COLLECTION,3089604 HIS_COLLECTION 3358005YT7JQCWYLTG43,500171871,Journal Import 2591641:,/CASH/RECEIPT,2,,,,,0,1000,Posted
12-09-2024,01.12102.000.0000.000.3706008.00000.000,eHIS,HIS_COLLECTION,3089606 HIS_COLLECTION 3358005YT7JQCWYLTG43,500171514,Journal Import 2591641:,/EFT/RECEIPT,2,,,,,0,800,Posted
12-09-2024,01.12102.000.0000.000.3706008.00000.000,eHIS,HIS_COLLECTION,3089609 HIS_COLLECTION 3358005YT7JQCWYLTG43,500171515,Journal Import 2591641:,/CARD/RECEIPT,2,,,,,0,800,Posted
12-09-2024,01.12102.000.0000.000.3706008.00000.000,eHIS,HIS_COLLECTION,3089615 HIS_COLLECTION 3358005YT7JQCWYLTG43,500171552,Journal Import 2591641:,/EFT/RECEIPT,2,,,,,0,300,Posted
12-09-2024,01.12102.000.0000.000.3706008.00000.000,eHIS,HIS_COLLECTION,3089623 HIS_COLLECTION 3358005YT7JQCWYLTG43,500171626,Journal Import 2591641:,/EFT/RECEIPT,2,,,,,0,1850,Posted
12-09-2024,01.12102.000.0000.000.3706008.00000.000,eHIS,HIS_COLLECTION,3089625 HIS_COLLECTION 3358005YT7JQCWYLTG43,500171855,Journal Import 2591641:,/CASH/RECEIPT,2,,,,,0,800,Posted
12-09-2024,01.12102.000.0000.000.3706008.00000.000,eHIS,HIS_COLLECTION,3089643 HIS_COLLECTION 3358005YT7JQCWYLTG43,500171581,Journal Import 2591641:,/CASH/RECEIPT,2,,,,,0,299,Posted
12-09-2024,01.12102.000.0000.000.3706008.00000.000,eHIS,HIS_COLLECTION,3089651 HIS_COLLECTION 3358005YT7JQCWYLTG43,500171680,Journal Import 2591641:,/EFT/RECEIPT,2,,,,,0,1300,Posted
12-09-2024,01.12102.000.0000.000.3706008.00000.000,eHIS,HIS_COLLECTION,3089657 HIS_COLLECTION 3358005YT7JQCWYLTG43,500171572,Journal Import 2591641:,/EFT/RECEIPT,2,,,,,0,500,Posted
12-09-2024,01.12102.000.0000.000.3706008.00000.000,eHIS,HIS_COLLECTION,3089672 HIS_COLLECTION 3358005YT7JQCWYLTG43,500171507,Journal Import 2591641:,/CASH/RECEIPT,2,,,,,0,500,Posted
12-09-2024,01.12102.000.0000.000.3706008.00000.000,eHIS,HIS_COLLECTION,3089673 HIS_COLLECTION 3358005YT7JQCWYLTG43,500171639,Journal Import 2591641:,/EFT/RECEIPT,2,,,,,0,200,Posted
12-09-2024,01.12102.000.0000.000.3706008.00000.000,eHIS,HIS_COLLECTION,3089690 HIS_COLLECTION 3358005YT7JQCWYLTG43,500171583,Journal Import 2591641:,/CASH/RECEIPT,2,,,,,0,1300,Posted
12-09-2024,01.12102.000.0000.000.3706008.00000.000,eHIS,HIS_COLLECTION,3089694 HIS_COLLECTION 3358005YT7JQCWYLTG43,500171474,Journal Import 2591641:,/CASH/RECEIPT,2,,,,,0,350,Posted
12-09-2024,01.12102.000.0000.000.3706008.00000.000,eHIS,HIS_COLLECTION,3089707 HIS_COLLECTION 3358005YT7JQCWYLTG43,500171573,Journal Import 2591641:,/EFT/RECEIPT,2,,,,,0,500,Posted
12-09-2024,01.12102.000.0000.000.3706008.00000.000,eHIS,HIS_COLLECTION,3089720 HIS_COLLECTION 3358005YT7JQCWYLTG43,500171618,Journal Import 2591641:,/EFT/RECEIPT,2,,,,,0,100,Posted
12-09-2024,01.12102.000.0000.000.3706008.00000.000,eHIS,HIS_COLLECTION,3089729 HIS_COLLECTION 3358005YT7JQCWYLTG43,500171678,Journal Import 2591641:,/CARD/RECEIPT,2,,,,,0,1289,Posted
12-09-2024,01.12102.000.0000.000.3706008.00000.000,eHIS,HIS_COLLECTION,3089734 HIS_COLLECTION 3358005YT7JQCWYLTG43,500171494,Journal Import 2591641:,/CARD/RECEIPT,2,,,,,0,7300,Posted
12-09-2024,01.12102.000.0000.000.3706008.00000.000,eHIS,HIS_COLLECTION,3089746 HIS_COLLECTION 3358005YT7JQCWYLTG43,500171869,Journal Import 2591641:,/CASH/RECEIPT,2,,,,,0,100,Posted
12-09-2024,01.12102.000.0000.000.3706008.00000.000,eHIS,HIS_COLLECTION,3089754 HIS_COLLECTION 3358005YT7JQCWYLTG43,500171599,Journal Import 2591641:,/CARD/RECEIPT,2,,,,,0,37,Posted
12-09-2024,01.12102.000.0000.000.3706008.00000.000,eHIS,HIS_COLLECTION,3089772 HIS_COLLECTION 3358005YT7JQCWYLTG43,500171509,Journal Import 2591641:,/CASH/RECEIPT,2,,,,,0,3000,Posted
12-09-2024,01.12102.000.0000.000.3706008.00000.000,eHIS,HIS_COLLECTION,3089774 HIS_COLLECTION 3358005YT7JQCWYLTG43,500171587,Journal Import 2591641:,/EFT/RECEIPT,2,,,,,0,500,Posted
12-09-2024,01.12102.000.0000.000.3706008.00000.000,eHIS,HIS_COLLECTION,3089780 HIS_COLLECTION 3358005YT7JQCWYLTG43,500171584,Journal Import 2591641:,/CASH/RECEIPT,2,,,,,0,1300,Posted
12-09-2024,01.12102.000.0000.000.3706008.00000.000,eHIS,HIS_COLLECTION,3089784 HIS_COLLECTION 3358005YT7JQCWYLTG43,500171856,Journal Import 2591641:,/CASH/RECEIPT,2,,,,,0,800,Posted
12-09-2024,01.12102.000.0000.000.3706008.00000.000,eHIS,HIS_COLLECTION,3089796 HIS_COLLECTION 3358005YT7JQCWYLTG43,500171462,Journal Import 2591641:,/CASH/RECEIPT,2,,,,,0,750,Posted
12-09-2024,01.12102.000.0000.000.3706008.00000.000,eHIS,HIS_COLLECTION,3089804 HIS_COLLECTION 3358005YT7JQCWYLTG43,500171857,Journal Import 2591641:,/CASH/RECEIPT,2,,,,,0,800,Posted
12-09-2024,01.12102.000.0000.000.3706008.00000.000,eHIS,HIS_COLLECTION,3089810 HIS_COLLECTION 3358005YT7JQCWYLTG43,500171508,Journal Import 2591641:,/CASH/RECEIPT,2,,,,,0,500,Posted
12-09-2024,01.12102.000.0000.000.3706008.00000.000,eHIS,HIS_COLLECTION,3089814 HIS_COLLECTION 3358005YT7JQCWYLTG43,500171656,Journal Import 2591641:,/EFT/RECEIPT,2,,,,,0,1100,Posted
12-09-2024,01.12102.000.0000.000.3706008.00000.000,eHIS,HIS_COLLECTION,3089818 HIS_COLLECTION 3358005YT7JQCWYLTG43,500171858,Journal Import 2591641:,/CASH/RECEIPT,2,,,,,0,800,Posted
12-09-2024,01.12102.000.0000.000.3706008.00000.000,eHIS,HIS_COLLECTION,3089838 HIS_COLLECTION 3358005YT7JQCWYLTG43,500171595,Journal Import 2591641:,/CASH/RECEIPT,2,,,,,0,900,Posted
12-09-2024,01.12102.000.0000.000.3706008.00000.000,eHIS,HIS_COLLECTION,3089842 HIS_COLLECTION 3358005YT7JQCWYLTG43,500171428,Journal Import 2591641:,/CASH/RECEIPT,2,,,,,0,6550,Posted
12-09-2024,01.12102.000.0000.000.3706008.00000.000,eHIS,HIS_COLLECTION,3089846 HIS_COLLECTION 3358005YT7JQCWYLTG43,500171447,Journal Import 2591641:,/CASH/RECEIPT,2,,,,,0,600,Posted
12-09-2024,01.12102.000.0000.000.3706008.00000.000,eHIS,HIS_COLLECTION,3089850 HIS_COLLECTION 3358005YT7JQCWYLTG43,500171516,Journal Import 2591641:,/EFT/RECEIPT,2,,,,,0,800,Posted
12-09-2024,01.12102.000.0000.000.3706008.00000.000,eHIS,HIS_COLLECTION,3089861 HIS_COLLECTION 3358005YT7JQCWYLTG43,500171859,Journal Import 2591641:,/CASH/RECEIPT,2,,,,,0,800,Posted
13-09-2024,01.12102.000.0000.000.3706008.00000.000,eHIS,HIS_COLLECTION,3089863 HIS_COLLECTION 3358005YT7JQCWYLTG43,500171946,Journal Import 2599930:,/EFT/RECEIPT,2,,,,,0,1111,Posted
12-09-2024,01.12102.000.0000.000.3706008.00000.000,eHIS,HIS_COLLECTION,3089874 HIS_COLLECTION 3358005YT7JQCWYLTG43,500171567,Journal Import 2591641:,/CASH/RECEIPT,2,,,,,0,200,Posted
12-09-2024,01.12102.000.0000.000.3706008.00000.000,eHIS,HIS_COLLECTION,3089877 HIS_COLLECTION 3358005YT7JQCWYLTG43,500171427,Journal Import 2591641:,/CASH/RECEIPT,2,,,,,0,5730,Posted
12-09-2024,01.12102.000.0000.000.3706008.00000.000,eHIS,HIS_COLLECTION,3089882 HIS_COLLECTION 3358005YT7JQCWYLTG43,500171448,Journal Import 2591641:,/CASH/RECEIPT,2,,,,,0,600,Posted
12-09-2024,01.12102.000.0000.000.3706008.00000.000,eHIS,HIS_COLLECTION,3089886 HIS_COLLECTION 3358005YT7JQCWYLTG43,500171673,Journal Import 2591641:,/EFT/RECEIPT,2,,,,,0,1200,Posted
12-09-2024,01.12102.000.0000.000.3706008.00000.000,eHIS,HIS_COLLECTION,3089894 HIS_COLLECTION 3358005YT7JQCWYLTG43,500171860,Journal Import 2591641:,/CASH/RECEIPT,2,,,,,0,800,Posted
12-09-2024,01.12102.000.0000.000.3706008.00000.000,eHIS,HIS_COLLECTION,3089896 HIS_COLLECTION 3358005YT7JQCWYLTG43,500171585,Journal Import 2591641:,/CASH/RECEIPT,2,,,,,0,1300,Posted
12-09-2024,01.12102.000.0000.000.3706008.00000.000,eHIS,HIS_COLLECTION,3089902 HIS_COLLECTION 3358005YT7JQCWYLTG43,500171569,Journal Import 2591641:,/CASH/RECEIPT,2,,,,,0,1200,Posted
12-09-2024,01.12102.000.0000.000.3706008.00000.000,eHIS,HIS_COLLECTION,3089904 HIS_COLLECTION 3358005YT7JQCWYLTG43,500171482,Journal Import 2591641:,/EFT/RECEIPT,2,,,,,0,6100,Posted
12-09-2024,01.12102.000.0000.000.3706008.00000.000,eHIS,HIS_COLLECTION,3089910 HIS_COLLECTION 3358005YT7JQCWYLTG43,500171557,Journal Import 2591641:,/CARD/RECEIPT,2,,,,,0,2780,Posted
12-09-2024,01.12102.000.0000.000.3706008.00000.000,eHIS,HIS_COLLECTION,3089916 HIS_COLLECTION 3358005YT7JQCWYLTG43,500171674,Journal Import 2591641:,/EFT/RECEIPT,2,,,,,0,1200,Posted
12-09-2024,01.12102.000.0000.000.3706008.00000.000,eHIS,HIS_COLLECTION,3089918 HIS_COLLECTION 3358005YT7JQCWYLTG43,500171861,Journal Import 2591641:,/CASH/RECEIPT,2,,,,,0,800,Posted
12-09-2024,01.12102.000.0000.000.3706008.00000.000,eHIS,HIS_COLLECTION,3089927 HIS_COLLECTION 3358005YT7JQCWYLTG43,500171479,Journal Import 2591641:,/EFT/RECEIPT,2,,,,,0,650,Posted
12-09-2024,01.12102.000.0000.000.3706008.00000.000,eHIS,HIS_COLLECTION,3089942 HIS_COLLECTION 3358005YT7JQCWYLTG43,500171382,Journal Import 2591641:,/CASH/RECEIPT,2,,,,,0,750,Posted
12-09-2024,01.12102.000.0000.000.3706008.00000.000,eHIS,HIS_COLLECTION,3089947 HIS_COLLECTION 3358005YT7JQCWYLTG43,500171689,Journal Import 2591641:,/CASH/RECEIPT,2,,,,,0,800,Posted
12-09-2024,01.12102.000.0000.000.3706008.00000.000,eHIS,HIS_COLLECTION,3089954 HIS_COLLECTION 3358005YT7JQCWYLTG43,500171690,Journal Import 2591641:,/CASH/RECEIPT,2,,,,,0,800,Posted
12-09-2024,01.12102.000.0000.000.3706008.00000.000,eHIS,HIS_COLLECTION,3089961 HIS_COLLECTION 3358005YT7JQCWYLTG43,500171691,Journal Import 2591641:,/CASH/RECEIPT,2,,,,,0,800,Posted
13-09-2024,01.12102.000.0000.000.3706008.00000.000,eHIS,HIS_COLLECTION,3089969 HIS_COLLECTION 3358005YT7JQCWYLTG43,500171939,Journal Import 2599930:,/EFT/RECEIPT,2,,,,,0,350,Posted
12-09-2024,01.12102.000.0000.000.3706008.00000.000,eHIS,HIS_COLLECTION,3089975 HIS_COLLECTION 3358005YT7JQCWYLTG43,500171596,Journal Import 2591641:,/CASH/RECEIPT,2,,,,,0,900,Posted
12-09-2024,01.12102.000.0000.000.3706008.00000.000,eHIS,HIS_COLLECTION,3089990 HIS_COLLECTION 3358005YT7JQCWYLTG43,500171582,Journal Import 2591641:,/CASH/RECEIPT,2,,,,,0,299,Posted
12-09-2024,01.12102.000.0000.000.3706008.00000.000,eHIS,HIS_COLLECTION,3089994 HIS_COLLECTION 3358005YT7JQCWYLTG43,500171696,Journal Import 2591641:,/EFT/RECEIPT,2,,,,,0,1300,Posted
12-09-2024,01.12102.000.0000.000.3706008.00000.000,eHIS,HIS_COLLECTION,3090006 HIS_COLLECTION 3358005YT7JQCWYLTG43,500171517,Journal Import 2591641:,/EFT/RECEIPT,2,,,,,0,800,Posted
12-09-2024,01.12102.000.0000.000.3706008.00000.000,eHIS,HIS_COLLECTION,3090008 HIS_COLLECTION 3358005YT7JQCWYLTG43,500171692,Journal Import 2591641:,/CASH/RECEIPT,2,,,,,0,800,Posted
12-09-2024,01.12102.000.0000.000.3706008.00000.000,eHIS,HIS_COLLECTION,3090021 HIS_COLLECTION 3358005YT7JQCWYLTG43,500171675,Journal Import 2591641:,/EFT/RECEIPT,2,,,,,0,1200,Posted
12-09-2024,01.12102.000.0000.000.3706008.00000.000,eHIS,HIS_COLLECTION,3090043 HIS_COLLECTION 3358005YT7JQCWYLTG43,500171590,Journal Import 2591641:,/EFT/RECEIPT,2,,,,,0,4900,Posted
12-09-2024,01.12102.000.0000.000.3706008.00000.000,eHIS,HIS_COLLECTION,3090047 HIS_COLLECTION 3358005YT7JQCWYLTG43,500171518,Journal Import 2591641:,/EFT/RECEIPT,2,,,,,0,800,Posted
12-09-2024,01.12102.000.0000.000.3706008.00000.000,eHIS,HIS_COLLECTION,3090055 HIS_COLLECTION 3358005YT7JQCWYLTG43,500171643,Journal Import 2591641:,/EFT/RECEIPT,2,,,,,0,2000,Posted
12-09-2024,01.12102.000.0000.000.3706008.00000.000,eHIS,HIS_COLLECTION,3090063 HIS_COLLECTION 3358005YT7JQCWYLTG43,500171576,Journal Import 2591641:,/EFT/RECEIPT,2,,,,,0,3550,Posted
12-09-2024,01.12102.000.0000.000.3706008.00000.000,eHIS,HIS_COLLECTION,3090067 HIS_COLLECTION 3358005YT7JQCWYLTG43,500171417,Journal Import 2591641:,/CASH/RECEIPT,2,,,,,0,3630,Posted
12-09-2024,01.12102.000.0000.000.3706008.00000.000,eHIS,HIS_COLLECTION,3090083 HIS_COLLECTION 3358005YT7JQCWYLTG43,500171495,Journal Import 2591641:,/CARD/RECEIPT,2,,,,,0,9500,Posted
12-09-2024,01.12102.000.0000.000.3706008.00000.000,eHIS,HIS_COLLECTION,3090095 HIS_COLLECTION 3358005YT7JQCWYLTG43,500171383,Journal Import 2591641:,/CASH/RECEIPT,2,,,,,0,750,Posted
12-09-2024,01.12102.000.0000.000.3706008.00000.000,eHIS,HIS_COLLECTION,3090099 HIS_COLLECTION 3358005YT7JQCWYLTG43,500171519,Journal Import 2591641:,/EFT/RECEIPT,2,,,,,0,800,Posted
12-09-2024,01.12102.000.0000.000.3706008.00000.000,eHIS,HIS_COLLECTION,3090110 HIS_COLLECTION 3358005YT7JQCWYLTG43,500171491,Journal Import 2591641:,/EFT/RECEIPT,2,,,,,0,750,Posted
12-09-2024,01.12102.000.0000.000.3706008.00000.000,eHIS,HIS_COLLECTION,3090116 HIS_COLLECTION 3358005YT7JQCWYLTG43,500171676,Journal Import 2591641:,/EFT/RECEIPT,2,,,,,0,1200,Posted
13-09-2024,01.12102.000.0000.000.3706008.00000.000,eHIS,HIS_COLLECTION,3090125 HIS_COLLECTION 3358005YT7JQCWYLTG43,500171944,Journal Import 2599930:,/EFT/RECEIPT,2,,,,,0,900,Posted
12-09-2024,01.12102.000.0000.000.3706008.00000.000,eHIS,HIS_COLLECTION,3090127 HIS_COLLECTION 3358005YT7JQCWYLTG43,500171677,Journal Import 2591641:,/EFT/RECEIPT,2,,,,,0,1200,Posted
12-09-2024,01.12102.000.0000.000.3706008.00000.000,eHIS,HIS_COLLECTION,3090131 HIS_COLLECTION 3358005YT7JQCWYLTG43,500171693,Journal Import 2591641:,/CASH/RECEIPT,2,,,,,0,800,Posted
12-09-2024,01.12102.000.0000.000.3706008.00000.000,eHIS,HIS_COLLECTION,3090133 HIS_COLLECTION 3358005YT7JQCWYLTG43,500171589,Journal Import 2591641:,/EFT/RECEIPT,2,,,,,0,4375,Posted
12-09-2024,01.12102.000.0000.000.3706008.00000.000,eHIS,HIS_COLLECTION,3090147 HIS_COLLECTION 3358005YT7JQCWYLTG43,500171492,Journal Import 2591641:,/CARD/RECEIPT,2,,,,,0,750,Posted
13-09-2024,01.12102.000.0000.000.3706008.00000.000,eHIS,HIS_COLLECTION,3090170 HIS_COLLECTION 3358005YT7JQCWYLTG43,500171943,Journal Import 2599930:,/EFT/RECEIPT,2,,,,,0,450,Posted
12-09-2024,01.12102.000.0000.000.3706008.00000.000,eHIS,HIS_COLLECTION,3090172 HIS_COLLECTION 3358005YT7JQCWYLTG43,500171480,Journal Import 2591641:,/EFT/RECEIPT,2,,,,,0,5600,Posted
12-09-2024,01.12102.000.0000.000.3706008.00000.000,eHIS,HIS_COLLECTION,3090191 HIS_COLLECTION 3358005YT7JQCWYLTG43,500171431,Journal Import 2591641:,/EFT/RECEIPT,2,,,,,0,14400,Posted
12-09-2024,01.12102.000.0000.000.3706008.00000.000,eHIS,HIS_COLLECTION,3090199 HIS_COLLECTION 3358005YT7JQCWYLTG43,500171621,Journal Import 2591641:,/EFT/RECEIPT,2,,,,,0,162,Posted
12-09-2024,01.12102.000.0000.000.3706008.00000.000,eHIS,HIS_COLLECTION,3090250 HIS_COLLECTION 3358005YT7JQCWYLTG43,500171698,Journal Import 2591641:,/EFT/RECEIPT,2,,,,,0,1650,Posted
12-09-2024,01.12102.000.0000.000.3706008.00000.000,eHIS,HIS_COLLECTION,3090260 HIS_COLLECTION 3358005YT7JQCWYLTG43,500171477,Journal Import 2591641:,/CASH/RECEIPT,2,,,,,0,1850,Posted
12-09-2024,01.12102.000.0000.000.3706008.00000.000,eHIS,HIS_COLLECTION,3090262 HIS_COLLECTION 3358005YT7JQCWYLTG43,500171586,Journal Import 2591641:,/CASH/RECEIPT,2,,,,,0,1300,Posted
12-09-2024,01.12102.000.0000.000.3706008.00000.000,eHIS,HIS_COLLECTION,3090266 HIS_COLLECTION 3358005YT7JQCWYLTG43,500171627,Journal Import 2591641:,/EFT/RECEIPT,2,,,,,0,1850,Posted
13-09-2024,01.12102.000.0000.000.3706008.00000.000,eHIS,HIS_COLLECTION,3090270 HIS_COLLECTION 3358005YT7JQCWYLTG43,500171940,Journal Import 2599930:,/EFT/RECEIPT,2,,,,,0,350,Posted
12-09-2024,01.12102.000.0000.000.3706008.00000.000,eHIS,HIS_COLLECTION,3090276 HIS_COLLECTION 3358005YT7JQCWYLTG43,500171619,Journal Import 2591641:,/EFT/RECEIPT,2,,,,,0,100,Posted
12-09-2024,01.12102.000.0000.000.3706008.00000.000,eHIS,HIS_COLLECTION,3090285 HIS_COLLECTION 3358005YT7JQCWYLTG43,500171588,Journal Import 2591641:,/CARD/RECEIPT,2,,,,,0,500,Posted
13-09-2024,01.12102.000.0000.000.3706008.00000.000,eHIS,HIS_COLLECTION,3090287 HIS_COLLECTION 3358005YT7JQCWYLTG43,500171945,Journal Import 2599930:,/EFT/RECEIPT,2,,,,,0,947,Posted
12-09-2024,01.12102.000.0000.000.3706008.00000.000,eHIS,HIS_COLLECTION,3090301 HIS_COLLECTION 3358005YT7JQCWYLTG43,500171657,Journal Import 2591641:,/EFT/RECEIPT,2,,,,,0,1100,Posted
13-09-2024,01.12102.000.0000.000.3706008.00000.000,eHIS,HIS_COLLECTION,3090305 HIS_COLLECTION 3358005YT7JQCWYLTG43,500171941,Journal Import 2599930:,/EFT/RECEIPT,2,,,,,0,350,Posted
12-09-2024,01.12102.000.0000.000.3706008.00000.000,eHIS,HIS_COLLECTION,3090309 HIS_COLLECTION 3358005YT7JQCWYLTG43,500171620,Journal Import 2591641:,/EFT/RECEIPT,2,,,,,0,100,Posted
12-09-2024,01.12102.000.0000.000.3706008.00000.000,eHIS,HIS_COLLECTION,3090317 HIS_COLLECTION 3358005YT7JQCWYLTG43,500171430,Journal Import 2591641:,/CASH/RECEIPT,2,,,,,0,8400,Posted
12-09-2024,01.12102.000.0000.000.3706008.00000.000,eHIS,HIS_COLLECTION,3090322 HIS_COLLECTION 3358005YT7JQCWYLTG43,500171558,Journal Import 2591641:,/EFT/RECEIPT,2,,,,,0,3000,Posted
12-09-2024,01.12102.000.0000.000.3706008.00000.000,eHIS,HIS_COLLECTION,3090324 HIS_COLLECTION 3358005YT7JQCWYLTG43,500171614,Journal Import 2591641:,/CASH/RECEIPT,2,,,,,0,900,Posted
12-09-2024,01.12102.000.0000.000.3706008.00000.000,eHIS,HIS_COLLECTION,3090329 HIS_COLLECTION 3358005YT7JQCWYLTG43,500171555,Journal Import 2591641:,/EFT/RECEIPT,2,,,,,0,2520,Posted
12-09-2024,01.12102.000.0000.000.3706008.00000.000,eHIS,HIS_COLLECTION,3090336 HIS_COLLECTION 3358005YT7JQCWYLTG43,500171575,Journal Import 2591641:,/EFT/RECEIPT,2,,,,,0,3500,Posted
12-09-2024,01.12102.000.0000.000.3706008.00000.000,eHIS,HIS_COLLECTION,3090369 HIS_COLLECTION 3358005YT7JQCWYLTG43,500171645,Journal Import 2591641:,/EFT/RECEIPT,2,,,,,0,2300,Posted
12-09-2024,01.12102.000.0000.000.3706008.00000.000,eHIS,HIS_COLLECTION,3090377 HIS_COLLECTION 3358005YT7JQCWYLTG43,500171553,Journal Import 2591641:,/EFT/RECEIPT,2,,,,,0,400,Posted
12-09-2024,01.12102.000.0000.000.3706008.00000.000,eHIS,HIS_COLLECTION,3090379 HIS_COLLECTION 3358005YT7JQCWYLTG43,500171570,Journal Import 2591641:,/CASH/RECEIPT,2,,,,,0,1200,Posted
12-09-2024,01.12102.000.0000.000.3706008.00000.000,eHIS,HIS_COLLECTION,3090398 HIS_COLLECTION 3358005YT7JQCWYLTG43,500171655,Journal Import 2591641:,/CASH/REFUND,2,,,,,800,0,Posted
12-09-2024,01.12102.000.0000.000.3706008.00000.000,eHIS,HIS_COLLECTION,3090401 HIS_COLLECTION 3358005YT7JQCWYLTG43,500171782,Journal Import 2591641:,/CASH/REFUND,2,,,,,500,0,Posted
12-09-2024,01.12102.000.0000.000.3706008.00000.000,eHIS,HIS_COLLECTION,3090411 HIS_COLLECTION 3358005YT7JQCWYLTG43,500171476,Journal Import 2591641:,/CASH/RECEIPT,2,,,,,0,1700,Posted
12-09-2024,01.12102.000.0000.000.3706008.00000.000,eHIS,HIS_COLLECTION,3090447 HIS_COLLECTION 3358005YT7JQCWYLTG43,500171658,Journal Import 2591641:,/EFT/RECEIPT,2,,,,,0,1150,Posted
12-09-2024,01.12102.000.0000.000.3706008.00000.000,eHIS,HIS_COLLECTION,3090452 HIS_COLLECTION 3358005YT7JQCWYLTG43,500171640,Journal Import 2591641:,/EFT/RECEIPT,2,,,,,0,200,Posted
12-09-2024,01.12102.000.0000.000.3706008.00000.000,eHIS,HIS_COLLECTION,3090456 HIS_COLLECTION 3358005YT7JQCWYLTG43,500171568,Journal Import 2591641:,/CASH/RECEIPT,2,,,,,0,200,Posted
12-09-2024,01.12102.000.0000.000.3706008.00000.000,eHIS,HIS_COLLECTION,3090459 HIS_COLLECTION 3358005YT7JQCWYLTG43,500171641,Journal Import 2591641:,/EFT/RECEIPT,2,,,,,0,250,Posted
13-09-2024,01.12102.000.0000.000.3706008.00000.000,eHIS,HIS_COLLECTION,3090487 HIS_COLLECTION 3358005YT7JQCWYLTG43,500172233,Journal Import 2591641:,/CARD/RECEIPT,2,,,,,0,1850,Posted
13-09-2024,01.12102.000.0000.000.3706008.00000.000,eHIS,HIS_COLLECTION,3090495 HIS_COLLECTION 3358005YT7JQCWYLTG43,500172468,Journal Import 2591641:,/CASH/RECEIPT,2,,,,,0,100,Posted
13-09-2024,01.12102.000.0000.000.3706008.00000.000,eHIS,HIS_COLLECTION,3090506 HIS_COLLECTION 3358005YT7JQCWYLTG43,500172181,Journal Import 2591641:,/CASH/RECEIPT,2,,,,,0,200,Posted
13-09-2024,01.12102.000.0000.000.3706008.00000.000,eHIS,HIS_COLLECTION,3090509 HIS_COLLECTION 3358005YT7JQCWYLTG43,500172270,Journal Import 2591641:,/CASH/RECEIPT,2,,,,,0,100,Posted
13-09-2024,01.12102.000.0000.000.3706008.00000.000,eHIS,HIS_COLLECTION,3090534 HIS_COLLECTION 3358005YT7JQCWYLTG43,500172234,Journal Import 2591641:,/CARD/RECEIPT,2,,,,,0,1850,Posted
13-09-2024,01.12102.000.0000.000.3706008.00000.000,eHIS,HIS_COLLECTION,3090546 HIS_COLLECTION 3358005YT7JQCWYLTG43,500172043,Journal Import 2591641:,/CASH/RECEIPT,2,,,,,0,500,Posted
13-09-2024,01.12102.000.0000.000.3706008.00000.000,eHIS,HIS_COLLECTION,3090548 HIS_COLLECTION 3358005YT7JQCWYLTG43,500172044,Journal Import 2591641:,/CASH/RECEIPT,2,,,,,0,500,Posted
13-09-2024,01.12102.000.0000.000.3706008.00000.000,eHIS,HIS_COLLECTION,3090550 HIS_COLLECTION 3358005YT7JQCWYLTG43,500172045,Journal Import 2591641:,/CASH/RECEIPT,2,,,,,0,500,Posted
13-09-2024,01.12102.000.0000.000.3706008.00000.000,eHIS,HIS_COLLECTION,3090552 HIS_COLLECTION 3358005YT7JQCWYLTG43,500172046,Journal Import 2591641:,/CASH/RECEIPT,2,,,,,0,500,Posted
13-09-2024,01.12102.000.0000.000.3706008.00000.000,eHIS,HIS_COLLECTION,3090554 HIS_COLLECTION 3358005YT7JQCWYLTG43,500172047,Journal Import 2591641:,/CASH/RECEIPT,2,,,,,0,500,Posted
13-09-2024,01.12102.000.0000.000.3706008.00000.000,eHIS,HIS_COLLECTION,3090556 HIS_COLLECTION 3358005YT7JQCWYLTG43,500172066,Journal Import 2591641:,/CASH/RECEIPT,2,,,,,0,500,Posted
13-09-2024,01.12102.000.0000.000.3706008.00000.000,eHIS,HIS_COLLECTION,3090558 HIS_COLLECTION 3358005YT7JQCWYLTG43,500172067,Journal Import 2591641:,/CASH/RECEIPT,2,,,,,0,500,Posted
13-09-2024,01.12102.000.0000.000.3706008.00000.000,eHIS,HIS_COLLECTION,3090560 HIS_COLLECTION 3358005YT7JQCWYLTG43,500172068,Journal Import 2591641:,/CASH/RECEIPT,2,,,,,0,500,Posted
13-09-2024,01.12102.000.0000.000.3706008.00000.000,eHIS,HIS_COLLECTION,3090562 HIS_COLLECTION 3358005YT7JQCWYLTG43,500172069,Journal Import 2591641:,/CASH/RECEIPT,2,,,,,0,500,Posted
13-09-2024,01.12102.000.0000.000.3706008.00000.000,eHIS,HIS_COLLECTION,3090564 HIS_COLLECTION 3358005YT7JQCWYLTG43,500172070,Journal Import 2591641:,/CASH/RECEIPT,2,,,,,0,500,Posted
13-09-2024,01.12102.000.0000.000.3706008.00000.000,eHIS,HIS_COLLECTION,3090566 HIS_COLLECTION 3358005YT7JQCWYLTG43,500172194,Journal Import 2591641:,/CASH/RECEIPT,2,,,,,0,300,Posted
13-09-2024,01.12102.000.0000.000.3706008.00000.000,eHIS,HIS_COLLECTION,3090568 HIS_COLLECTION 3358005YT7JQCWYLTG43,500172195,Journal Import 2591641:,/CASH/RECEIPT,2,,,,,0,300,Posted
13-09-2024,01.12102.000.0000.000.3706008.00000.000,eHIS,HIS_COLLECTION,3090571 HIS_COLLECTION 3358005YT7JQCWYLTG43,500172071,Journal Import 2591641:,/CASH/RECEIPT,2,,,,,0,500,Posted
13-09-2024,01.12102.000.0000.000.3706008.00000.000,eHIS,HIS_COLLECTION,3090573 HIS_COLLECTION 3358005YT7JQCWYLTG43,500172072,Journal Import 2591641:,/CASH/RECEIPT,2,,,,,0,500,Posted
13-09-2024,01.12102.000.0000.000.3706008.00000.000,eHIS,HIS_COLLECTION,3090576 HIS_COLLECTION 3358005YT7JQCWYLTG43,500172073,Journal Import 2591641:,/CASH/RECEIPT,2,,,,,0,500,Posted
13-09-2024,01.12102.000.0000.000.3706008.00000.000,eHIS,HIS_COLLECTION,3090580 HIS_COLLECTION 3358005YT7JQCWYLTG43,500172074,Journal Import 2591641:,/CASH/RECEIPT,2,,,,,0,500,Posted
13-09-2024,01.12102.000.0000.000.3706008.00000.000,eHIS,HIS_COLLECTION,3090582 HIS_COLLECTION 3358005YT7JQCWYLTG43,500172075,Journal Import 2591641:,/CASH/RECEIPT,2,,,,,0,500,Posted
13-09-2024,01.12102.000.0000.000.3706008.00000.000,eHIS,HIS_COLLECTION,3090584 HIS_COLLECTION 3358005YT7JQCWYLTG43,500172076,Journal Import 2591641:,/CASH/RECEIPT,2,,,,,0,500,Posted
13-09-2024,01.12102.000.0000.000.3706008.00000.000,eHIS,HIS_COLLECTION,3090607 HIS_COLLECTION 3358005YT7JQCWYLTG43,500172133,Journal Import 2591641:,/CASH/RECEIPT,2,,,,,0,2730,Posted
13-09-2024,01.12102.000.0000.000.3706008.00000.000,eHIS,HIS_COLLECTION,3090609 HIS_COLLECTION 3358005YT7JQCWYLTG43,500172134,Journal Import 2591641:,/CASH/RECEIPT,2,,,,,0,2730,Posted
13-09-2024,01.12102.000.0000.000.3706008.00000.000,eHIS,HIS_COLLECTION,3090617 HIS_COLLECTION 3358005YT7JQCWYLTG43,500172051,Journal Import 2591641:,/CASH/RECEIPT,2,,,,,0,3500,Posted
13-09-2024,01.12102.000.0000.000.3706008.00000.000,eHIS,HIS_COLLECTION,3090621 HIS_COLLECTION 3358005YT7JQCWYLTG43,500171960,Journal Import 2591641:,/CARD/RECEIPT,2,,,,,0,850,Posted
13-09-2024,01.12102.000.0000.000.3706008.00000.000,eHIS,HIS_COLLECTION,3090632 HIS_COLLECTION 3358005YT7JQCWYLTG43,500172129,Journal Import 2591641:,/CASH/RECEIPT,2,,,,,0,2499,Posted
13-09-2024,01.12102.000.0000.000.3706008.00000.000,eHIS,HIS_COLLECTION,3090636 HIS_COLLECTION 3358005YT7JQCWYLTG43,500172131,Journal Import 2591641:,/CASH/RECEIPT,2,,,,,0,2600,Posted
13-09-2024,01.12102.000.0000.000.3706008.00000.000,eHIS,HIS_COLLECTION,3090640 HIS_COLLECTION 3358005YT7JQCWYLTG43,500172256,Journal Import 2591641:,/CASH/RECEIPT,2,,,,,0,1050,Posted
13-09-2024,01.12102.000.0000.000.3706008.00000.000,eHIS,HIS_COLLECTION,3090642 HIS_COLLECTION 3358005YT7JQCWYLTG43,500172328,Journal Import 2591641:,/EFT/RECEIPT,2,,,,,0,1650,Posted
13-09-2024,01.12102.000.0000.000.3706008.00000.000,eHIS,HIS_COLLECTION,3090644 HIS_COLLECTION 3358005YT7JQCWYLTG43,500172146,Journal Import 2591641:,/CASH/RECEIPT,2,,,,,0,1100,Posted
13-09-2024,01.12102.000.0000.000.3706008.00000.000,eHIS,HIS_COLLECTION,3090665 HIS_COLLECTION 3358005YT7JQCWYLTG43,500172153,Journal Import 2591641:,/CARD/RECEIPT,2,,,,,0,350,Posted
13-09-2024,01.12102.000.0000.000.3706008.00000.000,eHIS,HIS_COLLECTION,3090673 HIS_COLLECTION 3358005YT7JQCWYLTG43,500172207,Journal Import 2591641:,/EFT/RECEIPT,2,,,,,0,4000,Posted
13-09-2024,01.12102.000.0000.000.3706008.00000.000,eHIS,HIS_COLLECTION,3090688 HIS_COLLECTION 3358005YT7JQCWYLTG43,500172469,Journal Import 2591641:,/CASH/RECEIPT,2,,,,,0,1000,Posted
13-09-2024,01.12102.000.0000.000.3706008.00000.000,eHIS,HIS_COLLECTION,3090689 HIS_COLLECTION 3358005YT7JQCWYLTG43,500172149,Journal Import 2591641:,/EFT/RECEIPT,2,,,,,0,280,Posted
13-09-2024,01.12102.000.0000.000.3706008.00000.000,eHIS,HIS_COLLECTION,3090724 HIS_COLLECTION 3358005YT7JQCWYLTG43,500172130,Journal Import 2591641:,/CASH/RECEIPT,2,,,,,0,2500,Posted
13-09-2024,01.12102.000.0000.000.3706008.00000.000,eHIS,HIS_COLLECTION,3090741 HIS_COLLECTION 3358005YT7JQCWYLTG43,500171957,Journal Import 2591641:,/CASH/RECEIPT,2,,,,,0,4200,Posted
13-09-2024,01.12102.000.0000.000.3706008.00000.000,eHIS,HIS_COLLECTION,3090764 HIS_COLLECTION 3358005YT7JQCWYLTG43,500171977,Journal Import 2591641:,/EFT/RECEIPT,2,,,,,0,900,Posted
13-09-2024,01.12102.000.0000.000.3706008.00000.000,eHIS,HIS_COLLECTION,3090768 HIS_COLLECTION 3358005YT7JQCWYLTG43,500172186,Journal Import 2591641:,/EFT/RECEIPT,2,,,,,0,3980,Posted
13-09-2024,01.12102.000.0000.000.3706008.00000.000,eHIS,HIS_COLLECTION,3090785 HIS_COLLECTION 3358005YT7JQCWYLTG43,500172053,Journal Import 2591641:,/EFT/RECEIPT,2,,,,,0,800,Posted
13-09-2024,01.12102.000.0000.000.3706008.00000.000,eHIS,HIS_COLLECTION,3090795 HIS_COLLECTION 3358005YT7JQCWYLTG43,500172296,Journal Import 2591641:,/EFT/RECEIPT,2,,,,,0,1200,Posted
13-09-2024,01.12102.000.0000.000.3706008.00000.000,eHIS,HIS_COLLECTION,3090799 HIS_COLLECTION 3358005YT7JQCWYLTG43,500172050,Journal Import 2591641:,/CASH/RECEIPT,2,,,,,0,3330,Posted
13-09-2024,01.12102.000.0000.000.3706008.00000.000,eHIS,HIS_COLLECTION,3090815 HIS_COLLECTION 3358005YT7JQCWYLTG43,500171978,Journal Import 2591641:,/EFT/RECEIPT,2,,,,,0,900,Posted
13-09-2024,01.12102.000.0000.000.3706008.00000.000,eHIS,HIS_COLLECTION,3090819 HIS_COLLECTION 3358005YT7JQCWYLTG43,500172077,Journal Import 2591641:,/CASH/RECEIPT,2,,,,,0,500,Posted
13-09-2024,01.12102.000.0000.000.3706008.00000.000,eHIS,HIS_COLLECTION,3090853 HIS_COLLECTION 3358005YT7JQCWYLTG43,500172311,Journal Import 2591641:,/CASH/RECEIPT,2,,,,,0,800,Posted
13-09-2024,01.12102.000.0000.000.3706008.00000.000,eHIS,HIS_COLLECTION,3090875 HIS_COLLECTION 3358005YT7JQCWYLTG43,500172154,Journal Import 2591641:,/CARD/RECEIPT,2,,,,,0,350,Posted
13-09-2024,01.12102.000.0000.000.3706008.00000.000,eHIS,HIS_COLLECTION,3090885 HIS_COLLECTION 3358005YT7JQCWYLTG43,500172231,Journal Import 2591641:,/CASH/RECEIPT,2,,,,,0,900,Posted
13-09-2024,01.12102.000.0000.000.3706008.00000.000,eHIS,HIS_COLLECTION,3090887 HIS_COLLECTION 3358005YT7JQCWYLTG43,500172235,Journal Import 2591641:,/EFT/RECEIPT,2,,,,,0,1850,Posted
13-09-2024,01.12102.000.0000.000.3706008.00000.000,eHIS,HIS_COLLECTION,3090920 HIS_COLLECTION 3358005YT7JQCWYLTG43,500172088,Journal Import 2591641:,/CASH/RECEIPT,2,,,,,0,348,Posted
13-09-2024,01.12102.000.0000.000.3706008.00000.000,eHIS,HIS_COLLECTION,3090922 HIS_COLLECTION 3358005YT7JQCWYLTG43,500172312,Journal Import 2591641:,/CASH/RECEIPT,2,,,,,0,800,Posted
13-09-2024,01.12102.000.0000.000.3706008.00000.000,eHIS,HIS_COLLECTION,3090932 HIS_COLLECTION 3358005YT7JQCWYLTG43,500172004,Journal Import 2591641:,/CASH/RECEIPT,2,,,,,0,650,Posted
14-09-2024,01.12102.000.0000.000.3706008.00000.000,eHIS,HIS_COLLECTION,3090938 HIS_COLLECTION 3358005YT7JQCWYLTG43,500172562,Journal Import 2599930:,/EFT/RECEIPT,2,,,,,0,665,Posted
13-09-2024,01.12102.000.0000.000.3706008.00000.000,eHIS,HIS_COLLECTION,3090946 HIS_COLLECTION 3358005YT7JQCWYLTG43,500172236,Journal Import 2591641:,/EFT/RECEIPT,2,,,,,0,1850,Posted
13-09-2024,01.12102.000.0000.000.3706008.00000.000,eHIS,HIS_COLLECTION,3090956 HIS_COLLECTION 3358005YT7JQCWYLTG43,500172097,Journal Import 2591641:,/CARD/RECEIPT,2,,,,,0,6000,Posted
13-09-2024,01.12102.000.0000.000.3706008.00000.000,eHIS,HIS_COLLECTION,3090966 HIS_COLLECTION 3358005YT7JQCWYLTG43,500172237,Journal Import 2591641:,/CARD/RECEIPT,2,,,,,0,1850,Posted
13-09-2024,01.12102.000.0000.000.3706008.00000.000,eHIS,HIS_COLLECTION,3090987 HIS_COLLECTION 3358005YT7JQCWYLTG43,500172271,Journal Import 2591641:,/CASH/RECEIPT,2,,,,,0,100,Posted
13-09-2024,01.12102.000.0000.000.3706008.00000.000,eHIS,HIS_COLLECTION,3090989 HIS_COLLECTION 3358005YT7JQCWYLTG43,500171986,Journal Import 2591641:,/EFT/RECEIPT,2,,,,,0,16000,Posted
13-09-2024,01.12102.000.0000.000.3706008.00000.000,eHIS,HIS_COLLECTION,3091008 HIS_COLLECTION 3358005YT7JQCWYLTG43,500172182,Journal Import 2591641:,/CASH/RECEIPT,2,,,,,0,1200,Posted
13-09-2024,01.12102.000.0000.000.3706008.00000.000,eHIS,HIS_COLLECTION,3091013 HIS_COLLECTION 3358005YT7JQCWYLTG43,500172054,Journal Import 2591641:,/EFT/RECEIPT,2,,,,,0,800,Posted
13-09-2024,01.12102.000.0000.000.3706008.00000.000,eHIS,HIS_COLLECTION,3091015 HIS_COLLECTION 3358005YT7JQCWYLTG43,500172078,Journal Import 2591641:,/CASH/RECEIPT,2,,,,,0,500,Posted
13-09-2024,01.12102.000.0000.000.3706008.00000.000,eHIS,HIS_COLLECTION,3091027 HIS_COLLECTION 3358005YT7JQCWYLTG43,500172005,Journal Import 2591641:,/CASH/RECEIPT,2,,,,,0,700,Posted
13-09-2024,01.12102.000.0000.000.3706008.00000.000,eHIS,HIS_COLLECTION,3091032 HIS_COLLECTION 3358005YT7JQCWYLTG43,500172313,Journal Import 2591641:,/CASH/RECEIPT,2,,,,,0,800,Posted
13-09-2024,01.12102.000.0000.000.3706008.00000.000,eHIS,HIS_COLLECTION,3091042 HIS_COLLECTION 3358005YT7JQCWYLTG43,500172314,Journal Import 2591641:,/CASH/RECEIPT,2,,,,,0,800,Posted
13-09-2024,01.12102.000.0000.000.3706008.00000.000,eHIS,HIS_COLLECTION,3091044 HIS_COLLECTION 3358005YT7JQCWYLTG43,500172278,Journal Import 2591641:,/EFT/RECEIPT,2,,,,,0,1100,Posted
13-09-2024,01.12102.000.0000.000.3706008.00000.000,eHIS,HIS_COLLECTION,3091059 HIS_COLLECTION 3358005YT7JQCWYLTG43,500172238,Journal Import 2591641:,/CARD/RECEIPT,2,,,,,0,1850,Posted
13-09-2024,01.12102.000.0000.000.3706008.00000.000,eHIS,HIS_COLLECTION,3091061 HIS_COLLECTION 3358005YT7JQCWYLTG43,500171979,Journal Import 2591641:,/EFT/RECEIPT,2,,,,,0,900,Posted
13-09-2024,01.12102.000.0000.000.3706008.00000.000,eHIS,HIS_COLLECTION,3091065 HIS_COLLECTION 3358005YT7JQCWYLTG43,500172251,Journal Import 2591641:,/CASH/RECEIPT,2,,,,,0,1000,Posted
13-09-2024,01.12102.000.0000.000.3706008.00000.000,eHIS,HIS_COLLECTION,3091081 HIS_COLLECTION 3358005YT7JQCWYLTG43,500172147,Journal Import 2591641:,/CASH/RECEIPT,2,,,,,0,1100,Posted
13-09-2024,01.12102.000.0000.000.3706008.00000.000,eHIS,HIS_COLLECTION,3091085 HIS_COLLECTION 3358005YT7JQCWYLTG43,500172252,Journal Import 2591641:,/CASH/RECEIPT,2,,,,,0,1000,Posted
13-09-2024,01.12102.000.0000.000.3706008.00000.000,eHIS,HIS_COLLECTION,3091092 HIS_COLLECTION 3358005YT7JQCWYLTG43,500172055,Journal Import 2591641:,/EFT/RECEIPT,2,,,,,0,800,Posted
13-09-2024,01.12102.000.0000.000.3706008.00000.000,eHIS,HIS_COLLECTION,3091099 HIS_COLLECTION 3358005YT7JQCWYLTG43,500172198,Journal Import 2591641:,/EFT/RECEIPT,2,,,,,0,500,Posted
13-09-2024,01.12102.000.0000.000.3706008.00000.000,eHIS,HIS_COLLECTION,3091111 HIS_COLLECTION 3358005YT7JQCWYLTG43,500172253,Journal Import 2591641:,/CASH/RECEIPT,2,,,,,0,1000,Posted
13-09-2024,01.12102.000.0000.000.3706008.00000.000,eHIS,HIS_COLLECTION,3091118 HIS_COLLECTION 3358005YT7JQCWYLTG43,500172199,Journal Import 2591641:,/EFT/RECEIPT,2,,,,,0,500,Posted
13-09-2024,01.12102.000.0000.000.3706008.00000.000,eHIS,HIS_COLLECTION,3091120 HIS_COLLECTION 3358005YT7JQCWYLTG43,500172056,Journal Import 2591641:,/EFT/RECEIPT,2,,,,,0,800,Posted
13-09-2024,01.12102.000.0000.000.3706008.00000.000,eHIS,HIS_COLLECTION,3091141 HIS_COLLECTION 3358005YT7JQCWYLTG43,500172096,Journal Import 2591641:,/EFT/RECEIPT,2,,,,,0,5800,Posted
13-09-2024,01.12102.000.0000.000.3706008.00000.000,eHIS,HIS_COLLECTION,3091143 HIS_COLLECTION 3358005YT7JQCWYLTG43,500172315,Journal Import 2591641:,/CASH/RECEIPT,2,,,,,0,800,Posted
13-09-2024,01.12102.000.0000.000.3706008.00000.000,eHIS,HIS_COLLECTION,3091145 HIS_COLLECTION 3358005YT7JQCWYLTG43,500172049,Journal Import 2591641:,/CASH/RECEIPT,2,,,,,0,2849,Posted
13-09-2024,01.12102.000.0000.000.3706008.00000.000,eHIS,HIS_COLLECTION,3091150 HIS_COLLECTION 3358005YT7JQCWYLTG43,500172079,Journal Import 2591641:,/CASH/RECEIPT,2,,,,,0,500,Posted
13-09-2024,01.12102.000.0000.000.3706008.00000.000,eHIS,HIS_COLLECTION,3091166 HIS_COLLECTION 3358005YT7JQCWYLTG43,500172325,Journal Import 2591641:,/EFT/RECEIPT,2,,,,,0,1300,Posted
13-09-2024,01.12102.000.0000.000.3706008.00000.000,eHIS,HIS_COLLECTION,3091172 HIS_COLLECTION 3358005YT7JQCWYLTG43,500172080,Journal Import 2591641:,/CASH/RECEIPT,2,,,,,0,500,Posted
13-09-2024,01.12102.000.0000.000.3706008.00000.000,eHIS,HIS_COLLECTION,3091205 HIS_COLLECTION 3358005YT7JQCWYLTG43,500172191,Journal Import 2591641:,/CASH/RECEIPT,2,,,,,0,250,Posted
13-09-2024,01.12102.000.0000.000.3706008.00000.000,eHIS,HIS_COLLECTION,3091214 HIS_COLLECTION 3358005YT7JQCWYLTG43,500172196,Journal Import 2591641:,/CASH/RECEIPT,2,,,,,0,1300,Posted
13-09-2024,01.12102.000.0000.000.3706008.00000.000,eHIS,HIS_COLLECTION,3091216 HIS_COLLECTION 3358005YT7JQCWYLTG43,500172057,Journal Import 2591641:,/EFT/RECEIPT,2,,,,,0,800,Posted
13-09-2024,01.12102.000.0000.000.3706008.00000.000,eHIS,HIS_COLLECTION,3091220 HIS_COLLECTION 3358005YT7JQCWYLTG43,500172297,Journal Import 2591641:,/EFT/RECEIPT,2,,,,,0,1200,Posted
13-09-2024,01.12102.000.0000.000.3706008.00000.000,eHIS,HIS_COLLECTION,3091224 HIS_COLLECTION 3358005YT7JQCWYLTG43,500172200,Journal Import 2591641:,/EFT/RECEIPT,2,,,,,0,500,Posted
13-09-2024,01.12102.000.0000.000.3706008.00000.000,eHIS,HIS_COLLECTION,3091237 HIS_COLLECTION 3358005YT7JQCWYLTG43,500172058,Journal Import 2591641:,/EFT/RECEIPT,2,,,,,0,800,Posted
13-09-2024,01.12102.000.0000.000.3706008.00000.000,eHIS,HIS_COLLECTION,3091239 HIS_COLLECTION 3358005YT7JQCWYLTG43,500172138,Journal Import 2591641:,/EFT/RECEIPT,2,,,,,0,8350,Posted
13-09-2024,01.12102.000.0000.000.3706008.00000.000,eHIS,HIS_COLLECTION,3091241 HIS_COLLECTION 3358005YT7JQCWYLTG43,500171953,Journal Import 2591641:,/CASH/RECEIPT,2,,,,,0,500,Posted
13-09-2024,01.12102.000.0000.000.3706008.00000.000,eHIS,HIS_COLLECTION,3091276 HIS_COLLECTION 3358005YT7JQCWYLTG43,500172048,Journal Import 2591641:,/CASH/RECEIPT,2,,,,,0,2780,Posted
13-09-2024,01.12102.000.0000.000.3706008.00000.000,eHIS,HIS_COLLECTION,3091286 HIS_COLLECTION 3358005YT7JQCWYLTG43,500171954,Journal Import 2591641:,/CASH/RECEIPT,2,,,,,0,500,Posted
13-09-2024,01.12102.000.0000.000.3706008.00000.000,eHIS,HIS_COLLECTION,3091316 HIS_COLLECTION 3358005YT7JQCWYLTG43,500171955,Journal Import 2591641:,/CASH/RECEIPT,2,,,,,0,500,Posted
13-09-2024,01.12102.000.0000.000.3706008.00000.000,eHIS,HIS_COLLECTION,3091318 HIS_COLLECTION 3358005YT7JQCWYLTG43,500172093,Journal Import 2591641:,/EFT/RECEIPT,2,,,,,0,650,Posted
13-09-2024,01.12102.000.0000.000.3706008.00000.000,eHIS,HIS_COLLECTION,3091336 HIS_COLLECTION 3358005YT7JQCWYLTG43,500171958,Journal Import 2591641:,/EFT/RECEIPT,2,,,,,0,800,Posted
13-09-2024,01.12102.000.0000.000.3706008.00000.000,eHIS,HIS_COLLECTION,3091338 HIS_COLLECTION 3358005YT7JQCWYLTG43,500172201,Journal Import 2591641:,/EFT/RECEIPT,2,,,,,0,500,Posted
13-09-2024,01.12102.000.0000.000.3706008.00000.000,eHIS,HIS_COLLECTION,3091344 HIS_COLLECTION 3358005YT7JQCWYLTG43,500172137,Journal Import 2591641:,/EFT/RECEIPT,2,,,,,0,6680,Posted
13-09-2024,01.12102.000.0000.000.3706008.00000.000,eHIS,HIS_COLLECTION,3091358 HIS_COLLECTION 3358005YT7JQCWYLTG43,500171956,Journal Import 2591641:,/CASH/RECEIPT,2,,,,,0,500,Posted
13-09-2024,01.12102.000.0000.000.3706008.00000.000,eHIS,HIS_COLLECTION,3091360 HIS_COLLECTION 3358005YT7JQCWYLTG43,500172316,Journal Import 2591641:,/CASH/RECEIPT,2,,,,,0,800,Posted
13-09-2024,01.12102.000.0000.000.3706008.00000.000,eHIS,HIS_COLLECTION,3091380 HIS_COLLECTION 3358005YT7JQCWYLTG43,500171971,Journal Import 2591641:,/CASH/RECEIPT,2,,,,,0,500,Posted
13-09-2024,01.12102.000.0000.000.3706008.00000.000,eHIS,HIS_COLLECTION,3091382 HIS_COLLECTION 3358005YT7JQCWYLTG43,500171980,Journal Import 2591641:,/EFT/RECEIPT,2,,,,,0,900,Posted
13-09-2024,01.12102.000.0000.000.3706008.00000.000,eHIS,HIS_COLLECTION,3091387 HIS_COLLECTION 3358005YT7JQCWYLTG43,500172150,Journal Import 2591641:,/EFT/RECEIPT,2,,,,,0,299,Posted
13-09-2024,01.12102.000.0000.000.3706008.00000.000,eHIS,HIS_COLLECTION,3091389 HIS_COLLECTION 3358005YT7JQCWYLTG43,500172136,Journal Import 2591641:,/EFT/RECEIPT,2,,,,,0,6550,Posted
13-09-2024,01.12102.000.0000.000.3706008.00000.000,eHIS,HIS_COLLECTION,3091407 HIS_COLLECTION 3358005YT7JQCWYLTG43,500172232,Journal Import 2591641:,/CASH/RECEIPT,2,,,,,0,900,Posted
13-09-2024,01.12102.000.0000.000.3706008.00000.000,eHIS,HIS_COLLECTION,3091412 HIS_COLLECTION 3358005YT7JQCWYLTG43,500171922,Journal Import 2591641:,/EFT/RECEIPT,2,,,,,0,1000,Posted
13-09-2024,01.12102.000.0000.000.3706008.00000.000,eHIS,HIS_COLLECTION,3091416 HIS_COLLECTION 3358005YT7JQCWYLTG43,500172258,Journal Import 2591641:,/EFT/RECEIPT,2,,,,,0,250,Posted
13-09-2024,01.12102.000.0000.000.3706008.00000.000,eHIS,HIS_COLLECTION,3091425 HIS_COLLECTION 3358005YT7JQCWYLTG43,500171923,Journal Import 2591641:,/EFT/RECEIPT,2,,,,,0,1000,Posted
13-09-2024,01.12102.000.0000.000.3706008.00000.000,eHIS,HIS_COLLECTION,3091429 HIS_COLLECTION 3358005YT7JQCWYLTG43,500172089,Journal Import 2591641:,/CASH/RECEIPT,2,,,,,0,350,Posted
13-09-2024,01.12102.000.0000.000.3706008.00000.000,eHIS,HIS_COLLECTION,3091431 HIS_COLLECTION 3358005YT7JQCWYLTG43,500172254,Journal Import 2591641:,/CASH/RECEIPT,2,,,,,0,1000,Posted
13-09-2024,01.12102.000.0000.000.3706008.00000.000,eHIS,HIS_COLLECTION,3091444 HIS_COLLECTION 3358005YT7JQCWYLTG43,500172197,Journal Import 2591641:,/CASH/RECEIPT,2,,,,,0,1600,Posted
13-09-2024,01.12102.000.0000.000.3706008.00000.000,eHIS,HIS_COLLECTION,3091445 HIS_COLLECTION 3358005YT7JQCWYLTG43,500172213,Journal Import 2591641:,/EFT/RECEIPT,2,,,,,0,50,Posted
13-09-2024,01.12102.000.0000.000.3706008.00000.000,eHIS,HIS_COLLECTION,3091447 HIS_COLLECTION 3358005YT7JQCWYLTG43,500172326,Journal Import 2591641:,/EFT/RECEIPT,2,,,,,0,1300,Posted
13-09-2024,01.12102.000.0000.000.3706008.00000.000,eHIS,HIS_COLLECTION,3091460 HIS_COLLECTION 3358005YT7JQCWYLTG43,500171972,Journal Import 2591641:,/CASH/RECEIPT,2,,,,,0,500,Posted
13-09-2024,01.12102.000.0000.000.3706008.00000.000,eHIS,HIS_COLLECTION,3091466 HIS_COLLECTION 3358005YT7JQCWYLTG43,500172317,Journal Import 2591641:,/CASH/RECEIPT,2,,,,,0,800,Posted
13-09-2024,01.12102.000.0000.000.3706008.00000.000,eHIS,HIS_COLLECTION,3091468 HIS_COLLECTION 3358005YT7JQCWYLTG43,500172193,Journal Import 2591641:,/CASH/RECEIPT,2,,,,,0,299,Posted
13-09-2024,01.12102.000.0000.000.3706008.00000.000,eHIS,HIS_COLLECTION,3091482 HIS_COLLECTION 3358005YT7JQCWYLTG43,500172318,Journal Import 2591641:,/CASH/RECEIPT,2,,,,,0,800,Posted
13-09-2024,01.12102.000.0000.000.3706008.00000.000,eHIS,HIS_COLLECTION,3091487 HIS_COLLECTION 3358005YT7JQCWYLTG43,500172192,Journal Import 2591641:,/CASH/RECEIPT,2,,,,,0,250,Posted
13-09-2024,01.12102.000.0000.000.3706008.00000.000,eHIS,HIS_COLLECTION,3091489 HIS_COLLECTION 3358005YT7JQCWYLTG43,500171924,Journal Import 2591641:,/EFT/RECEIPT,2,,,,,0,1000,Posted
13-09-2024,01.12102.000.0000.000.3706008.00000.000,eHIS,HIS_COLLECTION,3091491 HIS_COLLECTION 3358005YT7JQCWYLTG43,500172148,Journal Import 2591641:,/CASH/RECEIPT,2,,,,,0,1100,Posted
13-09-2024,01.12102.000.0000.000.3706008.00000.000,eHIS,HIS_COLLECTION,3091517 HIS_COLLECTION 3358005YT7JQCWYLTG43,500172298,Journal Import 2591641:,/CARD/RECEIPT,2,,,,,0,1200,Posted
13-09-2024,01.12102.000.0000.000.3706008.00000.000,eHIS,HIS_COLLECTION,3091527 HIS_COLLECTION 3358005YT7JQCWYLTG43,500171973,Journal Import 2591641:,/CASH/RECEIPT,2,,,,,0,500,Posted
13-09-2024,01.12102.000.0000.000.3706008.00000.000,eHIS,HIS_COLLECTION,3091536 HIS_COLLECTION 3358005YT7JQCWYLTG43,500172202,Journal Import 2591641:,/EFT/RECEIPT,2,,,,,0,500,Posted
13-09-2024,01.12102.000.0000.000.3706008.00000.000,eHIS,HIS_COLLECTION,3091563 HIS_COLLECTION 3358005YT7JQCWYLTG43,500172255,Journal Import 2591641:,/CASH/RECEIPT,2,,,,,0,1000,Posted
13-09-2024,01.12102.000.0000.000.3706008.00000.000,eHIS,HIS_COLLECTION,3091570 HIS_COLLECTION 3358005YT7JQCWYLTG43,500172319,Journal Import 2591641:,/CASH/RECEIPT,2,,,,,0,800,Posted
13-09-2024,01.12102.000.0000.000.3706008.00000.000,eHIS,HIS_COLLECTION,3091573 HIS_COLLECTION 3358005YT7JQCWYLTG43,500171959,Journal Import 2591641:,/CARD/RECEIPT,2,,,,,0,800,Posted
13-09-2024,01.12102.000.0000.000.3706008.00000.000,eHIS,HIS_COLLECTION,3091583 HIS_COLLECTION 3358005YT7JQCWYLTG43,500172259,Journal Import 2591641:,/EFT/RECEIPT,2,,,,,0,250,Posted
13-09-2024,01.12102.000.0000.000.3706008.00000.000,eHIS,HIS_COLLECTION,3091586 HIS_COLLECTION 3358005YT7JQCWYLTG43,500172183,Journal Import 2591641:,/CASH/RECEIPT,2,,,,,0,1200,Posted
13-09-2024,01.12102.000.0000.000.3706008.00000.000,eHIS,HIS_COLLECTION,3091590 HIS_COLLECTION 3358005YT7JQCWYLTG43,500171981,Journal Import 2591641:,/EFT/RECEIPT,2,,,,,0,900,Posted
13-09-2024,01.12102.000.0000.000.3706008.00000.000,eHIS,HIS_COLLECTION,3091596 HIS_COLLECTION 3358005YT7JQCWYLTG43,500172257,Journal Import 2591641:,/EFT/RECEIPT,2,,,,,0,200,Posted
13-09-2024,01.12102.000.0000.000.3706008.00000.000,eHIS,HIS_COLLECTION,3091598 HIS_COLLECTION 3358005YT7JQCWYLTG43,500172185,Journal Import 2591641:,/CASH/RECEIPT,2,,,,,0,1240,Posted
13-09-2024,01.12102.000.0000.000.3706008.00000.000,eHIS,HIS_COLLECTION,3091608 HIS_COLLECTION 3358005YT7JQCWYLTG43,500171961,Journal Import 2591641:,/EFT/RECEIPT,2,,,,,0,850,Posted
13-09-2024,01.12102.000.0000.000.3706008.00000.000,eHIS,HIS_COLLECTION,3091611 HIS_COLLECTION 3358005YT7JQCWYLTG43,500172467,Journal Import 2591641:,/CASH/REFUND,2,,,,,900,0,Posted
13-09-2024,01.12102.000.0000.000.3706008.00000.000,eHIS,HIS_COLLECTION,3091616 HIS_COLLECTION 3358005YT7JQCWYLTG43,500172091,Journal Import 2591641:,/CASH/RECEIPT,2,,,,,0,399,Posted
13-09-2024,01.12102.000.0000.000.3706008.00000.000,eHIS,HIS_COLLECTION,3091629 HIS_COLLECTION 3358005YT7JQCWYLTG43,500172095,Journal Import 2591641:,/EFT/RECEIPT,2,,,,,0,5750,Posted
13-09-2024,01.12102.000.0000.000.3706008.00000.000,eHIS,HIS_COLLECTION,3091633 HIS_COLLECTION 3358005YT7JQCWYLTG43,500172094,Journal Import 2591641:,/EFT/RECEIPT,2,,,,,0,700,Posted
13-09-2024,01.12102.000.0000.000.3706008.00000.000,eHIS,HIS_COLLECTION,3091635 HIS_COLLECTION 3358005YT7JQCWYLTG43,500172239,Journal Import 2591641:,/EFT/RECEIPT,2,,,,,0,1850,Posted
13-09-2024,01.12102.000.0000.000.3706008.00000.000,eHIS,HIS_COLLECTION,3091638 HIS_COLLECTION 3358005YT7JQCWYLTG43,500171974,Journal Import 2591641:,/CASH/RECEIPT,2,,,,,0,500,Posted
13-09-2024,01.12102.000.0000.000.3706008.00000.000,eHIS,HIS_COLLECTION,3091643 HIS_COLLECTION 3358005YT7JQCWYLTG43,500172272,Journal Import 2591641:,/CASH/RECEIPT,2,,,,,0,100,Posted
13-09-2024,01.12102.000.0000.000.3706008.00000.000,eHIS,HIS_COLLECTION,3091646 HIS_COLLECTION 3358005YT7JQCWYLTG43,500172090,Journal Import 2591641:,/CASH/RECEIPT,2,,,,,0,350,Posted
13-09-2024,01.12102.000.0000.000.3706008.00000.000,eHIS,HIS_COLLECTION,3091652 HIS_COLLECTION 3358005YT7JQCWYLTG43,500172092,Journal Import 2591641:,/EFT/RECEIPT,2,,,,,0,610,Posted
13-09-2024,01.12102.000.0000.000.3706008.00000.000,eHIS,HIS_COLLECTION,3091656 HIS_COLLECTION 3358005YT7JQCWYLTG43,500172052,Journal Import 2591641:,/CASH/RECEIPT,2,,,,,0,3500,Posted
13-09-2024,01.12102.000.0000.000.3706008.00000.000,eHIS,HIS_COLLECTION,3091660 HIS_COLLECTION 3358005YT7JQCWYLTG43,500172203,Journal Import 2591641:,/EFT/RECEIPT,2,,,,,0,500,Posted
13-09-2024,01.12102.000.0000.000.3706008.00000.000,eHIS,HIS_COLLECTION,3091662 HIS_COLLECTION 3358005YT7JQCWYLTG43,500171919,Journal Import 2591641:,/CASH/RECEIPT,2,,,,,0,750,Posted
13-09-2024,01.12102.000.0000.000.3706008.00000.000,eHIS,HIS_COLLECTION,3091670 HIS_COLLECTION 3358005YT7JQCWYLTG43,500172261,Journal Import 2591641:,/EFT/RECEIPT,2,,,,,0,2300,Posted
13-09-2024,01.12102.000.0000.000.3706008.00000.000,eHIS,HIS_COLLECTION,3091672 HIS_COLLECTION 3358005YT7JQCWYLTG43,500172204,Journal Import 2591641:,/CARD/RECEIPT,2,,,,,0,500,Posted
13-09-2024,01.12102.000.0000.000.3706008.00000.000,eHIS,HIS_COLLECTION,3091678 HIS_COLLECTION 3358005YT7JQCWYLTG43,500172184,Journal Import 2591641:,/CASH/RECEIPT,2,,,,,0,1200,Posted
13-09-2024,01.12102.000.0000.000.3706008.00000.000,eHIS,HIS_COLLECTION,3091682 HIS_COLLECTION 3358005YT7JQCWYLTG43,500172155,Journal Import 2591641:,/CARD/RECEIPT,2,,,,,0,350,Posted
13-09-2024,01.12102.000.0000.000.3706008.00000.000,eHIS,HIS_COLLECTION,3091684 HIS_COLLECTION 3358005YT7JQCWYLTG43,500172205,Journal Import 2591641:,/EFT/RECEIPT,2,,,,,0,500,Posted
13-09-2024,01.12102.000.0000.000.3706008.00000.000,eHIS,HIS_COLLECTION,3091686 HIS_COLLECTION 3358005YT7JQCWYLTG43,500172240,Journal Import 2591641:,/CARD/RECEIPT,2,,,,,0,1850,Posted
13-09-2024,01.12102.000.0000.000.3706008.00000.000,eHIS,HIS_COLLECTION,3091688 HIS_COLLECTION 3358005YT7JQCWYLTG43,500172156,Journal Import 2591641:,/EFT/RECEIPT,2,,,,,0,400,Posted
13-09-2024,01.12102.000.0000.000.3706008.00000.000,eHIS,HIS_COLLECTION,3091695 HIS_COLLECTION 3358005YT7JQCWYLTG43,500171925,Journal Import 2591641:,/EFT/RECEIPT,2,,,,,0,1000,Posted
13-09-2024,01.12102.000.0000.000.3706008.00000.000,eHIS,HIS_COLLECTION,3091698 HIS_COLLECTION 3358005YT7JQCWYLTG43,500172299,Journal Import 2591641:,/CARD/RECEIPT,2,,,,,0,1200,Posted
13-09-2024,01.12102.000.0000.000.3706008.00000.000,eHIS,HIS_COLLECTION,3091700 HIS_COLLECTION 3358005YT7JQCWYLTG43,500172132,Journal Import 2591641:,/CASH/RECEIPT,2,,,,,0,2700,Posted
13-09-2024,01.12102.000.0000.000.3706008.00000.000,eHIS,HIS_COLLECTION,3091701 HIS_COLLECTION 3358005YT7JQCWYLTG43,500172206,Journal Import 2591641:,/EFT/RECEIPT,2,,,,,0,500,Posted
13-09-2024,01.12102.000.0000.000.3706008.00000.000,eHIS,HIS_COLLECTION,3091710 HIS_COLLECTION 3358005YT7JQCWYLTG43,500172151,Journal Import 2591641:,/EFT/RECEIPT,2,,,,,0,300,Posted
13-09-2024,01.12102.000.0000.000.3706008.00000.000,eHIS,HIS_COLLECTION,3091718 HIS_COLLECTION 3358005YT7JQCWYLTG43,500171975,Journal Import 2591641:,/CASH/RECEIPT,2,,,,,0,500,Posted
13-09-2024,01.12102.000.0000.000.3706008.00000.000,eHIS,HIS_COLLECTION,3091720 HIS_COLLECTION 3358005YT7JQCWYLTG43,500171920,Journal Import 2591641:,/CASH/RECEIPT,2,,,,,0,750,Posted
13-09-2024,01.12102.000.0000.000.3706008.00000.000,eHIS,HIS_COLLECTION,3091722 HIS_COLLECTION 3358005YT7JQCWYLTG43,500172241,Journal Import 2591641:,/EFT/RECEIPT,2,,,,,0,1850,Posted
13-09-2024,01.12102.000.0000.000.3706008.00000.000,eHIS,HIS_COLLECTION,3091724 HIS_COLLECTION 3358005YT7JQCWYLTG43,500172135,Journal Import 2591641:,/EFT/RECEIPT,2,,,,,0,750,Posted
13-09-2024,01.12102.000.0000.000.3706008.00000.000,eHIS,HIS_COLLECTION,3091727 HIS_COLLECTION 3358005YT7JQCWYLTG43,500171982,Journal Import 2591641:,/EFT/RECEIPT,2,,,,,0,900,Posted
13-09-2024,01.12102.000.0000.000.3706008.00000.000,eHIS,HIS_COLLECTION,3091731 HIS_COLLECTION 3358005YT7JQCWYLTG43,500172145,Journal Import 2591641:,/CASH/RECEIPT,2,,,,,0,100,Posted
13-09-2024,01.12102.000.0000.000.3706008.00000.000,eHIS,HIS_COLLECTION,3091735 HIS_COLLECTION 3358005YT7JQCWYLTG43,500171921,Journal Import 2591641:,/CASH/RECEIPT,2,,,,,0,750,Posted
13-09-2024,01.12102.000.0000.000.3706008.00000.000,eHIS,HIS_COLLECTION,3091737 HIS_COLLECTION 3358005YT7JQCWYLTG43,500172300,Journal Import 2591641:,/EFT/RECEIPT,2,,,,,0,1200,Posted
14-09-2024,01.12102.000.0000.000.3706008.00000.000,eHIS,HIS_COLLECTION,3091756 HIS_COLLECTION 3358005YT7JQCWYLTG43,500172793,Journal Import 2591641:,/EFT/RECEIPT,2,,,,,0,450,Posted
14-09-2024,01.12102.000.0000.000.3706008.00000.000,eHIS,HIS_COLLECTION,3091767 HIS_COLLECTION 3358005YT7JQCWYLTG43,500172579,Journal Import 2591641:,/CASH/RECEIPT,2,,,,,0,500,Posted
14-09-2024,01.12102.000.0000.000.3706008.00000.000,eHIS,HIS_COLLECTION,3091768 HIS_COLLECTION 3358005YT7JQCWYLTG43,500172842,Journal Import 2591641:,/EFT/RECEIPT,2,,,,,0,10,Posted
14-09-2024,01.12102.000.0000.000.3706008.00000.000,eHIS,HIS_COLLECTION,3091777 HIS_COLLECTION 3358005YT7JQCWYLTG43,500172720,Journal Import 2591641:,/CASH/RECEIPT,2,,,,,0,1850,Posted
14-09-2024,01.12102.000.0000.000.3706008.00000.000,eHIS,HIS_COLLECTION,3091785 HIS_COLLECTION 3358005YT7JQCWYLTG43,500172725,Journal Import 2591641:,/EFT/RECEIPT,2,,,,,0,550,Posted
14-09-2024,01.12102.000.0000.000.3706008.00000.000,eHIS,HIS_COLLECTION,3091812 HIS_COLLECTION 3358005YT7JQCWYLTG43,500172865,Journal Import 2591641:,/CARD/RECEIPT,2,,,,,0,1850,Posted
14-09-2024,01.12102.000.0000.000.3706008.00000.000,eHIS,HIS_COLLECTION,3091820 HIS_COLLECTION 3358005YT7JQCWYLTG43,500172721,Journal Import 2591641:,/CASH/RECEIPT,2,,,,,0,1850,Posted
14-09-2024,01.12102.000.0000.000.3706008.00000.000,eHIS,HIS_COLLECTION,3091822 HIS_COLLECTION 3358005YT7JQCWYLTG43,500173079,Journal Import 2591641:,/CASH/REFUND,2,,,,,1250,0,Posted
14-09-2024,01.12102.000.0000.000.3706008.00000.000,eHIS,HIS_COLLECTION,3091824 HIS_COLLECTION 3358005YT7JQCWYLTG43,500172922,Journal Import 2591641:,/CASH/REFUND,2,,,,,1850,0,Posted
14-09-2024,01.12102.000.0000.000.3706008.00000.000,eHIS,HIS_COLLECTION,3091831 HIS_COLLECTION 3358005YT7JQCWYLTG43,500172794,Journal Import 2591641:,/EFT/RECEIPT,2,,,,,0,3500,Posted
14-09-2024,01.12102.000.0000.000.3706008.00000.000,eHIS,HIS_COLLECTION,3091843 HIS_COLLECTION 3358005YT7JQCWYLTG43,500172768,Journal Import 2591641:,/CASH/RECEIPT,2,,,,,0,100,Posted
14-09-2024,01.12102.000.0000.000.3706008.00000.000,eHIS,HIS_COLLECTION,3091845 HIS_COLLECTION 3358005YT7JQCWYLTG43,500172860,Journal Import 2591641:,/EFT/RECEIPT,2,,,,,0,100,Posted
14-09-2024,01.12102.000.0000.000.3706008.00000.000,eHIS,HIS_COLLECTION,3091847 HIS_COLLECTION 3358005YT7JQCWYLTG43,500172790,Journal Import 2591641:,/CASH/RECEIPT,2,,,,,0,200,Posted
14-09-2024,01.12102.000.0000.000.3706008.00000.000,eHIS,HIS_COLLECTION,3091857 HIS_COLLECTION 3358005YT7JQCWYLTG43,500172757,Journal Import 2591641:,/EFT/RECEIPT,2,,,,,0,2024,Posted
14-09-2024,01.12102.000.0000.000.3706008.00000.000,eHIS,HIS_COLLECTION,3091867 HIS_COLLECTION 3358005YT7JQCWYLTG43,500172710,Journal Import 2591641:,/CARD/RECEIPT,2,,,,,0,4400,Posted
14-09-2024,01.12102.000.0000.000.3706008.00000.000,eHIS,HIS_COLLECTION,3091877 HIS_COLLECTION 3358005YT7JQCWYLTG43,500172732,Journal Import 2591641:,/CASH/RECEIPT,2,,,,,0,2000,Posted
14-09-2024,01.12102.000.0000.000.3706008.00000.000,eHIS,HIS_COLLECTION,3091878 HIS_COLLECTION 3358005YT7JQCWYLTG43,500172620,Journal Import 2591641:,/EFT/RECEIPT,2,,,,,0,955,Posted
15-09-2024,01.12102.000.0000.000.3706008.00000.000,eHIS,HIS_COLLECTION,3091897 HIS_COLLECTION 3358005YT7JQCWYLTG43,500173187,Journal Import 2599930:,/EFT/RECEIPT,2,,,,,0,2350,Posted
15-09-2024,01.12102.000.0000.000.3706008.00000.000,eHIS,HIS_COLLECTION,3091899 HIS_COLLECTION 3358005YT7JQCWYLTG43,500173188,Journal Import 2599930:,/EFT/RECEIPT,2,,,,,0,2600,Posted
14-09-2024,01.12102.000.0000.000.3706008.00000.000,eHIS,HIS_COLLECTION,3091933 HIS_COLLECTION 3358005YT7JQCWYLTG43,500172608,Journal Import 2591641:,/CASH/RECEIPT,2,,,,,0,600,Posted
14-09-2024,01.12102.000.0000.000.3706008.00000.000,eHIS,HIS_COLLECTION,3091939 HIS_COLLECTION 3358005YT7JQCWYLTG43,500172739,Journal Import 2591641:,/EFT/RECEIPT,2,,,,,0,6988,Posted
14-09-2024,01.12102.000.0000.000.3706008.00000.000,eHIS,HIS_COLLECTION,3091949 HIS_COLLECTION 3358005YT7JQCWYLTG43,500172580,Journal Import 2591641:,/CASH/RECEIPT,2,,,,,0,500,Posted
15-09-2024,01.12102.000.0000.000.3706008.00000.000,eHIS,HIS_COLLECTION,3091981 HIS_COLLECTION 3358005YT7JQCWYLTG43,500173184,Journal Import 2599930:,/EFT/RECEIPT,2,,,,,0,460,Posted
14-09-2024,01.12102.000.0000.000.3706008.00000.000,eHIS,HIS_COLLECTION,3091991 HIS_COLLECTION 3358005YT7JQCWYLTG43,500172795,Journal Import 2591641:,/CARD/RECEIPT,2,,,,,0,3500,Posted
14-09-2024,01.12102.000.0000.000.3706008.00000.000,eHIS,HIS_COLLECTION,3091995 HIS_COLLECTION 3358005YT7JQCWYLTG43,500172825,Journal Import 2591641:,/CARD/RECEIPT,2,,,,,0,1480,Posted
14-09-2024,01.12102.000.0000.000.3706008.00000.000,eHIS,HIS_COLLECTION,3092048 HIS_COLLECTION 3358005YT7JQCWYLTG43,500172702,Journal Import 2591641:,/EFT/RECEIPT,2,,,,,0,500,Posted
14-09-2024,01.12102.000.0000.000.3706008.00000.000,eHIS,HIS_COLLECTION,3092056 HIS_COLLECTION 3358005YT7JQCWYLTG43,500172861,Journal Import 2591641:,/EFT/RECEIPT,2,,,,,0,100,Posted
14-09-2024,01.12102.000.0000.000.3706008.00000.000,eHIS,HIS_COLLECTION,3092076 HIS_COLLECTION 3358005YT7JQCWYLTG43,500172548,Journal Import 2591641:,/EFT/RECEIPT,2,,,,,0,1000,Posted
14-09-2024,01.12102.000.0000.000.3706008.00000.000,eHIS,HIS_COLLECTION,3092078 HIS_COLLECTION 3358005YT7JQCWYLTG43,500172855,Journal Import 2591641:,/CASH/RECEIPT,2,,,,,0,900,Posted
14-09-2024,01.12102.000.0000.000.3706008.00000.000,eHIS,HIS_COLLECTION,3092100 HIS_COLLECTION 3358005YT7JQCWYLTG43,500172703,Journal Import 2591641:,/CARD/RECEIPT,2,,,,,0,500,Posted
14-09-2024,01.12102.000.0000.000.3706008.00000.000,eHIS,HIS_COLLECTION,3092108 HIS_COLLECTION 3358005YT7JQCWYLTG43,500172588,Journal Import 2591641:,/EFT/RECEIPT,2,,,,,0,900,Posted
15-09-2024,01.12102.000.0000.000.3706008.00000.000,eHIS,HIS_COLLECTION,3092134 HIS_COLLECTION 3358005YT7JQCWYLTG43,500173185,Journal Import 2599930:,/EFT/RECEIPT,2,,,,,0,720,Posted
14-09-2024,01.12102.000.0000.000.3706008.00000.000,eHIS,HIS_COLLECTION,3092140 HIS_COLLECTION 3358005YT7JQCWYLTG43,500172704,Journal Import 2591641:,/CARD/RECEIPT,2,,,,,0,500,Posted
14-09-2024,01.12102.000.0000.000.3706008.00000.000,eHIS,HIS_COLLECTION,3092144 HIS_COLLECTION 3358005YT7JQCWYLTG43,500172775,Journal Import 2591641:,/CARD/RECEIPT,2,,,,,0,257,Posted
14-09-2024,01.12102.000.0000.000.3706008.00000.000,eHIS,HIS_COLLECTION,3092146 HIS_COLLECTION 3358005YT7JQCWYLTG43,500172843,Journal Import 2591641:,/EFT/RECEIPT,2,,,,,0,74,Posted
14-09-2024,01.12102.000.0000.000.3706008.00000.000,eHIS,HIS_COLLECTION,3092152 HIS_COLLECTION 3358005YT7JQCWYLTG43,500172677,Journal Import 2591641:,/EFT/RECEIPT,2,,,,,0,800,Posted
14-09-2024,01.12102.000.0000.000.3706008.00000.000,eHIS,HIS_COLLECTION,3092158 HIS_COLLECTION 3358005YT7JQCWYLTG43,500172878,Journal Import 2591641:,/CASH/RECEIPT,2,,,,,0,1000,Posted
14-09-2024,01.12102.000.0000.000.3706008.00000.000,eHIS,HIS_COLLECTION,3092168 HIS_COLLECTION 3358005YT7JQCWYLTG43,500172694,Journal Import 2591641:,/CASH/RECEIPT,2,,,,,0,250,Posted
14-09-2024,01.12102.000.0000.000.3706008.00000.000,eHIS,HIS_COLLECTION,3092170 HIS_COLLECTION 3358005YT7JQCWYLTG43,500172589,Journal Import 2591641:,/EFT/RECEIPT,2,,,,,0,900,Posted
15-09-2024,01.12102.000.0000.000.3706008.00000.000,eHIS,HIS_COLLECTION,3092172 HIS_COLLECTION 3358005YT7JQCWYLTG43,500173183,Journal Import 2599930:,/EFT/RECEIPT,2,,,,,0,450,Posted
14-09-2024,01.12102.000.0000.000.3706008.00000.000,eHIS,HIS_COLLECTION,3092180 HIS_COLLECTION 3358005YT7JQCWYLTG43,500172614,Journal Import 2591641:,/EFT/RECEIPT,2,,,,,0,900,Posted
14-09-2024,01.12102.000.0000.000.3706008.00000.000,eHIS,HIS_COLLECTION,3092188 HIS_COLLECTION 3358005YT7JQCWYLTG43,500172678,Journal Import 2591641:,/EFT/RECEIPT,2,,,,,0,800,Posted
14-09-2024,01.12102.000.0000.000.3706008.00000.000,eHIS,HIS_COLLECTION,3092196 HIS_COLLECTION 3358005YT7JQCWYLTG43,500172879,Journal Import 2591641:,/CASH/RECEIPT,2,,,,,0,1000,Posted
14-09-2024,01.12102.000.0000.000.3706008.00000.000,eHIS,HIS_COLLECTION,3092202 HIS_COLLECTION 3358005YT7JQCWYLTG43,500172705,Journal Import 2591641:,/EFT/RECEIPT,2,,,,,0,500,Posted
14-09-2024,01.12102.000.0000.000.3706008.00000.000,eHIS,HIS_COLLECTION,3092212 HIS_COLLECTION 3358005YT7JQCWYLTG43,500172856,Journal Import 2591641:,/CASH/RECEIPT,2,,,,,0,900,Posted
15-09-2024,01.12102.000.0000.000.3706008.00000.000,eHIS,HIS_COLLECTION,3092228 HIS_COLLECTION 3358005YT7JQCWYLTG43,500173186,Journal Import 2599930:,/EFT/RECEIPT,2,,,,,0,800,Posted
14-09-2024,01.12102.000.0000.000.3706008.00000.000,eHIS,HIS_COLLECTION,3092236 HIS_COLLECTION 3358005YT7JQCWYLTG43,500172862,Journal Import 2591641:,/EFT/RECEIPT,2,,,,,0,100,Posted
14-09-2024,01.12102.000.0000.000.3706008.00000.000,eHIS,HIS_COLLECTION,3092238 HIS_COLLECTION 3358005YT7JQCWYLTG43,500172701,Journal Import 2591641:,/CASH/RECEIPT,2,,,,,0,1300,Posted
14-09-2024,01.12102.000.0000.000.3706008.00000.000,eHIS,HIS_COLLECTION,3092240 HIS_COLLECTION 3358005YT7JQCWYLTG43,500172796,Journal Import 2591641:,/EFT/RECEIPT,2,,,,,0,3500,Posted
14-09-2024,01.12102.000.0000.000.3706008.00000.000,eHIS,HIS_COLLECTION,3092253 HIS_COLLECTION 3358005YT7JQCWYLTG43,500172792,Journal Import 2591641:,/CASH/RECEIPT,2,,,,,0,1200,Posted
14-09-2024,01.12102.000.0000.000.3706008.00000.000,eHIS,HIS_COLLECTION,3092255 HIS_COLLECTION 3358005YT7JQCWYLTG43,500172893,Journal Import 2591641:,/EFT/RECEIPT,2,,,,,0,1178,Posted
14-09-2024,01.12102.000.0000.000.3706008.00000.000,eHIS,HIS_COLLECTION,3092259 HIS_COLLECTION 3358005YT7JQCWYLTG43,500172591,Journal Import 2591641:,/EFT/RECEIPT,2,,,,,0,14490,Posted
14-09-2024,01.12102.000.0000.000.3706008.00000.000,eHIS,HIS_COLLECTION,3092272 HIS_COLLECTION 3358005YT7JQCWYLTG43,500172941,Journal Import 2591641:,/CASH/RECEIPT,2,,,,,0,800,Posted
14-09-2024,01.12102.000.0000.000.3706008.00000.000,eHIS,HIS_COLLECTION,3092274 HIS_COLLECTION 3358005YT7JQCWYLTG43,500172942,Journal Import 2591641:,/CASH/RECEIPT,2,,,,,0,800,Posted
14-09-2024,01.12102.000.0000.000.3706008.00000.000,eHIS,HIS_COLLECTION,3092290 HIS_COLLECTION 3358005YT7JQCWYLTG43,500172621,Journal Import 2591641:,/EFT/RECEIPT,2,,,,,0,999,Posted
14-09-2024,01.12102.000.0000.000.3706008.00000.000,eHIS,HIS_COLLECTION,3092304 HIS_COLLECTION 3358005YT7JQCWYLTG43,500172581,Journal Import 2591641:,/CASH/RECEIPT,2,,,,,0,500,Posted
14-09-2024,01.12102.000.0000.000.3706008.00000.000,eHIS,HIS_COLLECTION,3092308 HIS_COLLECTION 3358005YT7JQCWYLTG43,500172888,Journal Import 2591641:,/CARD/RECEIPT,2,,,,,0,1100,Posted
14-09-2024,01.12102.000.0000.000.3706008.00000.000,eHIS,HIS_COLLECTION,3092334 HIS_COLLECTION 3358005YT7JQCWYLTG43,500172722,Journal Import 2591641:,/CASH/RECEIPT,2,,,,,0,1850,Posted
14-09-2024,01.12102.000.0000.000.3706008.00000.000,eHIS,HIS_COLLECTION,3092344 HIS_COLLECTION 3358005YT7JQCWYLTG43,500172734,Journal Import 2591641:,/CASH/RECEIPT,2,,,,,0,2650,Posted
14-09-2024,01.12102.000.0000.000.3706008.00000.000,eHIS,HIS_COLLECTION,3092362 HIS_COLLECTION 3358005YT7JQCWYLTG43,500172612,Journal Import 2591641:,/CASH/RECEIPT,2,,,,,0,700,Posted
14-09-2024,01.12102.000.0000.000.3706008.00000.000,eHIS,HIS_COLLECTION,3092364 HIS_COLLECTION 3358005YT7JQCWYLTG43,500172706,Journal Import 2591641:,/EFT/RECEIPT,2,,,,,0,500,Posted
14-09-2024,01.12102.000.0000.000.3706008.00000.000,eHIS,HIS_COLLECTION,3092381 HIS_COLLECTION 3358005YT7JQCWYLTG43,500172943,Journal Import 2591641:,/CASH/RECEIPT,2,,,,,0,800,Posted
14-09-2024,01.12102.000.0000.000.3706008.00000.000,eHIS,HIS_COLLECTION,3092393 HIS_COLLECTION 3358005YT7JQCWYLTG43,500172615,Journal Import 2591641:,/EFT/RECEIPT,2,,,,,0,900,Posted
14-09-2024,01.12102.000.0000.000.3706008.00000.000,eHIS,HIS_COLLECTION,3092397 HIS_COLLECTION 3358005YT7JQCWYLTG43,500172707,Journal Import 2591641:,/EFT/RECEIPT,2,,,,,0,500,Posted
14-09-2024,01.12102.000.0000.000.3706008.00000.000,eHIS,HIS_COLLECTION,3092407 HIS_COLLECTION 3358005YT7JQCWYLTG43,500172944,Journal Import 2591641:,/CASH/RECEIPT,2,,,,,0,800,Posted
14-09-2024,01.12102.000.0000.000.3706008.00000.000,eHIS,HIS_COLLECTION,3092427 HIS_COLLECTION 3358005YT7JQCWYLTG43,500172679,Journal Import 2591641:,/CARD/RECEIPT,2,,,,,0,800,Posted
14-09-2024,01.12102.000.0000.000.3706008.00000.000,eHIS,HIS_COLLECTION,3092429 HIS_COLLECTION 3358005YT7JQCWYLTG43,500172820,Journal Import 2591641:,/EFT/RECEIPT,2,,,,,0,1300,Posted
14-09-2024,01.12102.000.0000.000.3706008.00000.000,eHIS,HIS_COLLECTION,3092431 HIS_COLLECTION 3358005YT7JQCWYLTG43,500172758,Journal Import 2591641:,/EFT/RECEIPT,2,,,,,0,2050,Posted
14-09-2024,01.12102.000.0000.000.3706008.00000.000,eHIS,HIS_COLLECTION,3092458 HIS_COLLECTION 3358005YT7JQCWYLTG43,500172769,Journal Import 2591641:,/CASH/RECEIPT,2,,,,,0,100,Posted
14-09-2024,01.12102.000.0000.000.3706008.00000.000,eHIS,HIS_COLLECTION,3092461 HIS_COLLECTION 3358005YT7JQCWYLTG43,500172756,Journal Import 2591641:,/EFT/RECEIPT,2,,,,,0,250,Posted
14-09-2024,01.12102.000.0000.000.3706008.00000.000,eHIS,HIS_COLLECTION,3092463 HIS_COLLECTION 3358005YT7JQCWYLTG43,500172733,Journal Import 2591641:,/CASH/RECEIPT,2,,,,,0,2600,Posted
14-09-2024,01.12102.000.0000.000.3706008.00000.000,eHIS,HIS_COLLECTION,3092468 HIS_COLLECTION 3358005YT7JQCWYLTG43,500172770,Journal Import 2591641:,/CASH/RECEIPT,2,,,,,0,100,Posted
14-09-2024,01.12102.000.0000.000.3706008.00000.000,eHIS,HIS_COLLECTION,3092470 HIS_COLLECTION 3358005YT7JQCWYLTG43,500172619,Journal Import 2591641:,/EFT/RECEIPT,2,,,,,0,920,Posted
14-09-2024,01.12102.000.0000.000.3706008.00000.000,eHIS,HIS_COLLECTION,3092474 HIS_COLLECTION 3358005YT7JQCWYLTG43,500172821,Journal Import 2591641:,/EFT/RECEIPT,2,,,,,0,1300,Posted
14-09-2024,01.12102.000.0000.000.3706008.00000.000,eHIS,HIS_COLLECTION,3092491 HIS_COLLECTION 3358005YT7JQCWYLTG43,500172945,Journal Import 2591641:,/CASH/RECEIPT,2,,,,,0,800,Posted
14-09-2024,01.12102.000.0000.000.3706008.00000.000,eHIS,HIS_COLLECTION,3092499 HIS_COLLECTION 3358005YT7JQCWYLTG43,500172837,Journal Import 2591641:,/CASH/RECEIPT,2,,,,,0,800,Posted
14-09-2024,01.12102.000.0000.000.3706008.00000.000,eHIS,HIS_COLLECTION,3092501 HIS_COLLECTION 3358005YT7JQCWYLTG43,500172711,Journal Import 2591641:,/CARD/RECEIPT,2,,,,,0,4510,Posted
14-09-2024,01.12102.000.0000.000.3706008.00000.000,eHIS,HIS_COLLECTION,3092505 HIS_COLLECTION 3358005YT7JQCWYLTG43,500172838,Journal Import 2591641:,/CASH/RECEIPT,2,,,,,0,800,Posted
14-09-2024,01.12102.000.0000.000.3706008.00000.000,eHIS,HIS_COLLECTION,3092514 HIS_COLLECTION 3358005YT7JQCWYLTG43,500172680,Journal Import 2591641:,/EFT/RECEIPT,2,,,,,0,800,Posted
14-09-2024,01.12102.000.0000.000.3706008.00000.000,eHIS,HIS_COLLECTION,3092520 HIS_COLLECTION 3358005YT7JQCWYLTG43,500172924,Journal Import 2591641:,/CARD/RECEIPT,2,,,,,0,1200,Posted
14-09-2024,01.12102.000.0000.000.3706008.00000.000,eHIS,HIS_COLLECTION,3092535 HIS_COLLECTION 3358005YT7JQCWYLTG43,500172616,Journal Import 2591641:,/EFT/RECEIPT,2,,,,,0,900,Posted
14-09-2024,01.12102.000.0000.000.3706008.00000.000,eHIS,HIS_COLLECTION,3092537 HIS_COLLECTION 3358005YT7JQCWYLTG43,500172797,Journal Import 2591641:,/CARD/RECEIPT,2,,,,,0,3550,Posted
14-09-2024,01.12102.000.0000.000.3706008.00000.000,eHIS,HIS_COLLECTION,3092545 HIS_COLLECTION 3358005YT7JQCWYLTG43,500172857,Journal Import 2591641:,/CASH/RECEIPT,2,,,,,0,900,Posted
14-09-2024,01.12102.000.0000.000.3706008.00000.000,eHIS,HIS_COLLECTION,3092549 HIS_COLLECTION 3358005YT7JQCWYLTG43,500172681,Journal Import 2591641:,/EFT/RECEIPT,2,,,,,0,800,Posted
14-09-2024,01.12102.000.0000.000.3706008.00000.000,eHIS,HIS_COLLECTION,3092555 HIS_COLLECTION 3358005YT7JQCWYLTG43,500172617,Journal Import 2591641:,/EFT/RECEIPT,2,,,,,0,900,Posted
14-09-2024,01.12102.000.0000.000.3706008.00000.000,eHIS,HIS_COLLECTION,3092559 HIS_COLLECTION 3358005YT7JQCWYLTG43,500172839,Journal Import 2591641:,/CASH/RECEIPT,2,,,,,0,800,Posted
14-09-2024,01.12102.000.0000.000.3706008.00000.000,eHIS,HIS_COLLECTION,3092569 HIS_COLLECTION 3358005YT7JQCWYLTG43,500172609,Journal Import 2591641:,/CASH/RECEIPT,2,,,,,0,600,Posted
14-09-2024,01.12102.000.0000.000.3706008.00000.000,eHIS,HIS_COLLECTION,3092582 HIS_COLLECTION 3358005YT7JQCWYLTG43,500172925,Journal Import 2591641:,/EFT/RECEIPT,2,,,,,0,1200,Posted
14-09-2024,01.12102.000.0000.000.3706008.00000.000,eHIS,HIS_COLLECTION,3092586 HIS_COLLECTION 3358005YT7JQCWYLTG43,500172735,Journal Import 2591641:,/EFT/RECEIPT,2,,,,,0,750,Posted
14-09-2024,01.12102.000.0000.000.3706008.00000.000,eHIS,HIS_COLLECTION,3092588 HIS_COLLECTION 3358005YT7JQCWYLTG43,500172866,Journal Import 2591641:,/EFT/RECEIPT,2,,,,,0,1850,Posted
14-09-2024,01.12102.000.0000.000.3706008.00000.000,eHIS,HIS_COLLECTION,3092594 HIS_COLLECTION 3358005YT7JQCWYLTG43,500172587,Journal Import 2591641:,/CASH/RECEIPT,2,,,,,0,9000,Posted
14-09-2024,01.12102.000.0000.000.3706008.00000.000,eHIS,HIS_COLLECTION,3092617 HIS_COLLECTION 3358005YT7JQCWYLTG43,500172741,Journal Import 2591641:,/EFT/RECEIPT,2,,,,,0,7230,Posted
14-09-2024,01.12102.000.0000.000.3706008.00000.000,eHIS,HIS_COLLECTION,3092623 HIS_COLLECTION 3358005YT7JQCWYLTG43,500172682,Journal Import 2591641:,/EFT/RECEIPT,2,,,,,0,800,Posted
14-09-2024,01.12102.000.0000.000.3706008.00000.000,eHIS,HIS_COLLECTION,3092633 HIS_COLLECTION 3358005YT7JQCWYLTG43,500172880,Journal Import 2591641:,/CASH/RECEIPT,2,,,,,0,1000,Posted
14-09-2024,01.12102.000.0000.000.3706008.00000.000,eHIS,HIS_COLLECTION,3092637 HIS_COLLECTION 3358005YT7JQCWYLTG43,500172622,Journal Import 2591641:,/EFT/RECEIPT,2,,,,,0,999,Posted
14-09-2024,01.12102.000.0000.000.3706008.00000.000,eHIS,HIS_COLLECTION,3092643 HIS_COLLECTION 3358005YT7JQCWYLTG43,500172791,Journal Import 2591641:,/CASH/RECEIPT,2,,,,,0,200,Posted
14-09-2024,01.12102.000.0000.000.3706008.00000.000,eHIS,HIS_COLLECTION,3092651 HIS_COLLECTION 3358005YT7JQCWYLTG43,500172683,Journal Import 2591641:,/EFT/RECEIPT,2,,,,,0,800,Posted
14-09-2024,01.12102.000.0000.000.3706008.00000.000,eHIS,HIS_COLLECTION,3092653 HIS_COLLECTION 3358005YT7JQCWYLTG43,500172776,Journal Import 2591641:,/EFT/RECEIPT,2,,,,,0,400,Posted
14-09-2024,01.12102.000.0000.000.3706008.00000.000,eHIS,HIS_COLLECTION,3092661 HIS_COLLECTION 3358005YT7JQCWYLTG43,500172824,Journal Import 2591641:,/EFT/RECEIPT,2,,,,,0,1400,Posted
14-09-2024,01.12102.000.0000.000.3706008.00000.000,eHIS,HIS_COLLECTION,3092683 HIS_COLLECTION 3358005YT7JQCWYLTG43,500172549,Journal Import 2591641:,/EFT/RECEIPT,2,,,,,0,1000,Posted
14-09-2024,01.12102.000.0000.000.3706008.00000.000,eHIS,HIS_COLLECTION,3092685 HIS_COLLECTION 3358005YT7JQCWYLTG43,500172840,Journal Import 2591641:,/CASH/RECEIPT,2,,,,,0,800,Posted
14-09-2024,01.12102.000.0000.000.3706008.00000.000,eHIS,HIS_COLLECTION,3092705 HIS_COLLECTION 3358005YT7JQCWYLTG43,500172755,Journal Import 2591641:,/EFT/RECEIPT,2,,,,,0,199,Posted
14-09-2024,01.12102.000.0000.000.3706008.00000.000,eHIS,HIS_COLLECTION,3092715 HIS_COLLECTION 3358005YT7JQCWYLTG43,500172684,Journal Import 2591641:,/EFT/RECEIPT,2,,,,,0,800,Posted
14-09-2024,01.12102.000.0000.000.3706008.00000.000,eHIS,HIS_COLLECTION,3092721 HIS_COLLECTION 3358005YT7JQCWYLTG43,500172708,Journal Import 2591641:,/EFT/RECEIPT,2,,,,,0,500,Posted
14-09-2024,01.12102.000.0000.000.3706008.00000.000,eHIS,HIS_COLLECTION,3092727 HIS_COLLECTION 3358005YT7JQCWYLTG43,500172771,Journal Import 2591641:,/CASH/RECEIPT,2,,,,,0,100,Posted
14-09-2024,01.12102.000.0000.000.3706008.00000.000,eHIS,HIS_COLLECTION,3092741 HIS_COLLECTION 3358005YT7JQCWYLTG43,500172723,Journal Import 2591641:,/CASH/RECEIPT,2,,,,,0,1850,Posted
14-09-2024,01.12102.000.0000.000.3706008.00000.000,eHIS,HIS_COLLECTION,3092745 HIS_COLLECTION 3358005YT7JQCWYLTG43,500172582,Journal Import 2591641:,/CASH/RECEIPT,2,,,,,0,500,Posted
14-09-2024,01.12102.000.0000.000.3706008.00000.000,eHIS,HIS_COLLECTION,3092749 HIS_COLLECTION 3358005YT7JQCWYLTG43,500172613,Journal Import 2591641:,/CASH/RECEIPT,2,,,,,0,700,Posted
14-09-2024,01.12102.000.0000.000.3706008.00000.000,eHIS,HIS_COLLECTION,3092762 HIS_COLLECTION 3358005YT7JQCWYLTG43,500172610,Journal Import 2591641:,/CASH/RECEIPT,2,,,,,0,600,Posted
14-09-2024,01.12102.000.0000.000.3706008.00000.000,eHIS,HIS_COLLECTION,3092770 HIS_COLLECTION 3358005YT7JQCWYLTG43,500172864,Journal Import 2591641:,/CARD/RECEIPT,2,,,,,0,105,Posted
14-09-2024,01.12102.000.0000.000.3706008.00000.000,eHIS,HIS_COLLECTION,3092772 HIS_COLLECTION 3358005YT7JQCWYLTG43,500172774,Journal Import 2591641:,/CASH/RECEIPT,2,,,,,0,1100,Posted
14-09-2024,01.12102.000.0000.000.3706008.00000.000,eHIS,HIS_COLLECTION,3092782 HIS_COLLECTION 3358005YT7JQCWYLTG43,500172583,Journal Import 2591641:,/CASH/RECEIPT,2,,,,,0,500,Posted
14-09-2024,01.12102.000.0000.000.3706008.00000.000,eHIS,HIS_COLLECTION,3092784 HIS_COLLECTION 3358005YT7JQCWYLTG43,500172584,Journal Import 2591641:,/CASH/RECEIPT,2,,,,,0,500,Posted
14-09-2024,01.12102.000.0000.000.3706008.00000.000,eHIS,HIS_COLLECTION,3092799 HIS_COLLECTION 3358005YT7JQCWYLTG43,500172585,Journal Import 2591641:,/CASH/RECEIPT,2,,,,,0,500,Posted
14-09-2024,01.12102.000.0000.000.3706008.00000.000,eHIS,HIS_COLLECTION,3092805 HIS_COLLECTION 3358005YT7JQCWYLTG43,500172674,Journal Import 2591641:,/CASH/RECEIPT,2,,,,,0,3750,Posted
14-09-2024,01.12102.000.0000.000.3706008.00000.000,eHIS,HIS_COLLECTION,3092815 HIS_COLLECTION 3358005YT7JQCWYLTG43,500172586,Journal Import 2591641:,/CASH/RECEIPT,2,,,,,0,500,Posted
14-09-2024,01.12102.000.0000.000.3706008.00000.000,eHIS,HIS_COLLECTION,3092824 HIS_COLLECTION 3358005YT7JQCWYLTG43,500172881,Journal Import 2591641:,/CASH/RECEIPT,2,,,,,0,1000,Posted
14-09-2024,01.12102.000.0000.000.3706008.00000.000,eHIS,HIS_COLLECTION,3092828 HIS_COLLECTION 3358005YT7JQCWYLTG43,500172772,Journal Import 2591641:,/CASH/RECEIPT,2,,,,,0,100,Posted
14-09-2024,01.12102.000.0000.000.3706008.00000.000,eHIS,HIS_COLLECTION,3092832 HIS_COLLECTION 3358005YT7JQCWYLTG43,500172719,Journal Import 2591641:,/CASH/RECEIPT,2,,,,,0,450,Posted
14-09-2024,01.12102.000.0000.000.3706008.00000.000,eHIS,HIS_COLLECTION,3092839 HIS_COLLECTION 3358005YT7JQCWYLTG43,500172545,Journal Import 2591641:,/CASH/RECEIPT,2,,,,,0,750,Posted
14-09-2024,01.12102.000.0000.000.3706008.00000.000,eHIS,HIS_COLLECTION,3092873 HIS_COLLECTION 3358005YT7JQCWYLTG43,500172685,Journal Import 2591641:,/EFT/RECEIPT,2,,,,,0,800,Posted
14-09-2024,01.12102.000.0000.000.3706008.00000.000,eHIS,HIS_COLLECTION,3092877 HIS_COLLECTION 3358005YT7JQCWYLTG43,500172676,Journal Import 2591641:,/CASH/RECEIPT,2,,,,,0,4557,Posted
14-09-2024,01.12102.000.0000.000.3706008.00000.000,eHIS,HIS_COLLECTION,3092883 HIS_COLLECTION 3358005YT7JQCWYLTG43,500172618,Journal Import 2591641:,/EFT/RECEIPT,2,,,,,0,900,Posted
14-09-2024,01.12102.000.0000.000.3706008.00000.000,eHIS,HIS_COLLECTION,3092889 HIS_COLLECTION 3358005YT7JQCWYLTG43,500172686,Journal Import 2591641:,/EFT/RECEIPT,2,,,,,0,800,Posted
14-09-2024,01.12102.000.0000.000.3706008.00000.000,eHIS,HIS_COLLECTION,3092897 HIS_COLLECTION 3358005YT7JQCWYLTG43,500172858,Journal Import 2591641:,/CASH/RECEIPT,2,,,,,0,900,Posted
14-09-2024,01.12102.000.0000.000.3706008.00000.000,eHIS,HIS_COLLECTION,3092905 HIS_COLLECTION 3358005YT7JQCWYLTG43,500172889,Journal Import 2591641:,/EFT/RECEIPT,2,,,,,0,1100,Posted
14-09-2024,01.12102.000.0000.000.3706008.00000.000,eHIS,HIS_COLLECTION,3092915 HIS_COLLECTION 3358005YT7JQCWYLTG43,500172709,Journal Import 2591641:,/EFT/RECEIPT,2,,,,,0,500,Posted
14-09-2024,01.12102.000.0000.000.3706008.00000.000,eHIS,HIS_COLLECTION,3092941 HIS_COLLECTION 3358005YT7JQCWYLTG43,500172550,Journal Import 2591641:,/EFT/RECEIPT,2,,,,,0,1000,Posted
14-09-2024,01.12102.000.0000.000.3706008.00000.000,eHIS,HIS_COLLECTION,3092944 HIS_COLLECTION 3358005YT7JQCWYLTG43,500172736,Journal Import 2591641:,/EFT/RECEIPT,2,,,,,0,750,Posted
14-09-2024,01.12102.000.0000.000.3706008.00000.000,eHIS,HIS_COLLECTION,3092951 HIS_COLLECTION 3358005YT7JQCWYLTG43,500172773,Journal Import 2591641:,/CASH/RECEIPT,2,,,,,0,100,Posted
14-09-2024,01.12102.000.0000.000.3706008.00000.000,eHIS,HIS_COLLECTION,3092958 HIS_COLLECTION 3358005YT7JQCWYLTG43,500172882,Journal Import 2591641:,/CASH/RECEIPT,2,,,,,0,1000,Posted
14-09-2024,01.12102.000.0000.000.3706008.00000.000,eHIS,HIS_COLLECTION,3092970 HIS_COLLECTION 3358005YT7JQCWYLTG43,500172822,Journal Import 2591641:,/CARD/RECEIPT,2,,,,,0,1300,Posted
14-09-2024,01.12102.000.0000.000.3706008.00000.000,eHIS,HIS_COLLECTION,3092977 HIS_COLLECTION 3358005YT7JQCWYLTG43,500172737,Journal Import 2591641:,/CARD/RECEIPT,2,,,,,0,750,Posted
14-09-2024,01.12102.000.0000.000.3706008.00000.000,eHIS,HIS_COLLECTION,3092979 HIS_COLLECTION 3358005YT7JQCWYLTG43,500172551,Journal Import 2591641:,/EFT/RECEIPT,2,,,,,0,1000,Posted
14-09-2024,01.12102.000.0000.000.3706008.00000.000,eHIS,HIS_COLLECTION,3092981 HIS_COLLECTION 3358005YT7JQCWYLTG43,500172743,Journal Import 2591641:,/EFT/RECEIPT,2,,,,,0,8650,Posted
14-09-2024,01.12102.000.0000.000.3706008.00000.000,eHIS,HIS_COLLECTION,3092988 HIS_COLLECTION 3358005YT7JQCWYLTG43,500172718,Journal Import 2591641:,/CASH/RECEIPT,2,,,,,0,300,Posted
14-09-2024,01.12102.000.0000.000.3706008.00000.000,eHIS,HIS_COLLECTION,3092990 HIS_COLLECTION 3358005YT7JQCWYLTG43,500172552,Journal Import 2591641:,/EFT/RECEIPT,2,,,,,0,1000,Posted
14-09-2024,01.12102.000.0000.000.3706008.00000.000,eHIS,HIS_COLLECTION,3092994 HIS_COLLECTION 3358005YT7JQCWYLTG43,500172695,Journal Import 2591641:,/CASH/RECEIPT,2,,,,,0,250,Posted
14-09-2024,01.12102.000.0000.000.3706008.00000.000,eHIS,HIS_COLLECTION,3093000 HIS_COLLECTION 3358005YT7JQCWYLTG43,500172611,Journal Import 2591641:,/CASH/RECEIPT,2,,,,,0,600,Posted
14-09-2024,01.12102.000.0000.000.3706008.00000.000,eHIS,HIS_COLLECTION,3093002 HIS_COLLECTION 3358005YT7JQCWYLTG43,500172696,Journal Import 2591641:,/CASH/RECEIPT,2,,,,,0,250,Posted
14-09-2024,01.12102.000.0000.000.3706008.00000.000,eHIS,HIS_COLLECTION,3093005 HIS_COLLECTION 3358005YT7JQCWYLTG43,500172892,Journal Import 2591641:,/CARD/RECEIPT,2,,,,,0,1150,Posted
14-09-2024,01.12102.000.0000.000.3706008.00000.000,eHIS,HIS_COLLECTION,3093007 HIS_COLLECTION 3358005YT7JQCWYLTG43,500172697,Journal Import 2591641:,/CASH/RECEIPT,2,,,,,0,250,Posted
14-09-2024,01.12102.000.0000.000.3706008.00000.000,eHIS,HIS_COLLECTION,3093009 HIS_COLLECTION 3358005YT7JQCWYLTG43,500172698,Journal Import 2591641:,/CASH/RECEIPT,2,,,,,0,250,Posted
14-09-2024,01.12102.000.0000.000.3706008.00000.000,eHIS,HIS_COLLECTION,3093013 HIS_COLLECTION 3358005YT7JQCWYLTG43,500172699,Journal Import 2591641:,/CASH/RECEIPT,2,,,,,0,250,Posted
14-09-2024,01.12102.000.0000.000.3706008.00000.000,eHIS,HIS_COLLECTION,3093017 HIS_COLLECTION 3358005YT7JQCWYLTG43,500172700,Journal Import 2591641:,/CASH/RECEIPT,2,,,,,0,250,Posted
14-09-2024,01.12102.000.0000.000.3706008.00000.000,eHIS,HIS_COLLECTION,3093028 HIS_COLLECTION 3358005YT7JQCWYLTG43,500173077,Journal Import 2591641:,/CASH/REFUND,2,,,,,900,0,Posted
14-09-2024,01.12102.000.0000.000.3706008.00000.000,eHIS,HIS_COLLECTION,3093034 HIS_COLLECTION 3358005YT7JQCWYLTG43,500172738,Journal Import 2591641:,/EFT/RECEIPT,2,,,,,0,750,Posted
14-09-2024,01.12102.000.0000.000.3706008.00000.000,eHIS,HIS_COLLECTION,3093036 HIS_COLLECTION 3358005YT7JQCWYLTG43,500172890,Journal Import 2591641:,/EFT/RECEIPT,2,,,,,0,1100,Posted
14-09-2024,01.12102.000.0000.000.3706008.00000.000,eHIS,HIS_COLLECTION,3093039 HIS_COLLECTION 3358005YT7JQCWYLTG43,500172891,Journal Import 2591641:,/EFT/RECEIPT,2,,,,,0,1100,Posted
14-09-2024,01.12102.000.0000.000.3706008.00000.000,eHIS,HIS_COLLECTION,3093046 HIS_COLLECTION 3358005YT7JQCWYLTG43,500172724,Journal Import 2591641:,/CARD/RECEIPT,2,,,,,0,500,Posted
14-09-2024,01.12102.000.0000.000.3706008.00000.000,eHIS,HIS_COLLECTION,3093050 HIS_COLLECTION 3358005YT7JQCWYLTG43,500172759,Journal Import 2591641:,/EFT/RECEIPT,2,,,,,0,2300,Posted
14-09-2024,01.12102.000.0000.000.3706008.00000.000,eHIS,HIS_COLLECTION,3093057 HIS_COLLECTION 3358005YT7JQCWYLTG43,500172926,Journal Import 2591641:,/EFT/RECEIPT,2,,,,,0,1200,Posted
14-09-2024,01.12102.000.0000.000.3706008.00000.000,eHIS,HIS_COLLECTION,3093066 HIS_COLLECTION 3358005YT7JQCWYLTG43,500172859,Journal Import 2591641:,/CASH/RECEIPT,2,,,,,0,990,Posted
14-09-2024,01.12102.000.0000.000.3706008.00000.000,eHIS,HIS_COLLECTION,3093074 HIS_COLLECTION 3358005YT7JQCWYLTG43,500172712,Journal Import 2591641:,/EFT/RECEIPT,2,,,,,0,4900,Posted
14-09-2024,01.12102.000.0000.000.3706008.00000.000,eHIS,HIS_COLLECTION,3093080 HIS_COLLECTION 3358005YT7JQCWYLTG43,500172841,Journal Import 2591641:,/CASH/RECEIPT,2,,,,,0,850,Posted
14-09-2024,01.12102.000.0000.000.3706008.00000.000,eHIS,HIS_COLLECTION,3093081 HIS_COLLECTION 3358005YT7JQCWYLTG43,500172553,Journal Import 2591641:,/EFT/RECEIPT,2,,,,,0,1000,Posted
14-09-2024,01.12102.000.0000.000.3706008.00000.000,eHIS,HIS_COLLECTION,3093085 HIS_COLLECTION 3358005YT7JQCWYLTG43,500172887,Journal Import 2591641:,/CASH/REFUND,2,,,,,250,0,Posted
14-09-2024,01.12102.000.0000.000.3706008.00000.000,eHIS,HIS_COLLECTION,3093089 HIS_COLLECTION 3358005YT7JQCWYLTG43,500172844,Journal Import 2591641:,/EFT/RECEIPT,2,,,,,0,1700,Posted
14-09-2024,01.12102.000.0000.000.3706008.00000.000,eHIS,HIS_COLLECTION,3093091 HIS_COLLECTION 3358005YT7JQCWYLTG43,500172726,Journal Import 2591641:,/EFT/RECEIPT,2,,,,,0,650,Posted
14-09-2024,01.12102.000.0000.000.3706008.00000.000,eHIS,HIS_COLLECTION,3093098 HIS_COLLECTION 3358005YT7JQCWYLTG43,500172826,Journal Import 2591641:,/CARD/RECEIPT,2,,,,,0,1500,Posted
14-09-2024,01.12102.000.0000.000.3706008.00000.000,eHIS,HIS_COLLECTION,3093101 HIS_COLLECTION 3358005YT7JQCWYLTG43,500172863,Journal Import 2591641:,/CARD/RECEIPT,2,,,,,0,100,Posted
14-09-2024,01.12102.000.0000.000.3706008.00000.000,eHIS,HIS_COLLECTION,3093106 HIS_COLLECTION 3358005YT7JQCWYLTG43,500172789,Journal Import 2591641:,/CASH/RECEIPT,2,,,,,0,199,Posted
14-09-2024,01.12102.000.0000.000.3706008.00000.000,eHIS,HIS_COLLECTION,3093121 HIS_COLLECTION 3358005YT7JQCWYLTG43,500172636,Journal Import 2591641:,/CASH/RECEIPT,2,,,,,0,3500,Posted
15-09-2024,01.12102.000.0000.000.3706008.00000.000,eHIS,HIS_COLLECTION,3093138 HIS_COLLECTION 3358005YT7JQCWYLTG43,500173244,Journal Import 2591641:,/CARD/RECEIPT,2,,,,,0,1035,Posted
15-09-2024,01.12102.000.0000.000.3706008.00000.000,eHIS,HIS_COLLECTION,3093141 HIS_COLLECTION 3358005YT7JQCWYLTG43,500173348,Journal Import 2591641:,/CASH/RECEIPT,2,,,,,0,100,Posted
15-09-2024,01.12102.000.0000.000.3706008.00000.000,eHIS,HIS_COLLECTION,3093145 HIS_COLLECTION 3358005YT7JQCWYLTG43,500173323,Journal Import 2591641:,/EFT/RECEIPT,2,,,,,0,100,Posted
15-09-2024,01.12102.000.0000.000.3706008.00000.000,eHIS,HIS_COLLECTION,3093152 HIS_COLLECTION 3358005YT7JQCWYLTG43,500173340,Journal Import 2591641:,/EFT/RECEIPT,2,,,,,0,2480,Posted
15-09-2024,01.12102.000.0000.000.3706008.00000.000,eHIS,HIS_COLLECTION,3093154 HIS_COLLECTION 3358005YT7JQCWYLTG43,500173222,Journal Import 2591641:,/CASH/RECEIPT,2,,,,,0,10700,Posted
15-09-2024,01.12102.000.0000.000.3706008.00000.000,eHIS,HIS_COLLECTION,3093156 HIS_COLLECTION 3358005YT7JQCWYLTG43,500173271,Journal Import 2591641:,/EFT/RECEIPT,2,,,,,0,6520,Posted
15-09-2024,01.12102.000.0000.000.3706008.00000.000,eHIS,HIS_COLLECTION,3093158 HIS_COLLECTION 3358005YT7JQCWYLTG43,500173324,Journal Import 2591641:,/EFT/RECEIPT,2,,,,,0,100,Posted
15-09-2024,01.12102.000.0000.000.3706008.00000.000,eHIS,HIS_COLLECTION,3093171 HIS_COLLECTION 3358005YT7JQCWYLTG43,500173328,Journal Import 2591641:,/EFT/RECEIPT,2,,,,,0,1850,Posted
15-09-2024,01.12102.000.0000.000.3706008.00000.000,eHIS,HIS_COLLECTION,3093181 HIS_COLLECTION 3358005YT7JQCWYLTG43,500173304,Journal Import 2591641:,/CASH/RECEIPT,2,,,,,0,3510,Posted
15-09-2024,01.12102.000.0000.000.3706008.00000.000,eHIS,HIS_COLLECTION,3093185 HIS_COLLECTION 3358005YT7JQCWYLTG43,500173329,Journal Import 2591641:,/EFT/RECEIPT,2,,,,,0,1850,Posted
15-09-2024,01.12102.000.0000.000.3706008.00000.000,eHIS,HIS_COLLECTION,3093206 HIS_COLLECTION 3358005YT7JQCWYLTG43,500173357,Journal Import 2591641:,/EFT/RECEIPT,2,,,,,0,300,Posted
15-09-2024,01.12102.000.0000.000.3706008.00000.000,eHIS,HIS_COLLECTION,3093212 HIS_COLLECTION 3358005YT7JQCWYLTG43,500173349,Journal Import 2591641:,/CASH/RECEIPT,2,,,,,0,100,Posted
15-09-2024,01.12102.000.0000.000.3706008.00000.000,eHIS,HIS_COLLECTION,3093217 HIS_COLLECTION 3358005YT7JQCWYLTG43,500173325,Journal Import 2591641:,/EFT/RECEIPT,2,,,,,0,100,Posted
15-09-2024,01.12102.000.0000.000.3706008.00000.000,eHIS,HIS_COLLECTION,3093220 HIS_COLLECTION 3358005YT7JQCWYLTG43,500173350,Journal Import 2591641:,/CASH/RECEIPT,2,,,,,0,100,Posted
15-09-2024,01.12102.000.0000.000.3706008.00000.000,eHIS,HIS_COLLECTION,3093223 HIS_COLLECTION 3358005YT7JQCWYLTG43,500173351,Journal Import 2591641:,/CASH/RECEIPT,2,,,,,0,100,Posted
15-09-2024,01.12102.000.0000.000.3706008.00000.000,eHIS,HIS_COLLECTION,3093225 HIS_COLLECTION 3358005YT7JQCWYLTG43,500173366,Journal Import 2591641:,/CASH/RECEIPT,2,,,,,0,1250,Posted
15-09-2024,01.12102.000.0000.000.3706008.00000.000,eHIS,HIS_COLLECTION,3093228 HIS_COLLECTION 3358005YT7JQCWYLTG43,500173411,Journal Import 2591641:,/EFT/RECEIPT,2,,,,,0,1210,Posted
15-09-2024,01.12102.000.0000.000.3706008.00000.000,eHIS,HIS_COLLECTION,3093232 HIS_COLLECTION 3358005YT7JQCWYLTG43,500173438,Journal Import 2591641:,/CASH/RECEIPT,2,,,,,0,800,Posted
15-09-2024,01.12102.000.0000.000.3706008.00000.000,eHIS,HIS_COLLECTION,3093234 HIS_COLLECTION 3358005YT7JQCWYLTG43,500173305,Journal Import 2591641:,/EFT/RECEIPT,2,,,,,0,800,Posted
15-09-2024,01.12102.000.0000.000.3706008.00000.000,eHIS,HIS_COLLECTION,3093242 HIS_COLLECTION 3358005YT7JQCWYLTG43,500173283,Journal Import 2591641:,/CASH/RECEIPT,2,,,,,0,2000,Posted
15-09-2024,01.12102.000.0000.000.3706008.00000.000,eHIS,HIS_COLLECTION,3093243 HIS_COLLECTION 3358005YT7JQCWYLTG43,500173430,Journal Import 2591641:,/EFT/RECEIPT,2,,,,,0,1500,Posted
16-09-2024,01.12102.000.0000.000.3706008.00000.000,eHIS,HIS_COLLECTION,3093245 HIS_COLLECTION 3358005YT7JQCWYLTG43,500174240,Journal Import 2599930:,/EFT/RECEIPT,2,,,,,0,3500,Posted
15-09-2024,01.12102.000.0000.000.3706008.00000.000,eHIS,HIS_COLLECTION,3093251 HIS_COLLECTION 3358005YT7JQCWYLTG43,500173284,Journal Import 2591641:,/CASH/RECEIPT,2,,,,,0,2600,Posted
15-09-2024,01.12102.000.0000.000.3706008.00000.000,eHIS,HIS_COLLECTION,3093253 HIS_COLLECTION 3358005YT7JQCWYLTG43,500173285,Journal Import 2591641:,/CASH/RECEIPT,2,,,,,0,2600,Posted
16-09-2024,01.12102.000.0000.000.3706008.00000.000,eHIS,HIS_COLLECTION,3093255 HIS_COLLECTION 3358005YT7JQCWYLTG43,500174239,Journal Import 2599930:,/EFT/RECEIPT,2,,,,,0,1512,Posted
15-09-2024,01.12102.000.0000.000.3706008.00000.000,eHIS,HIS_COLLECTION,3093257 HIS_COLLECTION 3358005YT7JQCWYLTG43,500173269,Journal Import 2591641:,/EFT/RECEIPT,2,,,,,0,5888,Posted
15-09-2024,01.12102.000.0000.000.3706008.00000.000,eHIS,HIS_COLLECTION,3093261 HIS_COLLECTION 3358005YT7JQCWYLTG43,500173241,Journal Import 2591641:,/CASH/RECEIPT,2,,,,,0,21800,Posted
15-09-2024,01.12102.000.0000.000.3706008.00000.000,eHIS,HIS_COLLECTION,3093265 HIS_COLLECTION 3358005YT7JQCWYLTG43,500173263,Journal Import 2591641:,/CASH/RECEIPT,2,,,,,0,1850,Posted
15-09-2024,01.12102.000.0000.000.3706008.00000.000,eHIS,HIS_COLLECTION,3093268 HIS_COLLECTION 3358005YT7JQCWYLTG43,500173286,Journal Import 2591641:,/CARD/RECEIPT,2,,,,,0,6900,Posted
15-09-2024,01.12102.000.0000.000.3706008.00000.000,eHIS,HIS_COLLECTION,3093270 HIS_COLLECTION 3358005YT7JQCWYLTG43,500173261,Journal Import 2591641:,/CASH/RECEIPT,2,,,,,0,410,Posted
15-09-2024,01.12102.000.0000.000.3706008.00000.000,eHIS,HIS_COLLECTION,3093272 HIS_COLLECTION 3358005YT7JQCWYLTG43,500173368,Journal Import 2591641:,/CARD/RECEIPT,2,,,,,0,3975,Posted
15-09-2024,01.12102.000.0000.000.3706008.00000.000,eHIS,HIS_COLLECTION,3093274 HIS_COLLECTION 3358005YT7JQCWYLTG43,500173262,Journal Import 2591641:,/CASH/RECEIPT,2,,,,,0,450,Posted
15-09-2024,01.12102.000.0000.000.3706008.00000.000,eHIS,HIS_COLLECTION,3093276 HIS_COLLECTION 3358005YT7JQCWYLTG43,500173379,Journal Import 2591641:,/CASH/RECEIPT,2,,,,,0,250,Posted
15-09-2024,01.12102.000.0000.000.3706008.00000.000,eHIS,HIS_COLLECTION,3093278 HIS_COLLECTION 3358005YT7JQCWYLTG43,500173282,Journal Import 2591641:,/CASH/RECEIPT,2,,,,,0,450,Posted
15-09-2024,01.12102.000.0000.000.3706008.00000.000,eHIS,HIS_COLLECTION,3093280 HIS_COLLECTION 3358005YT7JQCWYLTG43,500173337,Journal Import 2591641:,/CARD/RECEIPT,2,,,,,0,1850,Posted
15-09-2024,01.12102.000.0000.000.3706008.00000.000,eHIS,HIS_COLLECTION,3093284 HIS_COLLECTION 3358005YT7JQCWYLTG43,500173352,Journal Import 2591641:,/CASH/RECEIPT,2,,,,,0,100,Posted
15-09-2024,01.12102.000.0000.000.3706008.00000.000,eHIS,HIS_COLLECTION,3093291 HIS_COLLECTION 3358005YT7JQCWYLTG43,500173200,Journal Import 2591641:,/CASH/RECEIPT,2,,,,,0,500,Posted
15-09-2024,01.12102.000.0000.000.3706008.00000.000,eHIS,HIS_COLLECTION,3093293 HIS_COLLECTION 3358005YT7JQCWYLTG43,500173353,Journal Import 2591641:,/CASH/RECEIPT,2,,,,,0,100,Posted
15-09-2024,01.12102.000.0000.000.3706008.00000.000,eHIS,HIS_COLLECTION,3093296 HIS_COLLECTION 3358005YT7JQCWYLTG43,500173338,Journal Import 2591641:,/EFT/RECEIPT,2,,,,,0,1850,Posted
15-09-2024,01.12102.000.0000.000.3706008.00000.000,eHIS,HIS_COLLECTION,3093304 HIS_COLLECTION 3358005YT7JQCWYLTG43,500173354,Journal Import 2591641:,/CASH/RECEIPT,2,,,,,0,100,Posted
15-09-2024,01.12102.000.0000.000.3706008.00000.000,eHIS,HIS_COLLECTION,3093311 HIS_COLLECTION 3358005YT7JQCWYLTG43,500173326,Journal Import 2591641:,/EFT/RECEIPT,2,,,,,0,100,Posted
15-09-2024,01.12102.000.0000.000.3706008.00000.000,eHIS,HIS_COLLECTION,3093318 HIS_COLLECTION 3358005YT7JQCWYLTG43,500173270,Journal Import 2591641:,/EFT/RECEIPT,2,,,,,0,6500,Posted
15-09-2024,01.12102.000.0000.000.3706008.00000.000,eHIS,HIS_COLLECTION,3093324 HIS_COLLECTION 3358005YT7JQCWYLTG43,500173358,Journal Import 2591641:,/CARD/RECEIPT,2,,,,,0,400,Posted
15-09-2024,01.12102.000.0000.000.3706008.00000.000,eHIS,HIS_COLLECTION,3093333 HIS_COLLECTION 3358005YT7JQCWYLTG43,500173225,Journal Import 2591641:,/EFT/RECEIPT,2,,,,,0,910,Posted
15-09-2024,01.12102.000.0000.000.3706008.00000.000,eHIS,HIS_COLLECTION,3093344 HIS_COLLECTION 3358005YT7JQCWYLTG43,500173253,Journal Import 2591641:,/EFT/RECEIPT,2,,,,,0,4910,Posted
15-09-2024,01.12102.000.0000.000.3706008.00000.000,eHIS,HIS_COLLECTION,3093349 HIS_COLLECTION 3358005YT7JQCWYLTG43,500173265,Journal Import 2591641:,/EFT/RECEIPT,2,,,,,0,500,Posted
15-09-2024,01.12102.000.0000.000.3706008.00000.000,eHIS,HIS_COLLECTION,3093351 HIS_COLLECTION 3358005YT7JQCWYLTG43,500173327,Journal Import 2591641:,/EFT/RECEIPT,2,,,,,0,100,Posted
15-09-2024,01.12102.000.0000.000.3706008.00000.000,eHIS,HIS_COLLECTION,3093366 HIS_COLLECTION 3358005YT7JQCWYLTG43,500173367,Journal Import 2591641:,/EFT/RECEIPT,2,,,,,0,450,Posted
15-09-2024,01.12102.000.0000.000.3706008.00000.000,eHIS,HIS_COLLECTION,3093377 HIS_COLLECTION 3358005YT7JQCWYLTG43,500173266,Journal Import 2591641:,/EFT/RECEIPT,2,,,,,0,550,Posted
15-09-2024,01.12102.000.0000.000.3706008.00000.000,eHIS,HIS_COLLECTION,3093394 HIS_COLLECTION 3358005YT7JQCWYLTG43,500173339,Journal Import 2591641:,/EFT/RECEIPT,2,,,,,0,2250,Posted
15-09-2024,01.12102.000.0000.000.3706008.00000.000,eHIS,HIS_COLLECTION,3093399 HIS_COLLECTION 3358005YT7JQCWYLTG43,500173355,Journal Import 2591641:,/CASH/RECEIPT,2,,,,,0,100,Posted
15-09-2024,01.12102.000.0000.000.3706008.00000.000,eHIS,HIS_COLLECTION,3093402 HIS_COLLECTION 3358005YT7JQCWYLTG43,500173267,Journal Import 2591641:,/EFT/RECEIPT,2,,,,,0,600,Posted
15-09-2024,01.12102.000.0000.000.3706008.00000.000,eHIS,HIS_COLLECTION,3093418 HIS_COLLECTION 3358005YT7JQCWYLTG43,500173356,Journal Import 2591641:,/CASH/RECEIPT,2,,,,,0,100,Posted
15-09-2024,01.12102.000.0000.000.3706008.00000.000,eHIS,HIS_COLLECTION,3093421 HIS_COLLECTION 3358005YT7JQCWYLTG43,500173439,Journal Import 2591641:,/CASH/RECEIPT,2,,,,,0,820,Posted
15-09-2024,01.12102.000.0000.000.3706008.00000.000,eHIS,HIS_COLLECTION,3093427 HIS_COLLECTION 3358005YT7JQCWYLTG43,500173264,Journal Import 2591641:,/CASH/RECEIPT,2,,,,,0,1850,Posted
16-09-2024,01.12102.000.0000.000.3706008.00000.000,eHIS,HIS_COLLECTION,3093436 HIS_COLLECTION 3358005YT7JQCWYLTG43,500173500,Journal Import 2591641:,/EFT/RECEIPT,2,,,,,0,100,Posted
16-09-2024,01.12102.000.0000.000.3706008.00000.000,eHIS,HIS_COLLECTION,3093438 HIS_COLLECTION 3358005YT7JQCWYLTG43,500173505,Journal Import 2591641:,/CASH/RECEIPT,2,,,,,0,100,Posted
16-09-2024,01.12102.000.0000.000.3706008.00000.000,eHIS,HIS_COLLECTION,3093446 HIS_COLLECTION 3358005YT7JQCWYLTG43,500173506,Journal Import 2591641:,/CASH/RECEIPT,2,,,,,0,100,Posted
16-09-2024,01.12102.000.0000.000.3706008.00000.000,eHIS,HIS_COLLECTION,3093448 HIS_COLLECTION 3358005YT7JQCWYLTG43,500173507,Journal Import 2591641:,/CASH/RECEIPT,2,,,,,0,100,Posted
16-09-2024,01.12102.000.0000.000.3706008.00000.000,eHIS,HIS_COLLECTION,3093473 HIS_COLLECTION 3358005YT7JQCWYLTG43,500173501,Journal Import 2591641:,/EFT/RECEIPT,2,,,,,0,100,Posted
16-09-2024,01.12102.000.0000.000.3706008.00000.000,eHIS,HIS_COLLECTION,3093475 HIS_COLLECTION 3358005YT7JQCWYLTG43,500173511,Journal Import 2591641:,/CARD/RECEIPT,2,,,,,0,750,Posted
16-09-2024,01.12102.000.0000.000.3706008.00000.000,eHIS,HIS_COLLECTION,3093485 HIS_COLLECTION 3358005YT7JQCWYLTG43,500174022,Journal Import 2591655:,/CASH/RECEIPT,2,,,,,0,7235,Posted
16-09-2024,01.12102.000.0000.000.3706008.00000.000,eHIS,HIS_COLLECTION,3093488 HIS_COLLECTION 3358005YT7JQCWYLTG43,500174054,Journal Import 2591655:,/CASH/RECEIPT,2,,,,,0,100,Posted
16-09-2024,01.12102.000.0000.000.3706008.00000.000,eHIS,HIS_COLLECTION,3093492 HIS_COLLECTION 3358005YT7JQCWYLTG43,500174087,Journal Import 2591655:,/CASH/RECEIPT,2,,,,,0,100,Posted
16-09-2024,01.12102.000.0000.000.3706008.00000.000,eHIS,HIS_COLLECTION,3093494 HIS_COLLECTION 3358005YT7JQCWYLTG43,500173968,Journal Import 2591655:,/CARD/RECEIPT,2,,,,,0,2274,Posted
16-09-2024,01.12102.000.0000.000.3706008.00000.000,eHIS,HIS_COLLECTION,3093501 HIS_COLLECTION 3358005YT7JQCWYLTG43,500174088,Journal Import 2591655:,/CASH/RECEIPT,2,,,,,0,100,Posted
16-09-2024,01.12102.000.0000.000.3706008.00000.000,eHIS,HIS_COLLECTION,3093509 HIS_COLLECTION 3358005YT7JQCWYLTG43,500173960,Journal Import 2591655:,/CASH/RECEIPT,2,,,,,0,4500,Posted
16-09-2024,01.12102.000.0000.000.3706008.00000.000,eHIS,HIS_COLLECTION,3093532 HIS_COLLECTION 3358005YT7JQCWYLTG43,500173963,Journal Import 2591655:,/CARD/RECEIPT,2,,,,,0,650,Posted
16-09-2024,01.12102.000.0000.000.3706008.00000.000,eHIS,HIS_COLLECTION,3093536 HIS_COLLECTION 3358005YT7JQCWYLTG43,500173997,Journal Import 2591655:,/CASH/RECEIPT,2,,,,,0,5100,Posted
16-09-2024,01.12102.000.0000.000.3706008.00000.000,eHIS,HIS_COLLECTION,3093540 HIS_COLLECTION 3358005YT7JQCWYLTG43,500173790,Journal Import 2591655:,/CARD/RECEIPT,2,,,,,0,1130,Posted
16-09-2024,01.12102.000.0000.000.3706008.00000.000,eHIS,HIS_COLLECTION,3093546 HIS_COLLECTION 3358005YT7JQCWYLTG43,500173964,Journal Import 2591655:,/EFT/RECEIPT,2,,,,,0,650,Posted
16-09-2024,01.12102.000.0000.000.3706008.00000.000,eHIS,HIS_COLLECTION,3093550 HIS_COLLECTION 3358005YT7JQCWYLTG43,500173858,Journal Import 2591655:,/EFT/RECEIPT,2,,,,,0,450,Posted
16-09-2024,01.12102.000.0000.000.3706008.00000.000,eHIS,HIS_COLLECTION,3093553 HIS_COLLECTION 3358005YT7JQCWYLTG43,500174128,Journal Import 2591655:,/CARD/RECEIPT,2,,,,,0,5100,Posted
16-09-2024,01.12102.000.0000.000.3706008.00000.000,eHIS,HIS_COLLECTION,3093557 HIS_COLLECTION 3358005YT7JQCWYLTG43,500174089,Journal Import 2591655:,/CASH/RECEIPT,2,,,,,0,100,Posted
16-09-2024,01.12102.000.0000.000.3706008.00000.000,eHIS,HIS_COLLECTION,3093561 HIS_COLLECTION 3358005YT7JQCWYLTG43,500174166,Journal Import 2591655:,/CARD/RECEIPT,2,,,,,0,6900,Posted
16-09-2024,01.12102.000.0000.000.3706008.00000.000,eHIS,HIS_COLLECTION,3093563 HIS_COLLECTION 3358005YT7JQCWYLTG43,500173760,Journal Import 2591655:,/CARD/RECEIPT,2,,,,,0,10299,Posted
16-09-2024,01.12102.000.0000.000.3706008.00000.000,eHIS,HIS_COLLECTION,3093581 HIS_COLLECTION 3358005YT7JQCWYLTG43,500173989,Journal Import 2591655:,/CASH/RECEIPT,2,,,,,0,800,Posted
16-09-2024,01.12102.000.0000.000.3706008.00000.000,eHIS,HIS_COLLECTION,3093588 HIS_COLLECTION 3358005YT7JQCWYLTG43,500174169,Journal Import 2591655:,/CARD/RECEIPT,2,,,,,0,6988,Posted
16-09-2024,01.12102.000.0000.000.3706008.00000.000,eHIS,HIS_COLLECTION,3093590 HIS_COLLECTION 3358005YT7JQCWYLTG43,500174024,Journal Import 2591655:,/CARD/RECEIPT,2,,,,,0,800,Posted
16-09-2024,01.12102.000.0000.000.3706008.00000.000,eHIS,HIS_COLLECTION,3093592 HIS_COLLECTION 3358005YT7JQCWYLTG43,500174167,Journal Import 2591655:,/CARD/RECEIPT,2,,,,,0,6900,Posted
16-09-2024,01.12102.000.0000.000.3706008.00000.000,eHIS,HIS_COLLECTION,3093594 HIS_COLLECTION 3358005YT7JQCWYLTG43,500174168,Journal Import 2591655:,/CARD/RECEIPT,2,,,,,0,6900,Posted
16-09-2024,01.12102.000.0000.000.3706008.00000.000,eHIS,HIS_COLLECTION,3093600 HIS_COLLECTION 3358005YT7JQCWYLTG43,500174204,Journal Import 2591655:,/CASH/RECEIPT,2,,,,,0,1000,Posted
16-09-2024,01.12102.000.0000.000.3706008.00000.000,eHIS,HIS_COLLECTION,3093602 HIS_COLLECTION 3358005YT7JQCWYLTG43,500173928,Journal Import 2591655:,/CASH/RECEIPT,2,,,,,0,650,Posted
16-09-2024,01.12102.000.0000.000.3706008.00000.000,eHIS,HIS_COLLECTION,3093609 HIS_COLLECTION 3358005YT7JQCWYLTG43,500174064,Journal Import 2591655:,/EFT/RECEIPT,2,,,,,0,3600,Posted
16-09-2024,01.12102.000.0000.000.3706008.00000.000,eHIS,HIS_COLLECTION,3093611 HIS_COLLECTION 3358005YT7JQCWYLTG43,500174069,Journal Import 2591655:,/CARD/RECEIPT,2,,,,,0,4550,Posted
16-09-2024,01.12102.000.0000.000.3706008.00000.000,eHIS,HIS_COLLECTION,3093613 HIS_COLLECTION 3358005YT7JQCWYLTG43,500173965,Journal Import 2591655:,/CARD/RECEIPT,2,,,,,0,650,Posted
16-09-2024,01.12102.000.0000.000.3706008.00000.000,eHIS,HIS_COLLECTION,3093615 HIS_COLLECTION 3358005YT7JQCWYLTG43,500174055,Journal Import 2591655:,/CASH/RECEIPT,2,,,,,0,21800,Posted
16-09-2024,01.12102.000.0000.000.3706008.00000.000,eHIS,HIS_COLLECTION,3093619 HIS_COLLECTION 3358005YT7JQCWYLTG43,500174070,Journal Import 2591655:,/CARD/RECEIPT,2,,,,,0,4550,Posted
16-09-2024,01.12102.000.0000.000.3706008.00000.000,eHIS,HIS_COLLECTION,3093636 HIS_COLLECTION 3358005YT7JQCWYLTG43,500174131,Journal Import 2591655:,/EFT/RECEIPT,2,,,,,0,5888,Posted
16-09-2024,01.12102.000.0000.000.3706008.00000.000,eHIS,HIS_COLLECTION,3093640 HIS_COLLECTION 3358005YT7JQCWYLTG43,500174132,Journal Import 2591655:,/EFT/RECEIPT,2,,,,,0,5888,Posted
16-09-2024,01.12102.000.0000.000.3706008.00000.000,eHIS,HIS_COLLECTION,3093667 HIS_COLLECTION 3358005YT7JQCWYLTG43,500173857,Journal Import 2591655:,/EFT/RECEIPT,2,,,,,0,410,Posted
16-09-2024,01.12102.000.0000.000.3706008.00000.000,eHIS,HIS_COLLECTION,3093675 HIS_COLLECTION 3358005YT7JQCWYLTG43,500174025,Journal Import 2591655:,/CARD/RECEIPT,2,,,,,0,800,Posted
16-09-2024,01.12102.000.0000.000.3706008.00000.000,eHIS,HIS_COLLECTION,3093689 HIS_COLLECTION 3358005YT7JQCWYLTG43,500173937,Journal Import 2591655:,/EFT/RECEIPT,2,,,,,0,510,Posted
16-09-2024,01.12102.000.0000.000.3706008.00000.000,eHIS,HIS_COLLECTION,3093697 HIS_COLLECTION 3358005YT7JQCWYLTG43,500174212,Journal Import 2591655:,/EFT/RECEIPT,2,,,,,0,1000,Posted
16-09-2024,01.12102.000.0000.000.3706008.00000.000,eHIS,HIS_COLLECTION,3093702 HIS_COLLECTION 3358005YT7JQCWYLTG43,500174216,Journal Import 2591655:,/EFT/RECEIPT,2,,,,,0,9269,Posted
16-09-2024,01.12102.000.0000.000.3706008.00000.000,eHIS,HIS_COLLECTION,3093722 HIS_COLLECTION 3358005YT7JQCWYLTG43,500174002,Journal Import 2591655:,/CARD/RECEIPT,2,,,,,0,3120,Posted
16-09-2024,01.12102.000.0000.000.3706008.00000.000,eHIS,HIS_COLLECTION,3093739 HIS_COLLECTION 3358005YT7JQCWYLTG43,500174118,Journal Import 2591655:,/CASH/RECEIPT,2,,,,,0,900,Posted
16-09-2024,01.12102.000.0000.000.3706008.00000.000,eHIS,HIS_COLLECTION,3093745 HIS_COLLECTION 3358005YT7JQCWYLTG43,500173882,Journal Import 2591655:,/EFT/RECEIPT,2,,,,,0,500,Posted
16-09-2024,01.12102.000.0000.000.3706008.00000.000,eHIS,HIS_COLLECTION,3093751 HIS_COLLECTION 3358005YT7JQCWYLTG43,500173883,Journal Import 2591655:,/EFT/RECEIPT,2,,,,,0,500,Posted
16-09-2024,01.12102.000.0000.000.3706008.00000.000,eHIS,HIS_COLLECTION,3093779 HIS_COLLECTION 3358005YT7JQCWYLTG43,500173990,Journal Import 2591655:,/CASH/RECEIPT,2,,,,,0,800,Posted
16-09-2024,01.12102.000.0000.000.3706008.00000.000,eHIS,HIS_COLLECTION,3093805 HIS_COLLECTION 3358005YT7JQCWYLTG43,500173986,Journal Import 2591655:,/CASH/RECEIPT,2,,,,,0,720,Posted
16-09-2024,01.12102.000.0000.000.3706008.00000.000,eHIS,HIS_COLLECTION,3093809 HIS_COLLECTION 3358005YT7JQCWYLTG43,500174020,Journal Import 2591655:,/CASH/RECEIPT,2,,,,,0,5500,Posted
16-09-2024,01.12102.000.0000.000.3706008.00000.000,eHIS,HIS_COLLECTION,3093810 HIS_COLLECTION 3358005YT7JQCWYLTG43,500174211,Journal Import 2591655:,/EFT/RECEIPT,2,,,,,0,30,Posted
16-09-2024,01.12102.000.0000.000.3706008.00000.000,eHIS,HIS_COLLECTION,3093818 HIS_COLLECTION 3358005YT7JQCWYLTG43,500174001,Journal Import 2591655:,/EFT/RECEIPT,2,,,,,0,3080,Posted
16-09-2024,01.12102.000.0000.000.3706008.00000.000,eHIS,HIS_COLLECTION,3093844 HIS_COLLECTION 3358005YT7JQCWYLTG43,500173999,Journal Import 2591655:,/CARD/RECEIPT,2,,,,,0,2545,Posted
16-09-2024,01.12102.000.0000.000.3706008.00000.000,eHIS,HIS_COLLECTION,3093854 HIS_COLLECTION 3358005YT7JQCWYLTG43,500173884,Journal Import 2591655:,/EFT/RECEIPT,2,,,,,0,500,Posted
16-09-2024,01.12102.000.0000.000.3706008.00000.000,eHIS,HIS_COLLECTION,3093864 HIS_COLLECTION 3358005YT7JQCWYLTG43,500174102,Journal Import 2591655:,/EFT/RECEIPT,2,,,,,0,5000,Posted
16-09-2024,01.12102.000.0000.000.3706008.00000.000,eHIS,HIS_COLLECTION,3093868 HIS_COLLECTION 3358005YT7JQCWYLTG43,500173991,Journal Import 2591655:,/CASH/RECEIPT,2,,,,,0,800,Posted
16-09-2024,01.12102.000.0000.000.3706008.00000.000,eHIS,HIS_COLLECTION,3093917 HIS_COLLECTION 3358005YT7JQCWYLTG43,500174165,Journal Import 2591655:,/EFT/RECEIPT,2,,,,,0,6600,Posted
16-09-2024,01.12102.000.0000.000.3706008.00000.000,eHIS,HIS_COLLECTION,3093919 HIS_COLLECTION 3358005YT7JQCWYLTG43,500173791,Journal Import 2591655:,/CARD/RECEIPT,2,,,,,0,14490,Posted
16-09-2024,01.12102.000.0000.000.3706008.00000.000,eHIS,HIS_COLLECTION,3093921 HIS_COLLECTION 3358005YT7JQCWYLTG43,500173826,Journal Import 2591655:,/EFT/RECEIPT,2,,,,,0,1200,Posted
16-09-2024,01.12102.000.0000.000.3706008.00000.000,eHIS,HIS_COLLECTION,3093931 HIS_COLLECTION 3358005YT7JQCWYLTG43,500174199,Journal Import 2591655:,/CASH/RECEIPT,2,,,,,0,200,Posted
16-09-2024,01.12102.000.0000.000.3706008.00000.000,eHIS,HIS_COLLECTION,3093945 HIS_COLLECTION 3358005YT7JQCWYLTG43,500173913,Journal Import 2591655:,/CASH/RECEIPT,2,,,,,0,2200,Posted
16-09-2024,01.12102.000.0000.000.3706008.00000.000,eHIS,HIS_COLLECTION,3093982 HIS_COLLECTION 3358005YT7JQCWYLTG43,500174159,Journal Import 2591655:,/EFT/RECEIPT,2,,,,,0,900,Posted
16-09-2024,01.12102.000.0000.000.3706008.00000.000,eHIS,HIS_COLLECTION,3093990 HIS_COLLECTION 3358005YT7JQCWYLTG43,500173998,Journal Import 2591655:,/EFT/RECEIPT,2,,,,,0,750,Posted
16-09-2024,01.12102.000.0000.000.3706008.00000.000,eHIS,HIS_COLLECTION,3093994 HIS_COLLECTION 3358005YT7JQCWYLTG43,500174155,Journal Import 2591655:,/CASH/REFUND,2,,,,,2000,0,Posted
16-09-2024,01.12102.000.0000.000.3706008.00000.000,eHIS,HIS_COLLECTION,3093998 HIS_COLLECTION 3358005YT7JQCWYLTG43,500173781,Journal Import 2591655:,/CASH/RECEIPT,2,,,,,0,1200,Posted
16-09-2024,01.12102.000.0000.000.3706008.00000.000,eHIS,HIS_COLLECTION,3094006 HIS_COLLECTION 3358005YT7JQCWYLTG43,500174213,Journal Import 2591655:,/EFT/RECEIPT,2,,,,,0,1000,Posted
16-09-2024,01.12102.000.0000.000.3706008.00000.000,eHIS,HIS_COLLECTION,3094013 HIS_COLLECTION 3358005YT7JQCWYLTG43,500173750,Journal Import 2591655:,/CASH/RECEIPT,2,,,,,0,1050,Posted
16-09-2024,01.12102.000.0000.000.3706008.00000.000,eHIS,HIS_COLLECTION,3094022 HIS_COLLECTION 3358005YT7JQCWYLTG43,500174026,Journal Import 2591655:,/EFT/RECEIPT,2,,,,,0,800,Posted
16-09-2024,01.12102.000.0000.000.3706008.00000.000,eHIS,HIS_COLLECTION,3094026 HIS_COLLECTION 3358005YT7JQCWYLTG43,500174153,Journal Import 2591655:,/CASH/REFUND,2,,,,,1700,0,Posted
16-09-2024,01.12102.000.0000.000.3706008.00000.000,eHIS,HIS_COLLECTION,3094035 HIS_COLLECTION 3358005YT7JQCWYLTG43,500173936,Journal Import 2591655:,/CASH/RECEIPT,2,,,,,0,3000,Posted
16-09-2024,01.12102.000.0000.000.3706008.00000.000,eHIS,HIS_COLLECTION,3094041 HIS_COLLECTION 3358005YT7JQCWYLTG43,500173782,Journal Import 2591655:,/CASH/RECEIPT,2,,,,,0,1200,Posted
16-09-2024,01.12102.000.0000.000.3706008.00000.000,eHIS,HIS_COLLECTION,3094049 HIS_COLLECTION 3358005YT7JQCWYLTG43,500174027,Journal Import 2591655:,/EFT/RECEIPT,2,,,,,0,800,Posted
16-09-2024,01.12102.000.0000.000.3706008.00000.000,eHIS,HIS_COLLECTION,3094067 HIS_COLLECTION 3358005YT7JQCWYLTG43,500174028,Journal Import 2591655:,/EFT/RECEIPT,2,,,,,0,800,Posted
16-09-2024,01.12102.000.0000.000.3706008.00000.000,eHIS,HIS_COLLECTION,3094088 HIS_COLLECTION 3358005YT7JQCWYLTG43,500173915,Journal Import 2591655:,/EFT/RECEIPT,2,,,,,0,1850,Posted
16-09-2024,01.12102.000.0000.000.3706008.00000.000,eHIS,HIS_COLLECTION,3094092 HIS_COLLECTION 3358005YT7JQCWYLTG43,500174029,Journal Import 2591655:,/CARD/RECEIPT,2,,,,,0,800,Posted
16-09-2024,01.12102.000.0000.000.3706008.00000.000,eHIS,HIS_COLLECTION,3094105 HIS_COLLECTION 3358005YT7JQCWYLTG43,500174119,Journal Import 2591655:,/CASH/RECEIPT,2,,,,,0,900,Posted
16-09-2024,01.12102.000.0000.000.3706008.00000.000,eHIS,HIS_COLLECTION,3094119 HIS_COLLECTION 3358005YT7JQCWYLTG43,500173959,Journal Import 2591655:,/CASH/RECEIPT,2,,,,,0,4200,Posted
16-09-2024,01.12102.000.0000.000.3706008.00000.000,eHIS,HIS_COLLECTION,3094121 HIS_COLLECTION 3358005YT7JQCWYLTG43,500173775,Journal Import 2591655:,/CASH/RECEIPT,2,,,,,0,500,Posted
16-09-2024,01.12102.000.0000.000.3706008.00000.000,eHIS,HIS_COLLECTION,3094128 HIS_COLLECTION 3358005YT7JQCWYLTG43,500173776,Journal Import 2591655:,/CASH/RECEIPT,2,,,,,0,500,Posted
16-09-2024,01.12102.000.0000.000.3706008.00000.000,eHIS,HIS_COLLECTION,3094130 HIS_COLLECTION 3358005YT7JQCWYLTG43,500174030,Journal Import 2591655:,/EFT/RECEIPT,2,,,,,0,800,Posted
16-09-2024,01.12102.000.0000.000.3706008.00000.000,eHIS,HIS_COLLECTION,3094142 HIS_COLLECTION 3358005YT7JQCWYLTG43,500174200,Journal Import 2591655:,/CASH/RECEIPT,2,,,,,0,200,Posted
16-09-2024,01.12102.000.0000.000.3706008.00000.000,eHIS,HIS_COLLECTION,3094150 HIS_COLLECTION 3358005YT7JQCWYLTG43,500174215,Journal Import 2591655:,/EFT/RECEIPT,2,,,,,0,8100,Posted
17-09-2024,01.12102.000.0000.000.3706008.00000.000,eHIS,HIS_COLLECTION,3094152 HIS_COLLECTION 3358005YT7JQCWYLTG43,500174293,Journal Import 2599930:,/EFT/RECEIPT,2,,,,,0,700,Posted
16-09-2024,01.12102.000.0000.000.3706008.00000.000,eHIS,HIS_COLLECTION,3094169 HIS_COLLECTION 3358005YT7JQCWYLTG43,500174090,Journal Import 2591655:,/CASH/RECEIPT,2,,,,,0,100,Posted
16-09-2024,01.12102.000.0000.000.3706008.00000.000,eHIS,HIS_COLLECTION,3094170 HIS_COLLECTION 3358005YT7JQCWYLTG43,500174031,Journal Import 2591655:,/CARD/RECEIPT,2,,,,,0,800,Posted
17-09-2024,01.12102.000.0000.000.3706008.00000.000,eHIS,HIS_COLLECTION,3094175 HIS_COLLECTION 3358005YT7JQCWYLTG43,500174291,Journal Import 2599930:,/EFT/RECEIPT,2,,,,,0,400,Posted
16-09-2024,01.12102.000.0000.000.3706008.00000.000,eHIS,HIS_COLLECTION,3094179 HIS_COLLECTION 3358005YT7JQCWYLTG43,500173930,Journal Import 2591655:,/CASH/RECEIPT,2,,,,,0,700,Posted
16-09-2024,01.12102.000.0000.000.3706008.00000.000,eHIS,HIS_COLLECTION,3094186 HIS_COLLECTION 3358005YT7JQCWYLTG43,500173992,Journal Import 2591655:,/CASH/RECEIPT,2,,,,,0,800,Posted
16-09-2024,01.12102.000.0000.000.3706008.00000.000,eHIS,HIS_COLLECTION,3094202 HIS_COLLECTION 3358005YT7JQCWYLTG43,500174000,Journal Import 2591655:,/EFT/RECEIPT,2,,,,,0,2650,Posted
16-09-2024,01.12102.000.0000.000.3706008.00000.000,eHIS,HIS_COLLECTION,3094204 HIS_COLLECTION 3358005YT7JQCWYLTG43,500173934,Journal Import 2591655:,/CASH/RECEIPT,2,,,,,0,2280,Posted
16-09-2024,01.12102.000.0000.000.3706008.00000.000,eHIS,HIS_COLLECTION,3094212 HIS_COLLECTION 3358005YT7JQCWYLTG43,500173885,Journal Import 2591655:,/EFT/RECEIPT,2,,,,,0,500,Posted
16-09-2024,01.12102.000.0000.000.3706008.00000.000,eHIS,HIS_COLLECTION,3094214 HIS_COLLECTION 3358005YT7JQCWYLTG43,500173783,Journal Import 2591655:,/CASH/RECEIPT,2,,,,,0,1200,Posted
16-09-2024,01.12102.000.0000.000.3706008.00000.000,eHIS,HIS_COLLECTION,3094216 HIS_COLLECTION 3358005YT7JQCWYLTG43,500173751,Journal Import 2591655:,/CASH/RECEIPT,2,,,,,0,1100,Posted
16-09-2024,01.12102.000.0000.000.3706008.00000.000,eHIS,HIS_COLLECTION,3094222 HIS_COLLECTION 3358005YT7JQCWYLTG43,500174032,Journal Import 2591655:,/EFT/RECEIPT,2,,,,,0,800,Posted
16-09-2024,01.12102.000.0000.000.3706008.00000.000,eHIS,HIS_COLLECTION,3094224 HIS_COLLECTION 3358005YT7JQCWYLTG43,500173993,Journal Import 2591655:,/CASH/RECEIPT,2,,,,,0,800,Posted
16-09-2024,01.12102.000.0000.000.3706008.00000.000,eHIS,HIS_COLLECTION,3094243 HIS_COLLECTION 3358005YT7JQCWYLTG43,500174120,Journal Import 2591655:,/CASH/RECEIPT,2,,,,,0,900,Posted
16-09-2024,01.12102.000.0000.000.3706008.00000.000,eHIS,HIS_COLLECTION,3094245 HIS_COLLECTION 3358005YT7JQCWYLTG43,500173938,Journal Import 2591655:,/EFT/RECEIPT,3,,,,,0,2000,Posted
16-09-2024,01.12102.000.0000.000.3706008.00000.000,eHIS,HIS_COLLECTION,3094245 HIS_COLLECTION 3358005YT7JQCWYLTG43,500173938,Journal Import 2591655:,/EFT/RECEIPT,4,,,,,0,2022,Posted
16-09-2024,01.12102.000.0000.000.3706008.00000.000,eHIS,HIS_COLLECTION,3094255 HIS_COLLECTION 3358005YT7JQCWYLTG43,500174091,Journal Import 2591655:,/CASH/RECEIPT,2,,,,,0,100,Posted
16-09-2024,01.12102.000.0000.000.3706008.00000.000,eHIS,HIS_COLLECTION,3094257 HIS_COLLECTION 3358005YT7JQCWYLTG43,500174066,Journal Import 2591655:,/DEPOSIT ADJUSTMENT/TRANSFER/RECEIPT,2,,,,,0,4022,Posted
16-09-2024,01.12102.000.0000.000.3706008.00000.000,eHIS,HIS_COLLECTION,3094258 HIS_COLLECTION 3358005YT7JQCWYLTG43,500174242,Journal Import 2600363:,/DEPOSIT ADJUSTMENT/TRANSFER/REFUND,1,,,,,4022,0,Posted
16-09-2024,01.12102.000.0000.000.3706008.00000.000,eHIS,HIS_COLLECTION,3094258 HIS_COLLECTION 3358005YT7JQCWYLTG43,500174242,Journal Import 2600363:,/DEPOSIT ADJUSTMENT/TRANSFER/REFUND,2,,,,,0,4022,Posted
16-09-2024,01.12102.000.0000.000.3706008.00000.000,eHIS,HIS_COLLECTION,3094262 HIS_COLLECTION 3358005YT7JQCWYLTG43,500173777,Journal Import 2591655:,/CASH/RECEIPT,2,,,,,0,500,Posted
16-09-2024,01.12102.000.0000.000.3706008.00000.000,eHIS,HIS_COLLECTION,3094268 HIS_COLLECTION 3358005YT7JQCWYLTG43,500174033,Journal Import 2591655:,/CARD/RECEIPT,2,,,,,0,800,Posted
16-09-2024,01.12102.000.0000.000.3706008.00000.000,eHIS,HIS_COLLECTION,3094272 HIS_COLLECTION 3358005YT7JQCWYLTG43,500173778,Journal Import 2591655:,/CASH/RECEIPT,2,,,,,0,500,Posted
16-09-2024,01.12102.000.0000.000.3706008.00000.000,eHIS,HIS_COLLECTION,3094297 HIS_COLLECTION 3358005YT7JQCWYLTG43,500173886,Journal Import 2591655:,/CARD/RECEIPT,2,,,,,0,500,Posted
16-09-2024,01.12102.000.0000.000.3706008.00000.000,eHIS,HIS_COLLECTION,3094307 HIS_COLLECTION 3358005YT7JQCWYLTG43,500173825,Journal Import 2591655:,/EFT/RECEIPT,2,,,,,0,375,Posted
16-09-2024,01.12102.000.0000.000.3706008.00000.000,eHIS,HIS_COLLECTION,3094329 HIS_COLLECTION 3358005YT7JQCWYLTG43,500174034,Journal Import 2591655:,/EFT/RECEIPT,2,,,,,0,800,Posted
16-09-2024,01.12102.000.0000.000.3706008.00000.000,eHIS,HIS_COLLECTION,3094332 HIS_COLLECTION 3358005YT7JQCWYLTG43,500173792,Journal Import 2591655:,/EFT/RECEIPT,2,,,,,0,16100,Posted
16-09-2024,01.12102.000.0000.000.3706008.00000.000,eHIS,HIS_COLLECTION,3094340 HIS_COLLECTION 3358005YT7JQCWYLTG43,500174009,Journal Import 2591655:,/CASH/RECEIPT,2,,,,,0,800,Posted
16-09-2024,01.12102.000.0000.000.3706008.00000.000,eHIS,HIS_COLLECTION,3094348 HIS_COLLECTION 3358005YT7JQCWYLTG43,500174010,Journal Import 2591655:,/CASH/RECEIPT,2,,,,,0,800,Posted
16-09-2024,01.12102.000.0000.000.3706008.00000.000,eHIS,HIS_COLLECTION,3094352 HIS_COLLECTION 3358005YT7JQCWYLTG43,500174035,Journal Import 2591655:,/EFT/RECEIPT,2,,,,,0,800,Posted
16-09-2024,01.12102.000.0000.000.3706008.00000.000,eHIS,HIS_COLLECTION,3094354 HIS_COLLECTION 3358005YT7JQCWYLTG43,500173887,Journal Import 2591655:,/EFT/RECEIPT,2,,,,,0,500,Posted
16-09-2024,01.12102.000.0000.000.3706008.00000.000,eHIS,HIS_COLLECTION,3094360 HIS_COLLECTION 3358005YT7JQCWYLTG43,500173774,Journal Import 2591655:,/CASH/RECEIPT,2,,,,,0,450,Posted
16-09-2024,01.12102.000.0000.000.3706008.00000.000,eHIS,HIS_COLLECTION,3094376 HIS_COLLECTION 3358005YT7JQCWYLTG43,500173888,Journal Import 2591655:,/EFT/RECEIPT,2,,,,,0,500,Posted
16-09-2024,01.12102.000.0000.000.3706008.00000.000,eHIS,HIS_COLLECTION,3094378 HIS_COLLECTION 3358005YT7JQCWYLTG43,500173752,Journal Import 2591655:,/CASH/RECEIPT,2,,,,,0,1100,Posted
16-09-2024,01.12102.000.0000.000.3706008.00000.000,eHIS,HIS_COLLECTION,3094388 HIS_COLLECTION 3358005YT7JQCWYLTG43,500173961,Journal Import 2591655:,/EFT/RECEIPT,2,,,,,0,600,Posted
16-09-2024,01.12102.000.0000.000.3706008.00000.000,eHIS,HIS_COLLECTION,3094396 HIS_COLLECTION 3358005YT7JQCWYLTG43,500174229,Journal Import 2591655:,/CASH/RECEIPT,2,,,,,0,300,Posted
16-09-2024,01.12102.000.0000.000.3706008.00000.000,eHIS,HIS_COLLECTION,3094408 HIS_COLLECTION 3358005YT7JQCWYLTG43,500173779,Journal Import 2591655:,/CASH/RECEIPT,2,,,,,0,500,Posted
16-09-2024,01.12102.000.0000.000.3706008.00000.000,eHIS,HIS_COLLECTION,3094410 HIS_COLLECTION 3358005YT7JQCWYLTG43,500173931,Journal Import 2591655:,/CASH/RECEIPT,2,,,,,0,700,Posted
16-09-2024,01.12102.000.0000.000.3706008.00000.000,eHIS,HIS_COLLECTION,3094412 HIS_COLLECTION 3358005YT7JQCWYLTG43,500173966,Journal Import 2591655:,/EFT/RECEIPT,2,,,,,0,2180,Posted
16-09-2024,01.12102.000.0000.000.3706008.00000.000,eHIS,HIS_COLLECTION,3094424 HIS_COLLECTION 3358005YT7JQCWYLTG43,500174036,Journal Import 2591655:,/EFT/RECEIPT,2,,,,,0,800,Posted
16-09-2024,01.12102.000.0000.000.3706008.00000.000,eHIS,HIS_COLLECTION,3094426 HIS_COLLECTION 3358005YT7JQCWYLTG43,500173753,Journal Import 2591655:,/CASH/RECEIPT,2,,,,,0,1100,Posted
16-09-2024,01.12102.000.0000.000.3706008.00000.000,eHIS,HIS_COLLECTION,3094438 HIS_COLLECTION 3358005YT7JQCWYLTG43,500174011,Journal Import 2591655:,/CASH/RECEIPT,2,,,,,0,800,Posted
16-09-2024,01.12102.000.0000.000.3706008.00000.000,eHIS,HIS_COLLECTION,3094440 HIS_COLLECTION 3358005YT7JQCWYLTG43,500173889,Journal Import 2591655:,/EFT/RECEIPT,2,,,,,0,500,Posted
16-09-2024,01.12102.000.0000.000.3706008.00000.000,eHIS,HIS_COLLECTION,3094448 HIS_COLLECTION 3358005YT7JQCWYLTG43,500173890,Journal Import 2591655:,/EFT/RECEIPT,2,,,,,0,500,Posted
16-09-2024,01.12102.000.0000.000.3706008.00000.000,eHIS,HIS_COLLECTION,3094456 HIS_COLLECTION 3358005YT7JQCWYLTG43,500173780,Journal Import 2591655:,/CASH/RECEIPT,2,,,,,0,500,Posted
16-09-2024,01.12102.000.0000.000.3706008.00000.000,eHIS,HIS_COLLECTION,3094461 HIS_COLLECTION 3358005YT7JQCWYLTG43,500173891,Journal Import 2591655:,/EFT/RECEIPT,2,,,,,0,500,Posted
16-09-2024,01.12102.000.0000.000.3706008.00000.000,eHIS,HIS_COLLECTION,3094467 HIS_COLLECTION 3358005YT7JQCWYLTG43,500174130,Journal Import 2591655:,/CARD/RECEIPT,2,,,,,0,5700,Posted
16-09-2024,01.12102.000.0000.000.3706008.00000.000,eHIS,HIS_COLLECTION,3094488 HIS_COLLECTION 3358005YT7JQCWYLTG43,500174099,Journal Import 2591655:,/CARD/RECEIPT,2,,,,,0,4725,Posted
16-09-2024,01.12102.000.0000.000.3706008.00000.000,eHIS,HIS_COLLECTION,3094490 HIS_COLLECTION 3358005YT7JQCWYLTG43,500173912,Journal Import 2591655:,/CASH/RECEIPT,2,,,,,0,600,Posted
16-09-2024,01.12102.000.0000.000.3706008.00000.000,eHIS,HIS_COLLECTION,3094492 HIS_COLLECTION 3358005YT7JQCWYLTG43,500174160,Journal Import 2591655:,/EFT/RECEIPT,2,,,,,0,900,Posted
16-09-2024,01.12102.000.0000.000.3706008.00000.000,eHIS,HIS_COLLECTION,3094506 HIS_COLLECTION 3358005YT7JQCWYLTG43,500173788,Journal Import 2591655:,/EFT/RECEIPT,2,,,,,0,250,Posted
16-09-2024,01.12102.000.0000.000.3706008.00000.000,eHIS,HIS_COLLECTION,3094508 HIS_COLLECTION 3358005YT7JQCWYLTG43,500174037,Journal Import 2591655:,/EFT/RECEIPT,2,,,,,0,800,Posted
16-09-2024,01.12102.000.0000.000.3706008.00000.000,eHIS,HIS_COLLECTION,3094516 HIS_COLLECTION 3358005YT7JQCWYLTG43,500174012,Journal Import 2591655:,/CASH/RECEIPT,2,,,,,0,800,Posted
16-09-2024,01.12102.000.0000.000.3706008.00000.000,eHIS,HIS_COLLECTION,3094522 HIS_COLLECTION 3358005YT7JQCWYLTG43,500174013,Journal Import 2591655:,/CASH/RECEIPT,2,,,,,0,800,Posted
16-09-2024,01.12102.000.0000.000.3706008.00000.000,eHIS,HIS_COLLECTION,3094528 HIS_COLLECTION 3358005YT7JQCWYLTG43,500173855,Journal Import 2591655:,/EFT/RECEIPT,2,,,,,0,400,Posted
16-09-2024,01.12102.000.0000.000.3706008.00000.000,eHIS,HIS_COLLECTION,3094530 HIS_COLLECTION 3358005YT7JQCWYLTG43,500174014,Journal Import 2591655:,/CASH/RECEIPT,2,,,,,0,800,Posted
16-09-2024,01.12102.000.0000.000.3706008.00000.000,eHIS,HIS_COLLECTION,3094545 HIS_COLLECTION 3358005YT7JQCWYLTG43,500173935,Journal Import 2591655:,/CASH/RECEIPT,2,,,,,0,2400,Posted
16-09-2024,01.12102.000.0000.000.3706008.00000.000,eHIS,HIS_COLLECTION,3094547 HIS_COLLECTION 3358005YT7JQCWYLTG43,500174053,Journal Import 2591655:,/CASH/RECEIPT,2,,,,,0,99,Posted
16-09-2024,01.12102.000.0000.000.3706008.00000.000,eHIS,HIS_COLLECTION,3094549 HIS_COLLECTION 3358005YT7JQCWYLTG43,500174056,Journal Import 2591655:,/EFT/RECEIPT,2,,,,,0,800,Posted
17-09-2024,01.12102.000.0000.000.3706008.00000.000,eHIS,HIS_COLLECTION,3094555 HIS_COLLECTION 3358005YT7JQCWYLTG43,500174289,Journal Import 2599930:,/EFT/RECEIPT,2,,,,,0,350,Posted
16-09-2024,01.12102.000.0000.000.3706008.00000.000,eHIS,HIS_COLLECTION,3094565 HIS_COLLECTION 3358005YT7JQCWYLTG43,500173814,Journal Import 2591655:,/CASH/RECEIPT,2,,,,,0,500,Posted
16-09-2024,01.12102.000.0000.000.3706008.00000.000,eHIS,HIS_COLLECTION,3094571 HIS_COLLECTION 3358005YT7JQCWYLTG43,500173932,Journal Import 2591655:,/CASH/RECEIPT,2,,,,,0,700,Posted
16-09-2024,01.12102.000.0000.000.3706008.00000.000,eHIS,HIS_COLLECTION,3094575 HIS_COLLECTION 3358005YT7JQCWYLTG43,500173815,Journal Import 2591655:,/CASH/RECEIPT,2,,,,,0,500,Posted
16-09-2024,01.12102.000.0000.000.3706008.00000.000,eHIS,HIS_COLLECTION,3094587 HIS_COLLECTION 3358005YT7JQCWYLTG43,500174158,Journal Import 2591655:,/CASH/REFUND,2,,,,,4725,0,Posted
16-09-2024,01.12102.000.0000.000.3706008.00000.000,eHIS,HIS_COLLECTION,3094591 HIS_COLLECTION 3358005YT7JQCWYLTG43,500173784,Journal Import 2591655:,/CASH/RECEIPT,2,,,,,0,1200,Posted
16-09-2024,01.12102.000.0000.000.3706008.00000.000,eHIS,HIS_COLLECTION,3094596 HIS_COLLECTION 3358005YT7JQCWYLTG43,500173816,Journal Import 2591655:,/CASH/RECEIPT,2,,,,,0,500,Posted
16-09-2024,01.12102.000.0000.000.3706008.00000.000,eHIS,HIS_COLLECTION,3094598 HIS_COLLECTION 3358005YT7JQCWYLTG43,500174230,Journal Import 2591655:,/EFT/RECEIPT,2,,,,,0,100,Posted
16-09-2024,01.12102.000.0000.000.3706008.00000.000,eHIS,HIS_COLLECTION,3094606 HIS_COLLECTION 3358005YT7JQCWYLTG43,500173817,Journal Import 2591655:,/CASH/RECEIPT,2,,,,,0,500,Posted
16-09-2024,01.12102.000.0000.000.3706008.00000.000,eHIS,HIS_COLLECTION,3094608 HIS_COLLECTION 3358005YT7JQCWYLTG43,500173994,Journal Import 2591655:,/CASH/RECEIPT,2,,,,,0,4725,Posted
16-09-2024,01.12102.000.0000.000.3706008.00000.000,eHIS,HIS_COLLECTION,3094609 HIS_COLLECTION 3358005YT7JQCWYLTG43,500173860,Journal Import 2591655:,/CARD/RECEIPT,2,,,,,0,475,Posted
16-09-2024,01.12102.000.0000.000.3706008.00000.000,eHIS,HIS_COLLECTION,3094611 HIS_COLLECTION 3358005YT7JQCWYLTG43,500174214,Journal Import 2591655:,/EFT/RECEIPT,2,,,,,0,7300,Posted
16-09-2024,01.12102.000.0000.000.3706008.00000.000,eHIS,HIS_COLLECTION,3094617 HIS_COLLECTION 3358005YT7JQCWYLTG43,500173987,Journal Import 2591655:,/CASH/RECEIPT,2,,,,,0,750,Posted
16-09-2024,01.12102.000.0000.000.3706008.00000.000,eHIS,HIS_COLLECTION,3094623 HIS_COLLECTION 3358005YT7JQCWYLTG43,500174205,Journal Import 2591655:,/CASH/RECEIPT,2,,,,,0,1000,Posted
16-09-2024,01.12102.000.0000.000.3706008.00000.000,eHIS,HIS_COLLECTION,3094634 HIS_COLLECTION 3358005YT7JQCWYLTG43,500174121,Journal Import 2591655:,/CASH/RECEIPT,2,,,,,0,900,Posted
16-09-2024,01.12102.000.0000.000.3706008.00000.000,eHIS,HIS_COLLECTION,3094647 HIS_COLLECTION 3358005YT7JQCWYLTG43,500173898,Journal Import 2591655:,/CARD/RECEIPT,2,,,,,0,1700,Posted
17-09-2024,01.12102.000.0000.000.3706008.00000.000,eHIS,HIS_COLLECTION,3094649 HIS_COLLECTION 3358005YT7JQCWYLTG43,500174294,Journal Import 2599930:,/EFT/RECEIPT,2,,,,,0,1080,Posted
16-09-2024,01.12102.000.0000.000.3706008.00000.000,eHIS,HIS_COLLECTION,3094651 HIS_COLLECTION 3358005YT7JQCWYLTG43,500174092,Journal Import 2591655:,/CASH/RECEIPT,2,,,,,0,100,Posted
16-09-2024,01.12102.000.0000.000.3706008.00000.000,eHIS,HIS_COLLECTION,3094653 HIS_COLLECTION 3358005YT7JQCWYLTG43,500173757,Journal Import 2591655:,/CARD/RECEIPT,2,,,,,0,1100,Posted
16-09-2024,01.12102.000.0000.000.3706008.00000.000,eHIS,HIS_COLLECTION,3094662 HIS_COLLECTION 3358005YT7JQCWYLTG43,500174015,Journal Import 2591655:,/CASH/RECEIPT,2,,,,,0,800,Posted
16-09-2024,01.12102.000.0000.000.3706008.00000.000,eHIS,HIS_COLLECTION,3094669 HIS_COLLECTION 3358005YT7JQCWYLTG43,500174122,Journal Import 2591655:,/CASH/RECEIPT,2,,,,,0,900,Posted
16-09-2024,01.12102.000.0000.000.3706008.00000.000,eHIS,HIS_COLLECTION,3094677 HIS_COLLECTION 3358005YT7JQCWYLTG43,500174021,Journal Import 2591655:,/CASH/RECEIPT,2,,,,,0,5800,Posted
16-09-2024,01.12102.000.0000.000.3706008.00000.000,eHIS,HIS_COLLECTION,3094687 HIS_COLLECTION 3358005YT7JQCWYLTG43,500173933,Journal Import 2591655:,/CASH/RECEIPT,2,,,,,0,700,Posted
16-09-2024,01.12102.000.0000.000.3706008.00000.000,eHIS,HIS_COLLECTION,3094690 HIS_COLLECTION 3358005YT7JQCWYLTG43,500173748,Journal Import 2591655:,/CASH/RECEIPT,2,,,,,0,400,Posted
16-09-2024,01.12102.000.0000.000.3706008.00000.000,eHIS,HIS_COLLECTION,3094693 HIS_COLLECTION 3358005YT7JQCWYLTG43,500173892,Journal Import 2591655:,/EFT/RECEIPT,2,,,,,0,500,Posted
16-09-2024,01.12102.000.0000.000.3706008.00000.000,eHIS,HIS_COLLECTION,3094697 HIS_COLLECTION 3358005YT7JQCWYLTG43,500174202,Journal Import 2591655:,/CASH/RECEIPT,2,,,,,0,250,Posted
16-09-2024,01.12102.000.0000.000.3706008.00000.000,eHIS,HIS_COLLECTION,3094705 HIS_COLLECTION 3358005YT7JQCWYLTG43,500174231,Journal Import 2591655:,/EFT/RECEIPT,2,,,,,0,1000,Posted
16-09-2024,01.12102.000.0000.000.3706008.00000.000,eHIS,HIS_COLLECTION,3094707 HIS_COLLECTION 3358005YT7JQCWYLTG43,500174232,Journal Import 2591655:,/EFT/RECEIPT,2,,,,,0,1000,Posted
16-09-2024,01.12102.000.0000.000.3706008.00000.000,eHIS,HIS_COLLECTION,3094722 HIS_COLLECTION 3358005YT7JQCWYLTG43,500173818,Journal Import 2591655:,/CASH/RECEIPT,2,,,,,0,500,Posted
16-09-2024,01.12102.000.0000.000.3706008.00000.000,eHIS,HIS_COLLECTION,3094730 HIS_COLLECTION 3358005YT7JQCWYLTG43,500173822,Journal Import 2591655:,/CASH/RECEIPT,2,,,,,0,1300,Posted
16-09-2024,01.12102.000.0000.000.3706008.00000.000,eHIS,HIS_COLLECTION,3094749 HIS_COLLECTION 3358005YT7JQCWYLTG43,500173916,Journal Import 2591655:,/CARD/RECEIPT,2,,,,,0,1850,Posted
16-09-2024,01.12102.000.0000.000.3706008.00000.000,eHIS,HIS_COLLECTION,3094755 HIS_COLLECTION 3358005YT7JQCWYLTG43,500174057,Journal Import 2591655:,/CARD/RECEIPT,2,,,,,0,800,Posted
16-09-2024,01.12102.000.0000.000.3706008.00000.000,eHIS,HIS_COLLECTION,3094764 HIS_COLLECTION 3358005YT7JQCWYLTG43,500173819,Journal Import 2591655:,/CASH/RECEIPT,2,,,,,0,500,Posted
16-09-2024,01.12102.000.0000.000.3706008.00000.000,eHIS,HIS_COLLECTION,3094768 HIS_COLLECTION 3358005YT7JQCWYLTG43,500174203,Journal Import 2591655:,/CASH/RECEIPT,2,,,,,0,250,Posted
16-09-2024,01.12102.000.0000.000.3706008.00000.000,eHIS,HIS_COLLECTION,3094774 HIS_COLLECTION 3358005YT7JQCWYLTG43,500174233,Journal Import 2591655:,/EFT/RECEIPT,2,,,,,0,1000,Posted
16-09-2024,01.12102.000.0000.000.3706008.00000.000,eHIS,HIS_COLLECTION,3094789 HIS_COLLECTION 3358005YT7JQCWYLTG43,500173962,Journal Import 2591655:,/EFT/RECEIPT,2,,,,,0,600,Posted
16-09-2024,01.12102.000.0000.000.3706008.00000.000,eHIS,HIS_COLLECTION,3094791 HIS_COLLECTION 3358005YT7JQCWYLTG43,500173758,Journal Import 2591655:,/EFT/RECEIPT,2,,,,,0,1100,Posted
16-09-2024,01.12102.000.0000.000.3706008.00000.000,eHIS,HIS_COLLECTION,3094799 HIS_COLLECTION 3358005YT7JQCWYLTG43,500173988,Journal Import 2591655:,/CASH/RECEIPT,2,,,,,0,750,Posted
16-09-2024,01.12102.000.0000.000.3706008.00000.000,eHIS,HIS_COLLECTION,3094801 HIS_COLLECTION 3358005YT7JQCWYLTG43,500174206,Journal Import 2591655:,/CASH/RECEIPT,2,,,,,0,1000,Posted
16-09-2024,01.12102.000.0000.000.3706008.00000.000,eHIS,HIS_COLLECTION,3094805 HIS_COLLECTION 3358005YT7JQCWYLTG43,500174234,Journal Import 2591655:,/EFT/RECEIPT,2,,,,,0,1000,Posted
16-09-2024,01.12102.000.0000.000.3706008.00000.000,eHIS,HIS_COLLECTION,3094807 HIS_COLLECTION 3358005YT7JQCWYLTG43,500173756,Journal Import 2591655:,/CARD/RECEIPT,2,,,,,0,200,Posted
16-09-2024,01.12102.000.0000.000.3706008.00000.000,eHIS,HIS_COLLECTION,3094820 HIS_COLLECTION 3358005YT7JQCWYLTG43,500174016,Journal Import 2591655:,/CASH/RECEIPT,2,,,,,0,800,Posted
16-09-2024,01.12102.000.0000.000.3706008.00000.000,eHIS,HIS_COLLECTION,3094824 HIS_COLLECTION 3358005YT7JQCWYLTG43,500174017,Journal Import 2591655:,/CASH/RECEIPT,2,,,,,0,800,Posted
16-09-2024,01.12102.000.0000.000.3706008.00000.000,eHIS,HIS_COLLECTION,3094835 HIS_COLLECTION 3358005YT7JQCWYLTG43,500173967,Journal Import 2591655:,/EFT/RECEIPT,2,,,,,0,2250,Posted
16-09-2024,01.12102.000.0000.000.3706008.00000.000,eHIS,HIS_COLLECTION,3094839 HIS_COLLECTION 3358005YT7JQCWYLTG43,500173859,Journal Import 2591655:,/EFT/RECEIPT,2,,,,,0,450,Posted
16-09-2024,01.12102.000.0000.000.3706008.00000.000,eHIS,HIS_COLLECTION,3094847 HIS_COLLECTION 3358005YT7JQCWYLTG43,500174123,Journal Import 2591655:,/CASH/RECEIPT,2,,,,,0,900,Posted
16-09-2024,01.12102.000.0000.000.3706008.00000.000,eHIS,HIS_COLLECTION,3094868 HIS_COLLECTION 3358005YT7JQCWYLTG43,500174207,Journal Import 2591655:,/CASH/RECEIPT,2,,,,,0,1000,Posted
16-09-2024,01.12102.000.0000.000.3706008.00000.000,eHIS,HIS_COLLECTION,3094870 HIS_COLLECTION 3358005YT7JQCWYLTG43,500174208,Journal Import 2591655:,/CASH/RECEIPT,2,,,,,0,1000,Posted
16-09-2024,01.12102.000.0000.000.3706008.00000.000,eHIS,HIS_COLLECTION,3094882 HIS_COLLECTION 3358005YT7JQCWYLTG43,500174058,Journal Import 2591655:,/EFT/RECEIPT,2,,,,,0,800,Posted
16-09-2024,01.12102.000.0000.000.3706008.00000.000,eHIS,HIS_COLLECTION,3094889 HIS_COLLECTION 3358005YT7JQCWYLTG43,500174124,Journal Import 2591655:,/CASH/RECEIPT,2,,,,,0,900,Posted
16-09-2024,01.12102.000.0000.000.3706008.00000.000,eHIS,HIS_COLLECTION,3094902 HIS_COLLECTION 3358005YT7JQCWYLTG43,500174103,Journal Import 2591655:,/EFT/RECEIPT,2,,,,,0,5000,Posted
16-09-2024,01.12102.000.0000.000.3706008.00000.000,eHIS,HIS_COLLECTION,3094906 HIS_COLLECTION 3358005YT7JQCWYLTG43,500174059,Journal Import 2591655:,/CARD/RECEIPT,2,,,,,0,800,Posted
16-09-2024,01.12102.000.0000.000.3706008.00000.000,eHIS,HIS_COLLECTION,3094914 HIS_COLLECTION 3358005YT7JQCWYLTG43,500174093,Journal Import 2591655:,/CASH/RECEIPT,2,,,,,0,100,Posted
16-09-2024,01.12102.000.0000.000.3706008.00000.000,eHIS,HIS_COLLECTION,3094917 HIS_COLLECTION 3358005YT7JQCWYLTG43,500173827,Journal Import 2591655:,/EFT/RECEIPT,2,,,,,0,1200,Posted
16-09-2024,01.12102.000.0000.000.3706008.00000.000,eHIS,HIS_COLLECTION,3094933 HIS_COLLECTION 3358005YT7JQCWYLTG43,500174209,Journal Import 2591655:,/CASH/RECEIPT,2,,,,,0,1000,Posted
16-09-2024,01.12102.000.0000.000.3706008.00000.000,eHIS,HIS_COLLECTION,3094940 HIS_COLLECTION 3358005YT7JQCWYLTG43,500174060,Journal Import 2591655:,/EFT/RECEIPT,2,,,,,0,800,Posted
16-09-2024,01.12102.000.0000.000.3706008.00000.000,eHIS,HIS_COLLECTION,3094956 HIS_COLLECTION 3358005YT7JQCWYLTG43,500173853,Journal Import 2591655:,/EFT/RECEIPT,2,,,,,0,375,Posted
16-09-2024,01.12102.000.0000.000.3706008.00000.000,eHIS,HIS_COLLECTION,3094958 HIS_COLLECTION 3358005YT7JQCWYLTG43,500174094,Journal Import 2591655:,/CASH/RECEIPT,2,,,,,0,100,Posted
16-09-2024,01.12102.000.0000.000.3706008.00000.000,eHIS,HIS_COLLECTION,3094962 HIS_COLLECTION 3358005YT7JQCWYLTG43,500173754,Journal Import 2591655:,/CASH/RECEIPT,2,,,,,0,1100,Posted
16-09-2024,01.12102.000.0000.000.3706008.00000.000,eHIS,HIS_COLLECTION,3094983 HIS_COLLECTION 3358005YT7JQCWYLTG43,500173759,Journal Import 2591655:,/CARD/RECEIPT,2,,,,,0,1100,Posted
16-09-2024,01.12102.000.0000.000.3706008.00000.000,eHIS,HIS_COLLECTION,3094986 HIS_COLLECTION 3358005YT7JQCWYLTG43,500174018,Journal Import 2591655:,/CASH/RECEIPT,2,,,,,0,800,Posted
16-09-2024,01.12102.000.0000.000.3706008.00000.000,eHIS,HIS_COLLECTION,3094995 HIS_COLLECTION 3358005YT7JQCWYLTG43,500173893,Journal Import 2591655:,/EFT/RECEIPT,2,,,,,0,500,Posted
16-09-2024,01.12102.000.0000.000.3706008.00000.000,eHIS,HIS_COLLECTION,3094997 HIS_COLLECTION 3358005YT7JQCWYLTG43,500173823,Journal Import 2591655:,/CASH/RECEIPT,2,,,,,0,1300,Posted
16-09-2024,01.12102.000.0000.000.3706008.00000.000,eHIS,HIS_COLLECTION,3095007 HIS_COLLECTION 3358005YT7JQCWYLTG43,500173894,Journal Import 2591655:,/EFT/RECEIPT,2,,,,,0,500,Posted
16-09-2024,01.12102.000.0000.000.3706008.00000.000,eHIS,HIS_COLLECTION,3095016 HIS_COLLECTION 3358005YT7JQCWYLTG43,500173895,Journal Import 2591655:,/CARD/RECEIPT,2,,,,,0,500,Posted
17-09-2024,01.12102.000.0000.000.3706008.00000.000,eHIS,HIS_COLLECTION,3095018 HIS_COLLECTION 3358005YT7JQCWYLTG43,500174292,Journal Import 2599930:,/EFT/RECEIPT,2,,,,,0,450,Posted
16-09-2024,01.12102.000.0000.000.3706008.00000.000,eHIS,HIS_COLLECTION,3095020 HIS_COLLECTION 3358005YT7JQCWYLTG43,500173880,Journal Import 2591655:,/CASH/RECEIPT,2,,,,,0,1850,Posted
16-09-2024,01.12102.000.0000.000.3706008.00000.000,eHIS,HIS_COLLECTION,3095028 HIS_COLLECTION 3358005YT7JQCWYLTG43,500173785,Journal Import 2591655:,/CASH/RECEIPT,2,,,,,0,1200,Posted
16-09-2024,01.12102.000.0000.000.3706008.00000.000,eHIS,HIS_COLLECTION,3095030 HIS_COLLECTION 3358005YT7JQCWYLTG43,500173881,Journal Import 2591655:,/CASH/RECEIPT,2,,,,,0,1850,Posted
16-09-2024,01.12102.000.0000.000.3706008.00000.000,eHIS,HIS_COLLECTION,3095032 HIS_COLLECTION 3358005YT7JQCWYLTG43,500173854,Journal Import 2591655:,/EFT/RECEIPT,2,,,,,0,375,Posted
16-09-2024,01.12102.000.0000.000.3706008.00000.000,eHIS,HIS_COLLECTION,3095038 HIS_COLLECTION 3358005YT7JQCWYLTG43,500174235,Journal Import 2591655:,/EFT/RECEIPT,2,,,,,0,1000,Posted
16-09-2024,01.12102.000.0000.000.3706008.00000.000,eHIS,HIS_COLLECTION,3095040 HIS_COLLECTION 3358005YT7JQCWYLTG43,500173820,Journal Import 2591655:,/CASH/RECEIPT,2,,,,,0,500,Posted
16-09-2024,01.12102.000.0000.000.3706008.00000.000,eHIS,HIS_COLLECTION,3095042 HIS_COLLECTION 3358005YT7JQCWYLTG43,500174019,Journal Import 2591655:,/CASH/RECEIPT,2,,,,,0,800,Posted
16-09-2024,01.12102.000.0000.000.3706008.00000.000,eHIS,HIS_COLLECTION,3095044 HIS_COLLECTION 3358005YT7JQCWYLTG43,500174129,Journal Import 2591655:,/EFT/RECEIPT,2,,,,,0,5350,Posted
16-09-2024,01.12102.000.0000.000.3706008.00000.000,eHIS,HIS_COLLECTION,3095046 HIS_COLLECTION 3358005YT7JQCWYLTG43,500173856,Journal Import 2591655:,/EFT/RECEIPT,2,,,,,0,400,Posted
16-09-2024,01.12102.000.0000.000.3706008.00000.000,eHIS,HIS_COLLECTION,3095048 HIS_COLLECTION 3358005YT7JQCWYLTG43,500173789,Journal Import 2591655:,/CARD/RECEIPT,2,,,,,0,1100,Posted
16-09-2024,01.12102.000.0000.000.3706008.00000.000,eHIS,HIS_COLLECTION,3095050 HIS_COLLECTION 3358005YT7JQCWYLTG43,500174065,Journal Import 2591655:,/EFT/RECEIPT,2,,,,,0,4000,Posted
16-09-2024,01.12102.000.0000.000.3706008.00000.000,eHIS,HIS_COLLECTION,3095061 HIS_COLLECTION 3358005YT7JQCWYLTG43,500174161,Journal Import 2591655:,/CARD/RECEIPT,2,,,,,0,900,Posted
16-09-2024,01.12102.000.0000.000.3706008.00000.000,eHIS,HIS_COLLECTION,3095064 HIS_COLLECTION 3358005YT7JQCWYLTG43,500174126,Journal Import 2591655:,/CASH/REFUND,2,,,,,500,0,Posted
16-09-2024,01.12102.000.0000.000.3706008.00000.000,eHIS,HIS_COLLECTION,3095073 HIS_COLLECTION 3358005YT7JQCWYLTG43,500174162,Journal Import 2591655:,/EFT/RECEIPT,2,,,,,0,900,Posted
16-09-2024,01.12102.000.0000.000.3706008.00000.000,eHIS,HIS_COLLECTION,3095077 HIS_COLLECTION 3358005YT7JQCWYLTG43,500174061,Journal Import 2591655:,/EFT/RECEIPT,2,,,,,0,800,Posted
16-09-2024,01.12102.000.0000.000.3706008.00000.000,eHIS,HIS_COLLECTION,3095080 HIS_COLLECTION 3358005YT7JQCWYLTG43,500173929,Journal Import 2591655:,/CASH/RECEIPT,2,,,,,0,650,Posted
16-09-2024,01.12102.000.0000.000.3706008.00000.000,eHIS,HIS_COLLECTION,3095084 HIS_COLLECTION 3358005YT7JQCWYLTG43,500173824,Journal Import 2591655:,/CARD/RECEIPT,2,,,,,0,350,Posted
16-09-2024,01.12102.000.0000.000.3706008.00000.000,eHIS,HIS_COLLECTION,3095093 HIS_COLLECTION 3358005YT7JQCWYLTG43,500174201,Journal Import 2591655:,/CASH/RECEIPT,2,,,,,0,200,Posted
16-09-2024,01.12102.000.0000.000.3706008.00000.000,eHIS,HIS_COLLECTION,3095100 HIS_COLLECTION 3358005YT7JQCWYLTG43,500173749,Journal Import 2591655:,/CASH/RECEIPT,2,,,,,0,400,Posted
16-09-2024,01.12102.000.0000.000.3706008.00000.000,eHIS,HIS_COLLECTION,3095103 HIS_COLLECTION 3358005YT7JQCWYLTG43,500174062,Journal Import 2591655:,/EFT/RECEIPT,2,,,,,0,800,Posted
16-09-2024,01.12102.000.0000.000.3706008.00000.000,eHIS,HIS_COLLECTION,3095125 HIS_COLLECTION 3358005YT7JQCWYLTG43,500173917,Journal Import 2591655:,/CARD/RECEIPT,2,,,,,0,1850,Posted
16-09-2024,01.12102.000.0000.000.3706008.00000.000,eHIS,HIS_COLLECTION,3095127 HIS_COLLECTION 3358005YT7JQCWYLTG43,500174067,Journal Import 2591655:,/CARD/RECEIPT,2,,,,,0,4450,Posted
16-09-2024,01.12102.000.0000.000.3706008.00000.000,eHIS,HIS_COLLECTION,3095133 HIS_COLLECTION 3358005YT7JQCWYLTG43,500173969,Journal Import 2591655:,/EFT/RECEIPT,2,,,,,0,2300,Posted
16-09-2024,01.12102.000.0000.000.3706008.00000.000,eHIS,HIS_COLLECTION,3095135 HIS_COLLECTION 3358005YT7JQCWYLTG43,500173755,Journal Import 2591655:,/CARD/RECEIPT,2,,,,,0,105,Posted
16-09-2024,01.12102.000.0000.000.3706008.00000.000,eHIS,HIS_COLLECTION,3095141 HIS_COLLECTION 3358005YT7JQCWYLTG43,500174063,Journal Import 2591655:,/CARD/RECEIPT,2,,,,,0,800,Posted
16-09-2024,01.12102.000.0000.000.3706008.00000.000,eHIS,HIS_COLLECTION,3095143 HIS_COLLECTION 3358005YT7JQCWYLTG43,500173786,Journal Import 2591655:,/CASH/RECEIPT,2,,,,,0,1200,Posted
17-09-2024,01.12102.000.0000.000.3706008.00000.000,eHIS,HIS_COLLECTION,3095150 HIS_COLLECTION 3358005YT7JQCWYLTG43,500174290,Journal Import 2599930:,/EFT/RECEIPT,2,,,,,0,350,Posted
16-09-2024,01.12102.000.0000.000.3706008.00000.000,eHIS,HIS_COLLECTION,3095154 HIS_COLLECTION 3358005YT7JQCWYLTG43,500173914,Journal Import 2591655:,/EFT/RECEIPT,2,,,,,0,1800,Posted
16-09-2024,01.12102.000.0000.000.3706008.00000.000,eHIS,HIS_COLLECTION,3095156 HIS_COLLECTION 3358005YT7JQCWYLTG43,500173918,Journal Import 2591655:,/EFT/RECEIPT,2,,,,,0,1850,Posted
16-09-2024,01.12102.000.0000.000.3706008.00000.000,eHIS,HIS_COLLECTION,3095165 HIS_COLLECTION 3358005YT7JQCWYLTG43,500173821,Journal Import 2591655:,/CASH/RECEIPT,2,,,,,0,500,Posted
16-09-2024,01.12102.000.0000.000.3706008.00000.000,eHIS,HIS_COLLECTION,3095166 HIS_COLLECTION 3358005YT7JQCWYLTG43,500173897,Journal Import 2591655:,/EFT/RECEIPT,2,,,,,0,1350,Posted
16-09-2024,01.12102.000.0000.000.3706008.00000.000,eHIS,HIS_COLLECTION,3095169 HIS_COLLECTION 3358005YT7JQCWYLTG43,500174236,Journal Import 2591655:,/EFT/RECEIPT,2,,,,,0,1000,Posted
16-09-2024,01.12102.000.0000.000.3706008.00000.000,eHIS,HIS_COLLECTION,3095175 HIS_COLLECTION 3358005YT7JQCWYLTG43,500173828,Journal Import 2591655:,/EFT/RECEIPT,2,,,,,0,1200,Posted
16-09-2024,01.12102.000.0000.000.3706008.00000.000,eHIS,HIS_COLLECTION,3095180 HIS_COLLECTION 3358005YT7JQCWYLTG43,500173919,Journal Import 2591655:,/EFT/RECEIPT,2,,,,,0,1850,Posted
16-09-2024,01.12102.000.0000.000.3706008.00000.000,eHIS,HIS_COLLECTION,3095191 HIS_COLLECTION 3358005YT7JQCWYLTG43,500173787,Journal Import 2591655:,/CARD/RECEIPT,2,,,,,0,210,Posted
16-09-2024,01.12102.000.0000.000.3706008.00000.000,eHIS,HIS_COLLECTION,3095209 HIS_COLLECTION 3358005YT7JQCWYLTG43,500174095,Journal Import 2591655:,/CASH/RECEIPT,2,,,,,0,100,Posted
16-09-2024,01.12102.000.0000.000.3706008.00000.000,eHIS,HIS_COLLECTION,3095214 HIS_COLLECTION 3358005YT7JQCWYLTG43,500173861,Journal Import 2591655:,/CARD/RECEIPT,2,,,,,0,483,Posted
16-09-2024,01.12102.000.0000.000.3706008.00000.000,eHIS,HIS_COLLECTION,3095222 HIS_COLLECTION 3358005YT7JQCWYLTG43,500174068,Journal Import 2591655:,/EFT/RECEIPT,2,,,,,0,4500,Posted
16-09-2024,01.12102.000.0000.000.3706008.00000.000,eHIS,HIS_COLLECTION,3095238 HIS_COLLECTION 3358005YT7JQCWYLTG43,500173896,Journal Import 2591655:,/EFT/RECEIPT,2,,,,,0,500,Posted
16-09-2024,01.12102.000.0000.000.3706008.00000.000,eHIS,HIS_COLLECTION,3095245 HIS_COLLECTION 3358005YT7JQCWYLTG43,500173920,Journal Import 2591655:,/CARD/RECEIPT,2,,,,,0,1850,Posted
17-09-2024,01.12102.000.0000.000.3706008.00000.000,eHIS,HIS_COLLECTION,3095288 HIS_COLLECTION 3358005YT7JQCWYLTG43,500174362,Journal Import 2591655:,/CARD/RECEIPT,2,,,,,0,6600,Posted
17-09-2024,01.12102.000.0000.000.3706008.00000.000,eHIS,HIS_COLLECTION,3095295 HIS_COLLECTION 3358005YT7JQCWYLTG43,500174406,Journal Import 2591655:,/EFT/RECEIPT,2,,,,,0,3500,Posted
17-09-2024,01.12102.000.0000.000.3706008.00000.000,eHIS,HIS_COLLECTION,3095314 HIS_COLLECTION 3358005YT7JQCWYLTG43,500174388,Journal Import 2591655:,/EFT/RECEIPT,2,,,,,0,2550,Posted
17-09-2024,01.12102.000.0000.000.3706008.00000.000,eHIS,HIS_COLLECTION,3095323 HIS_COLLECTION 3358005YT7JQCWYLTG43,500174280,Journal Import 2591655:,/EFT/RECEIPT,2,,,,,0,100,Posted
17-09-2024,01.12102.000.0000.000.3706008.00000.000,eHIS,HIS_COLLECTION,3095342 HIS_COLLECTION 3358005YT7JQCWYLTG43,500174553,Journal Import 2591655:,/CASH/RECEIPT,2,,,,,0,1850,Posted
17-09-2024,01.12102.000.0000.000.3706008.00000.000,eHIS,HIS_COLLECTION,3095353 HIS_COLLECTION 3358005YT7JQCWYLTG43,500174310,Journal Import 2591655:,/CASH/RECEIPT,2,,,,,0,100,Posted
17-09-2024,01.12102.000.0000.000.3706008.00000.000,eHIS,HIS_COLLECTION,3095358 HIS_COLLECTION 3358005YT7JQCWYLTG43,500174311,Journal Import 2591655:,/CASH/RECEIPT,2,,,,,0,100,Posted
17-09-2024,01.12102.000.0000.000.3706008.00000.000,eHIS,HIS_COLLECTION,3095360 HIS_COLLECTION 3358005YT7JQCWYLTG43,500174451,Journal Import 2591655:,/EFT/RECEIPT,2,,,,,0,1850,Posted
17-09-2024,01.12102.000.0000.000.3706008.00000.000,eHIS,HIS_COLLECTION,3095362 HIS_COLLECTION 3358005YT7JQCWYLTG43,500174275,Journal Import 2591655:,/CASH/RECEIPT,2,,,,,0,260,Posted
17-09-2024,01.12102.000.0000.000.3706008.00000.000,eHIS,HIS_COLLECTION,3095376 HIS_COLLECTION 3358005YT7JQCWYLTG43,500174312,Journal Import 2591655:,/CASH/RECEIPT,2,,,,,0,100,Posted
17-09-2024,01.12102.000.0000.000.3706008.00000.000,eHIS,HIS_COLLECTION,3095380 HIS_COLLECTION 3358005YT7JQCWYLTG43,500174313,Journal Import 2591655:,/CASH/RECEIPT,2,,,,,0,100,Posted
17-09-2024,01.12102.000.0000.000.3706008.00000.000,eHIS,HIS_COLLECTION,3095396 HIS_COLLECTION 3358005YT7JQCWYLTG43,500174314,Journal Import 2591655:,/CASH/RECEIPT,2,,,,,0,100,Posted
17-09-2024,01.12102.000.0000.000.3706008.00000.000,eHIS,HIS_COLLECTION,3095402 HIS_COLLECTION 3358005YT7JQCWYLTG43,500174508,Journal Import 2591655:,/CASH/RECEIPT,2,,,,,0,500,Posted
17-09-2024,01.12102.000.0000.000.3706008.00000.000,eHIS,HIS_COLLECTION,3095404 HIS_COLLECTION 3358005YT7JQCWYLTG43,500174386,Journal Import 2591655:,/EFT/RECEIPT,2,,,,,0,700,Posted
17-09-2024,01.12102.000.0000.000.3706008.00000.000,eHIS,HIS_COLLECTION,3095421 HIS_COLLECTION 3358005YT7JQCWYLTG43,500174315,Journal Import 2591655:,/CASH/RECEIPT,2,,,,,0,100,Posted
17-09-2024,01.12102.000.0000.000.3706008.00000.000,eHIS,HIS_COLLECTION,3095423 HIS_COLLECTION 3358005YT7JQCWYLTG43,500174613,Journal Import 2591655:,/EFT/RECEIPT,3,,,,,0,80,Posted
17-09-2024,01.12102.000.0000.000.3706008.00000.000,eHIS,HIS_COLLECTION,3095423 HIS_COLLECTION 3358005YT7JQCWYLTG43,500174613,Journal Import 2591655:,/CASH/RECEIPT,4,,,,,0,400,Posted
17-09-2024,01.12102.000.0000.000.3706008.00000.000,eHIS,HIS_COLLECTION,3095450 HIS_COLLECTION 3358005YT7JQCWYLTG43,500174450,Journal Import 2591655:,/CASH/RECEIPT,2,,,,,0,2200,Posted
17-09-2024,01.12102.000.0000.000.3706008.00000.000,eHIS,HIS_COLLECTION,3095458 HIS_COLLECTION 3358005YT7JQCWYLTG43,500174334,Journal Import 2591655:,/EFT/RECEIPT,2,,,,,0,5100,Posted
17-09-2024,01.12102.000.0000.000.3706008.00000.000,eHIS,HIS_COLLECTION,3095471 HIS_COLLECTION 3358005YT7JQCWYLTG43,500174335,Journal Import 2591655:,/EFT/RECEIPT,2,,,,,0,5100,Posted
18-09-2024,01.12102.000.0000.000.3706008.00000.000,eHIS,HIS_COLLECTION,3095473 HIS_COLLECTION 3358005YT7JQCWYLTG43,500174781,Journal Import 2599930:,/EFT/RECEIPT,2,,,,,0,3975,Posted
18-09-2024,01.12102.000.0000.000.3706008.00000.000,eHIS,HIS_COLLECTION,3095478 HIS_COLLECTION 3358005YT7JQCWYLTG43,500174782,Journal Import 2599930:,/EFT/RECEIPT,2,,,,,0,3975,Posted
17-09-2024,01.12102.000.0000.000.3706008.00000.000,eHIS,HIS_COLLECTION,3095481 HIS_COLLECTION 3358005YT7JQCWYLTG43,500174473,Journal Import 2591655:,/CASH/RECEIPT,2,,,,,0,3500,Posted
17-09-2024,01.12102.000.0000.000.3706008.00000.000,eHIS,HIS_COLLECTION,3095483 HIS_COLLECTION 3358005YT7JQCWYLTG43,500174452,Journal Import 2591655:,/EFT/RECEIPT,2,,,,,0,1850,Posted
17-09-2024,01.12102.000.0000.000.3706008.00000.000,eHIS,HIS_COLLECTION,3095486 HIS_COLLECTION 3358005YT7JQCWYLTG43,500174404,Journal Import 2591655:,/EFT/RECEIPT,2,,,,,0,3180,Posted
17-09-2024,01.12102.000.0000.000.3706008.00000.000,eHIS,HIS_COLLECTION,3095495 HIS_COLLECTION 3358005YT7JQCWYLTG43,500174407,Journal Import 2591655:,/EFT/RECEIPT,2,,,,,0,3500,Posted
17-09-2024,01.12102.000.0000.000.3706008.00000.000,eHIS,HIS_COLLECTION,3095497 HIS_COLLECTION 3358005YT7JQCWYLTG43,500174379,Journal Import 2591655:,/CASH/RECEIPT,2,,,,,0,4600,Posted
17-09-2024,01.12102.000.0000.000.3706008.00000.000,eHIS,HIS_COLLECTION,3095499 HIS_COLLECTION 3358005YT7JQCWYLTG43,500174433,Journal Import 2591655:,/EFT/RECEIPT,2,,,,,0,1650,Posted
18-09-2024,01.12102.000.0000.000.3706008.00000.000,eHIS,HIS_COLLECTION,3095501 HIS_COLLECTION 3358005YT7JQCWYLTG43,500174780,Journal Import 2599930:,/EFT/RECEIPT,2,,,,,0,3455,Posted
17-09-2024,01.12102.000.0000.000.3706008.00000.000,eHIS,HIS_COLLECTION,3095504 HIS_COLLECTION 3358005YT7JQCWYLTG43,500174405,Journal Import 2591655:,/EFT/RECEIPT,2,,,,,0,3300,Posted
18-09-2024,01.12102.000.0000.000.3706008.00000.000,eHIS,HIS_COLLECTION,3095518 HIS_COLLECTION 3358005YT7JQCWYLTG43,500174779,Journal Import 2599930:,/EFT/RECEIPT,2,,,,,0,2490,Posted
18-09-2024,01.12102.000.0000.000.3706008.00000.000,eHIS,HIS_COLLECTION,3095521 HIS_COLLECTION 3358005YT7JQCWYLTG43,500174773,Journal Import 2599930:,/EFT/RECEIPT,2,,,,,0,350,Posted
18-09-2024,01.12102.000.0000.000.3706008.00000.000,eHIS,HIS_COLLECTION,3095531 HIS_COLLECTION 3358005YT7JQCWYLTG43,500174777,Journal Import 2599930:,/EFT/RECEIPT,2,,,,,0,450,Posted
17-09-2024,01.12102.000.0000.000.3706008.00000.000,eHIS,HIS_COLLECTION,3095597 HIS_COLLECTION 3358005YT7JQCWYLTG43,500174509,Journal Import 2591655:,/CASH/RECEIPT,2,,,,,0,500,Posted
17-09-2024,01.12102.000.0000.000.3706008.00000.000,eHIS,HIS_COLLECTION,3095603 HIS_COLLECTION 3358005YT7JQCWYLTG43,500174377,Journal Import 2591655:,/CASH/RECEIPT,2,,,,,0,750,Posted
17-09-2024,01.12102.000.0000.000.3706008.00000.000,eHIS,HIS_COLLECTION,3095607 HIS_COLLECTION 3358005YT7JQCWYLTG43,500174516,Journal Import 2591655:,/CASH/RECEIPT,2,,,,,0,1300,Posted
17-09-2024,01.12102.000.0000.000.3706008.00000.000,eHIS,HIS_COLLECTION,3095614 HIS_COLLECTION 3358005YT7JQCWYLTG43,500174281,Journal Import 2591655:,/EFT/RECEIPT,2,,,,,0,100,Posted
17-09-2024,01.12102.000.0000.000.3706008.00000.000,eHIS,HIS_COLLECTION,3095624 HIS_COLLECTION 3358005YT7JQCWYLTG43,500174494,Journal Import 2591655:,/CARD/RECEIPT,2,,,,,0,1100,Posted
17-09-2024,01.12102.000.0000.000.3706008.00000.000,eHIS,HIS_COLLECTION,3095636 HIS_COLLECTION 3358005YT7JQCWYLTG43,500174555,Journal Import 2591655:,/EFT/RECEIPT,2,,,,,0,500,Posted
17-09-2024,01.12102.000.0000.000.3706008.00000.000,eHIS,HIS_COLLECTION,3095638 HIS_COLLECTION 3358005YT7JQCWYLTG43,500174602,Journal Import 2591655:,/CARD/RECEIPT,2,,,,,0,105,Posted
17-09-2024,01.12102.000.0000.000.3706008.00000.000,eHIS,HIS_COLLECTION,3095647 HIS_COLLECTION 3358005YT7JQCWYLTG43,500174510,Journal Import 2591655:,/CASH/RECEIPT,2,,,,,0,500,Posted
17-09-2024,01.12102.000.0000.000.3706008.00000.000,eHIS,HIS_COLLECTION,3095649 HIS_COLLECTION 3358005YT7JQCWYLTG43,500174330,Journal Import 2591655:,/CASH/RECEIPT,2,,,,,0,900,Posted
17-09-2024,01.12102.000.0000.000.3706008.00000.000,eHIS,HIS_COLLECTION,3095664 HIS_COLLECTION 3358005YT7JQCWYLTG43,500174554,Journal Import 2591655:,/CASH/RECEIPT,2,,,,,0,1850,Posted
17-09-2024,01.12102.000.0000.000.3706008.00000.000,eHIS,HIS_COLLECTION,3095679 HIS_COLLECTION 3358005YT7JQCWYLTG43,500174428,Journal Import 2591655:,/EFT/RECEIPT,2,,,,,0,500,Posted
17-09-2024,01.12102.000.0000.000.3706008.00000.000,eHIS,HIS_COLLECTION,3095687 HIS_COLLECTION 3358005YT7JQCWYLTG43,500174389,Journal Import 2591655:,/CARD/RECEIPT,2,,,,,0,3100,Posted
17-09-2024,01.12102.000.0000.000.3706008.00000.000,eHIS,HIS_COLLECTION,3095693 HIS_COLLECTION 3358005YT7JQCWYLTG43,500174522,Journal Import 2591655:,/CARD/RECEIPT,2,,,,,0,1200,Posted
17-09-2024,01.12102.000.0000.000.3706008.00000.000,eHIS,HIS_COLLECTION,3095699 HIS_COLLECTION 3358005YT7JQCWYLTG43,500174424,Journal Import 2591655:,/EFT/RECEIPT,2,,,,,0,3800,Posted
17-09-2024,01.12102.000.0000.000.3706008.00000.000,eHIS,HIS_COLLECTION,3095705 HIS_COLLECTION 3358005YT7JQCWYLTG43,500174492,Journal Import 2591655:,/EFT/RECEIPT,2,,,,,0,250,Posted
17-09-2024,01.12102.000.0000.000.3706008.00000.000,eHIS,HIS_COLLECTION,3095709 HIS_COLLECTION 3358005YT7JQCWYLTG43,500174247,Journal Import 2591655:,/CASH/RECEIPT,2,,,,,0,1000,Posted
17-09-2024,01.12102.000.0000.000.3706008.00000.000,eHIS,HIS_COLLECTION,3095720 HIS_COLLECTION 3358005YT7JQCWYLTG43,500174615,Journal Import 2591655:,/CASH/RECEIPT,2,,,,,0,1200,Posted
17-09-2024,01.12102.000.0000.000.3706008.00000.000,eHIS,HIS_COLLECTION,3095728 HIS_COLLECTION 3358005YT7JQCWYLTG43,500174358,Journal Import 2591655:,/CARD/RECEIPT,2,,,,,0,900,Posted
17-09-2024,01.12102.000.0000.000.3706008.00000.000,eHIS,HIS_COLLECTION,3095732 HIS_COLLECTION 3358005YT7JQCWYLTG43,500174493,Journal Import 2591655:,/EFT/RECEIPT,2,,,,,0,250,Posted
17-09-2024,01.12102.000.0000.000.3706008.00000.000,eHIS,HIS_COLLECTION,3095740 HIS_COLLECTION 3358005YT7JQCWYLTG43,500174533,Journal Import 2591655:,/CASH/RECEIPT,2,,,,,0,1400,Posted
17-09-2024,01.12102.000.0000.000.3706008.00000.000,eHIS,HIS_COLLECTION,3095744 HIS_COLLECTION 3358005YT7JQCWYLTG43,500174333,Journal Import 2591655:,/EFT/RECEIPT,2,,,,,0,820,Posted
17-09-2024,01.12102.000.0000.000.3706008.00000.000,eHIS,HIS_COLLECTION,3095752 HIS_COLLECTION 3358005YT7JQCWYLTG43,500174356,Journal Import 2591655:,/CASH/RECEIPT,2,,,,,0,900,Posted
17-09-2024,01.12102.000.0000.000.3706008.00000.000,eHIS,HIS_COLLECTION,3095754 HIS_COLLECTION 3358005YT7JQCWYLTG43,500174244,Journal Import 2591655:,/CASH/RECEIPT,2,,,,,0,200,Posted
17-09-2024,01.12102.000.0000.000.3706008.00000.000,eHIS,HIS_COLLECTION,3095756 HIS_COLLECTION 3358005YT7JQCWYLTG43,500174462,Journal Import 2591655:,/CASH/RECEIPT,2,,,,,0,700,Posted
17-09-2024,01.12102.000.0000.000.3706008.00000.000,eHIS,HIS_COLLECTION,3095767 HIS_COLLECTION 3358005YT7JQCWYLTG43,500174475,Journal Import 2591655:,/EFT/RECEIPT,2,,,,,0,650,Posted
17-09-2024,01.12102.000.0000.000.3706008.00000.000,eHIS,HIS_COLLECTION,3095775 HIS_COLLECTION 3358005YT7JQCWYLTG43,500174359,Journal Import 2591655:,/EFT/RECEIPT,2,,,,,0,900,Posted
17-09-2024,01.12102.000.0000.000.3706008.00000.000,eHIS,HIS_COLLECTION,3095780 HIS_COLLECTION 3358005YT7JQCWYLTG43,500174394,Journal Import 2591655:,/CASH/RECEIPT,2,,,,,0,800,Posted
17-09-2024,01.12102.000.0000.000.3706008.00000.000,eHIS,HIS_COLLECTION,3095790 HIS_COLLECTION 3358005YT7JQCWYLTG43,500174248,Journal Import 2591655:,/CASH/RECEIPT,2,,,,,0,1000,Posted
17-09-2024,01.12102.000.0000.000.3706008.00000.000,eHIS,HIS_COLLECTION,3095792 HIS_COLLECTION 3358005YT7JQCWYLTG43,500174463,Journal Import 2591655:,/CASH/RECEIPT,2,,,,,0,700,Posted
17-09-2024,01.12102.000.0000.000.3706008.00000.000,eHIS,HIS_COLLECTION,3095794 HIS_COLLECTION 3358005YT7JQCWYLTG43,500174425,Journal Import 2591655:,/EFT/RECEIPT,2,,,,,0,4150,Posted
17-09-2024,01.12102.000.0000.000.3706008.00000.000,eHIS,HIS_COLLECTION,3095802 HIS_COLLECTION 3358005YT7JQCWYLTG43,500174246,Journal Import 2591655:,/CASH/RECEIPT,2,,,,,0,250,Posted
17-09-2024,01.12102.000.0000.000.3706008.00000.000,eHIS,HIS_COLLECTION,3095816 HIS_COLLECTION 3358005YT7JQCWYLTG43,500174511,Journal Import 2591655:,/CASH/RECEIPT,2,,,,,0,500,Posted
17-09-2024,01.12102.000.0000.000.3706008.00000.000,eHIS,HIS_COLLECTION,3095818 HIS_COLLECTION 3358005YT7JQCWYLTG43,500174512,Journal Import 2591655:,/CASH/RECEIPT,2,,,,,0,500,Posted
18-09-2024,01.12102.000.0000.000.3706008.00000.000,eHIS,HIS_COLLECTION,3095820 HIS_COLLECTION 3358005YT7JQCWYLTG43,500174774,Journal Import 2599930:,/EFT/RECEIPT,2,,,,,0,350,Posted
17-09-2024,01.12102.000.0000.000.3706008.00000.000,eHIS,HIS_COLLECTION,3095831 HIS_COLLECTION 3358005YT7JQCWYLTG43,500174283,Journal Import 2591655:,/CARD/RECEIPT,2,,,,,0,1000,Posted
17-09-2024,01.12102.000.0000.000.3706008.00000.000,eHIS,HIS_COLLECTION,3095861 HIS_COLLECTION 3358005YT7JQCWYLTG43,500174395,Journal Import 2591655:,/CASH/RECEIPT,2,,,,,0,800,Posted
17-09-2024,01.12102.000.0000.000.3706008.00000.000,eHIS,HIS_COLLECTION,3095863 HIS_COLLECTION 3358005YT7JQCWYLTG43,500174360,Journal Import 2591655:,/EFT/RECEIPT,2,,,,,0,900,Posted
17-09-2024,01.12102.000.0000.000.3706008.00000.000,eHIS,HIS_COLLECTION,3095865 HIS_COLLECTION 3358005YT7JQCWYLTG43,500174476,Journal Import 2591655:,/EFT/RECEIPT,2,,,,,0,650,Posted
17-09-2024,01.12102.000.0000.000.3706008.00000.000,eHIS,HIS_COLLECTION,3095875 HIS_COLLECTION 3358005YT7JQCWYLTG43,500174396,Journal Import 2591655:,/CASH/RECEIPT,2,,,,,0,800,Posted
17-09-2024,01.12102.000.0000.000.3706008.00000.000,eHIS,HIS_COLLECTION,3095877 HIS_COLLECTION 3358005YT7JQCWYLTG43,500174453,Journal Import 2591655:,/CARD/RECEIPT,2,,,,,0,1850,Posted
17-09-2024,01.12102.000.0000.000.3706008.00000.000,eHIS,HIS_COLLECTION,3095879 HIS_COLLECTION 3358005YT7JQCWYLTG43,500174397,Journal Import 2591655:,/CASH/RECEIPT,2,,,,,0,800,Posted
18-09-2024,01.12102.000.0000.000.3706008.00000.000,eHIS,HIS_COLLECTION,3095897 HIS_COLLECTION 3358005YT7JQCWYLTG43,500174778,Journal Import 2599930:,/EFT/RECEIPT,2,,,,,0,450,Posted
17-09-2024,01.12102.000.0000.000.3706008.00000.000,eHIS,HIS_COLLECTION,3095904 HIS_COLLECTION 3358005YT7JQCWYLTG43,500174249,Journal Import 2591655:,/CASH/RECEIPT,2,,,,,0,1000,Posted
17-09-2024,01.12102.000.0000.000.3706008.00000.000,eHIS,HIS_COLLECTION,3095906 HIS_COLLECTION 3358005YT7JQCWYLTG43,500174520,Journal Import 2591655:,/EFT/RECEIPT,2,,,,,0,299,Posted
17-09-2024,01.12102.000.0000.000.3706008.00000.000,eHIS,HIS_COLLECTION,3095912 HIS_COLLECTION 3358005YT7JQCWYLTG43,500174419,Journal Import 2591655:,/EFT/RECEIPT,2,,,,,0,800,Posted
17-09-2024,01.12102.000.0000.000.3706008.00000.000,eHIS,HIS_COLLECTION,3095916 HIS_COLLECTION 3358005YT7JQCWYLTG43,500174521,Journal Import 2591655:,/EFT/RECEIPT,2,,,,,0,299,Posted
17-09-2024,01.12102.000.0000.000.3706008.00000.000,eHIS,HIS_COLLECTION,3095922 HIS_COLLECTION 3358005YT7JQCWYLTG43,500174321,Journal Import 2591655:,/EFT/RECEIPT,2,,,,,0,4590,Posted
17-09-2024,01.12102.000.0000.000.3706008.00000.000,eHIS,HIS_COLLECTION,3095926 HIS_COLLECTION 3358005YT7JQCWYLTG43,500174398,Journal Import 2591655:,/CASH/RECEIPT,2,,,,,0,800,Posted
18-09-2024,01.12102.000.0000.000.3706008.00000.000,eHIS,HIS_COLLECTION,3095936 HIS_COLLECTION 3358005YT7JQCWYLTG43,500174775,Journal Import 2599930:,/EFT/RECEIPT,2,,,,,0,350,Posted
17-09-2024,01.12102.000.0000.000.3706008.00000.000,eHIS,HIS_COLLECTION,3095952 HIS_COLLECTION 3358005YT7JQCWYLTG43,500174616,Journal Import 2591655:,/CASH/RECEIPT,2,,,,,0,1200,Posted
17-09-2024,01.12102.000.0000.000.3706008.00000.000,eHIS,HIS_COLLECTION,3095954 HIS_COLLECTION 3358005YT7JQCWYLTG43,500174517,Journal Import 2591655:,/CASH/RECEIPT,2,,,,,0,1300,Posted
17-09-2024,01.12102.000.0000.000.3706008.00000.000,eHIS,HIS_COLLECTION,3095958 HIS_COLLECTION 3358005YT7JQCWYLTG43,500174429,Journal Import 2591655:,/EFT/RECEIPT,2,,,,,0,500,Posted
17-09-2024,01.12102.000.0000.000.3706008.00000.000,eHIS,HIS_COLLECTION,3095962 HIS_COLLECTION 3358005YT7JQCWYLTG43,500174250,Journal Import 2591655:,/CASH/RECEIPT,2,,,,,0,1000,Posted
17-09-2024,01.12102.000.0000.000.3706008.00000.000,eHIS,HIS_COLLECTION,3095966 HIS_COLLECTION 3358005YT7JQCWYLTG43,500174399,Journal Import 2591655:,/CASH/RECEIPT,2,,,,,0,800,Posted
17-09-2024,01.12102.000.0000.000.3706008.00000.000,eHIS,HIS_COLLECTION,3095969 HIS_COLLECTION 3358005YT7JQCWYLTG43,500174420,Journal Import 2591655:,/EFT/RECEIPT,2,,,,,0,800,Posted
17-09-2024,01.12102.000.0000.000.3706008.00000.000,eHIS,HIS_COLLECTION,3095971 HIS_COLLECTION 3358005YT7JQCWYLTG43,500174617,Journal Import 2591655:,/CASH/RECEIPT,2,,,,,0,1200,Posted
17-09-2024,01.12102.000.0000.000.3706008.00000.000,eHIS,HIS_COLLECTION,3095973 HIS_COLLECTION 3358005YT7JQCWYLTG43,500174454,Journal Import 2591655:,/EFT/RECEIPT,2,,,,,0,1850,Posted
17-09-2024,01.12102.000.0000.000.3706008.00000.000,eHIS,HIS_COLLECTION,3095978 HIS_COLLECTION 3358005YT7JQCWYLTG43,500174618,Journal Import 2591655:,/CASH/RECEIPT,2,,,,,0,1200,Posted
17-09-2024,01.12102.000.0000.000.3706008.00000.000,eHIS,HIS_COLLECTION,3095984 HIS_COLLECTION 3358005YT7JQCWYLTG43,500174523,Journal Import 2591655:,/EFT/RECEIPT,2,,,,,0,1200,Posted
17-09-2024,01.12102.000.0000.000.3706008.00000.000,eHIS,HIS_COLLECTION,3095990 HIS_COLLECTION 3358005YT7JQCWYLTG43,500174421,Journal Import 2591655:,/CARD/RECEIPT,2,,,,,0,800,Posted
17-09-2024,01.12102.000.0000.000.3706008.00000.000,eHIS,HIS_COLLECTION,3095994 HIS_COLLECTION 3358005YT7JQCWYLTG43,500174497,Journal Import 2591655:,/CARD/RECEIPT,2,,,,,0,28000,Posted
17-09-2024,01.12102.000.0000.000.3706008.00000.000,eHIS,HIS_COLLECTION,3095998 HIS_COLLECTION 3358005YT7JQCWYLTG43,500174431,Journal Import 2591655:,/EFT/RECEIPT,2,,,,,0,1450,Posted
17-09-2024,01.12102.000.0000.000.3706008.00000.000,eHIS,HIS_COLLECTION,3096004 HIS_COLLECTION 3358005YT7JQCWYLTG43,500174245,Journal Import 2591655:,/CASH/RECEIPT,2,,,,,0,200,Posted
17-09-2024,01.12102.000.0000.000.3706008.00000.000,eHIS,HIS_COLLECTION,3096019 HIS_COLLECTION 3358005YT7JQCWYLTG43,500174534,Journal Import 2591655:,/EFT/RECEIPT,2,,,,,0,1300,Posted
17-09-2024,01.12102.000.0000.000.3706008.00000.000,eHIS,HIS_COLLECTION,3096021 HIS_COLLECTION 3358005YT7JQCWYLTG43,500174513,Journal Import 2591655:,/CASH/RECEIPT,2,,,,,0,500,Posted
17-09-2024,01.12102.000.0000.000.3706008.00000.000,eHIS,HIS_COLLECTION,3096026 HIS_COLLECTION 3358005YT7JQCWYLTG43,500174422,Journal Import 2591655:,/CARD/RECEIPT,2,,,,,0,800,Posted
17-09-2024,01.12102.000.0000.000.3706008.00000.000,eHIS,HIS_COLLECTION,3096030 HIS_COLLECTION 3358005YT7JQCWYLTG43,500174408,Journal Import 2591655:,/CARD/RECEIPT,2,,,,,0,3500,Posted
17-09-2024,01.12102.000.0000.000.3706008.00000.000,eHIS,HIS_COLLECTION,3096045 HIS_COLLECTION 3358005YT7JQCWYLTG43,500174601,Journal Import 2591655:,/CASH/RECEIPT,2,,,,,0,1100,Posted
17-09-2024,01.12102.000.0000.000.3706008.00000.000,eHIS,HIS_COLLECTION,3096078 HIS_COLLECTION 3358005YT7JQCWYLTG43,500174276,Journal Import 2591655:,/CASH/RECEIPT,2,,,,,0,299,Posted
17-09-2024,01.12102.000.0000.000.3706008.00000.000,eHIS,HIS_COLLECTION,3096082 HIS_COLLECTION 3358005YT7JQCWYLTG43,500174619,Journal Import 2591655:,/CASH/RECEIPT,2,,,,,0,1200,Posted
17-09-2024,01.12102.000.0000.000.3706008.00000.000,eHIS,HIS_COLLECTION,3096086 HIS_COLLECTION 3358005YT7JQCWYLTG43,500174514,Journal Import 2591655:,/CASH/RECEIPT,2,,,,,0,500,Posted
17-09-2024,01.12102.000.0000.000.3706008.00000.000,eHIS,HIS_COLLECTION,3096088 HIS_COLLECTION 3358005YT7JQCWYLTG43,500174277,Journal Import 2591655:,/CASH/RECEIPT,2,,,,,0,299,Posted
17-09-2024,01.12102.000.0000.000.3706008.00000.000,eHIS,HIS_COLLECTION,3096091 HIS_COLLECTION 3358005YT7JQCWYLTG43,500174400,Journal Import 2591655:,/CASH/RECEIPT,2,,,,,0,800,Posted
17-09-2024,01.12102.000.0000.000.3706008.00000.000,eHIS,HIS_COLLECTION,3096118 HIS_COLLECTION 3358005YT7JQCWYLTG43,500174361,Journal Import 2591655:,/EFT/RECEIPT,2,,,,,0,900,Posted
17-09-2024,01.12102.000.0000.000.3706008.00000.000,eHIS,HIS_COLLECTION,3096129 HIS_COLLECTION 3358005YT7JQCWYLTG43,500174423,Journal Import 2591655:,/EFT/RECEIPT,2,,,,,0,800,Posted
17-09-2024,01.12102.000.0000.000.3706008.00000.000,eHIS,HIS_COLLECTION,3096133 HIS_COLLECTION 3358005YT7JQCWYLTG43,500174401,Journal Import 2591655:,/CASH/RECEIPT,2,,,,,0,800,Posted
17-09-2024,01.12102.000.0000.000.3706008.00000.000,eHIS,HIS_COLLECTION,3096141 HIS_COLLECTION 3358005YT7JQCWYLTG43,500174474,Journal Import 2591655:,/CASH/RECEIPT,2,,,,,0,3500,Posted
17-09-2024,01.12102.000.0000.000.3706008.00000.000,eHIS,HIS_COLLECTION,3096142 HIS_COLLECTION 3358005YT7JQCWYLTG43,500174480,Journal Import 2591655:,/CARD/RECEIPT,2,,,,,0,2100,Posted
17-09-2024,01.12102.000.0000.000.3706008.00000.000,eHIS,HIS_COLLECTION,3096153 HIS_COLLECTION 3358005YT7JQCWYLTG43,500174465,Journal Import 2591655:,/EFT/RECEIPT,2,,,,,0,1913,Posted
17-09-2024,01.12102.000.0000.000.3706008.00000.000,eHIS,HIS_COLLECTION,3096157 HIS_COLLECTION 3358005YT7JQCWYLTG43,500174316,Journal Import 2591655:,/CASH/RECEIPT,2,,,,,0,100,Posted
17-09-2024,01.12102.000.0000.000.3706008.00000.000,eHIS,HIS_COLLECTION,3096159 HIS_COLLECTION 3358005YT7JQCWYLTG43,500174384,Journal Import 2591655:,/CASH/RECEIPT,2,,,,,0,5000,Posted
17-09-2024,01.12102.000.0000.000.3706008.00000.000,eHIS,HIS_COLLECTION,3096161 HIS_COLLECTION 3358005YT7JQCWYLTG43,500174535,Journal Import 2591655:,/EFT/RECEIPT,2,,,,,0,1300,Posted
17-09-2024,01.12102.000.0000.000.3706008.00000.000,eHIS,HIS_COLLECTION,3096166 HIS_COLLECTION 3358005YT7JQCWYLTG43,500174524,Journal Import 2591655:,/EFT/RECEIPT,2,,,,,0,1200,Posted
17-09-2024,01.12102.000.0000.000.3706008.00000.000,eHIS,HIS_COLLECTION,3096176 HIS_COLLECTION 3358005YT7JQCWYLTG43,500174515,Journal Import 2591655:,/CASH/RECEIPT,2,,,,,0,500,Posted
17-09-2024,01.12102.000.0000.000.3706008.00000.000,eHIS,HIS_COLLECTION,3096178 HIS_COLLECTION 3358005YT7JQCWYLTG43,500174461,Journal Import 2591655:,/CASH/RECEIPT,2,,,,,0,680,Posted
17-09-2024,01.12102.000.0000.000.3706008.00000.000,eHIS,HIS_COLLECTION,3096185 HIS_COLLECTION 3358005YT7JQCWYLTG43,500174432,Journal Import 2591655:,/EFT/RECEIPT,2,,,,,0,1480,Posted
17-09-2024,01.12102.000.0000.000.3706008.00000.000,eHIS,HIS_COLLECTION,3096187 HIS_COLLECTION 3358005YT7JQCWYLTG43,500174518,Journal Import 2591655:,/CASH/RECEIPT,2,,,,,0,1300,Posted
17-09-2024,01.12102.000.0000.000.3706008.00000.000,eHIS,HIS_COLLECTION,3096201 HIS_COLLECTION 3358005YT7JQCWYLTG43,500174387,Journal Import 2591655:,/EFT/RECEIPT,2,,,,,0,750,Posted
17-09-2024,01.12102.000.0000.000.3706008.00000.000,eHIS,HIS_COLLECTION,3096212 HIS_COLLECTION 3358005YT7JQCWYLTG43,500174519,Journal Import 2591655:,/CASH/RECEIPT,2,,,,,0,1300,Posted
17-09-2024,01.12102.000.0000.000.3706008.00000.000,eHIS,HIS_COLLECTION,3096236 HIS_COLLECTION 3358005YT7JQCWYLTG43,500174614,Journal Import 2591655:,/CASH/RECEIPT,2,,,,,0,400,Posted
17-09-2024,01.12102.000.0000.000.3706008.00000.000,eHIS,HIS_COLLECTION,3096241 HIS_COLLECTION 3358005YT7JQCWYLTG43,500174278,Journal Import 2591655:,/CASH/RECEIPT,2,,,,,0,300,Posted
17-09-2024,01.12102.000.0000.000.3706008.00000.000,eHIS,HIS_COLLECTION,3096245 HIS_COLLECTION 3358005YT7JQCWYLTG43,500174477,Journal Import 2591655:,/EFT/RECEIPT,2,,,,,0,650,Posted
17-09-2024,01.12102.000.0000.000.3706008.00000.000,eHIS,HIS_COLLECTION,3096249 HIS_COLLECTION 3358005YT7JQCWYLTG43,500174251,Journal Import 2591655:,/CASH/RECEIPT,2,,,,,0,1000,Posted
17-09-2024,01.12102.000.0000.000.3706008.00000.000,eHIS,HIS_COLLECTION,3096255 HIS_COLLECTION 3358005YT7JQCWYLTG43,500174478,Journal Import 2591655:,/EFT/RECEIPT,2,,,,,0,650,Posted
17-09-2024,01.12102.000.0000.000.3706008.00000.000,eHIS,HIS_COLLECTION,3096264 HIS_COLLECTION 3358005YT7JQCWYLTG43,500174430,Journal Import 2591655:,/EFT/RECEIPT,2,,,,,0,500,Posted
17-09-2024,01.12102.000.0000.000.3706008.00000.000,eHIS,HIS_COLLECTION,3096292 HIS_COLLECTION 3358005YT7JQCWYLTG43,500174434,Journal Import 2591655:,/EFT/RECEIPT,2,,,,,0,1700,Posted
17-09-2024,01.12102.000.0000.000.3706008.00000.000,eHIS,HIS_COLLECTION,3096310 HIS_COLLECTION 3358005YT7JQCWYLTG43,500174605,Journal Import 2591655:,/EFT/RECEIPT,2,,,,,0,1080,Posted
17-09-2024,01.12102.000.0000.000.3706008.00000.000,eHIS,HIS_COLLECTION,3096314 HIS_COLLECTION 3358005YT7JQCWYLTG43,500174337,Journal Import 2591655:,/EFT/RECEIPT,2,,,,,0,5500,Posted
17-09-2024,01.12102.000.0000.000.3706008.00000.000,eHIS,HIS_COLLECTION,3096325 HIS_COLLECTION 3358005YT7JQCWYLTG43,500174604,Journal Import 2591655:,/EFT/RECEIPT,2,,,,,0,1050,Posted
17-09-2024,01.12102.000.0000.000.3706008.00000.000,eHIS,HIS_COLLECTION,3096330 HIS_COLLECTION 3358005YT7JQCWYLTG43,500174481,Journal Import 2591655:,/EFT/RECEIPT,2,,,,,0,2360,Posted
17-09-2024,01.12102.000.0000.000.3706008.00000.000,eHIS,HIS_COLLECTION,3096359 HIS_COLLECTION 3358005YT7JQCWYLTG43,500174284,Journal Import 2591655:,/EFT/RECEIPT,2,,,,,0,1000,Posted
17-09-2024,01.12102.000.0000.000.3706008.00000.000,eHIS,HIS_COLLECTION,3096361 HIS_COLLECTION 3358005YT7JQCWYLTG43,500174378,Journal Import 2591655:,/CASH/RECEIPT,2,,,,,0,750,Posted
17-09-2024,01.12102.000.0000.000.3706008.00000.000,eHIS,HIS_COLLECTION,3096376 HIS_COLLECTION 3358005YT7JQCWYLTG43,500174317,Journal Import 2591655:,/CASH/RECEIPT,2,,,,,0,100,Posted
17-09-2024,01.12102.000.0000.000.3706008.00000.000,eHIS,HIS_COLLECTION,3096380 HIS_COLLECTION 3358005YT7JQCWYLTG43,500174331,Journal Import 2591655:,/CASH/REFUND,2,,,,,1000,0,Posted
18-09-2024,01.12102.000.0000.000.3706008.00000.000,eHIS,HIS_COLLECTION,3096382 HIS_COLLECTION 3358005YT7JQCWYLTG43,500174776,Journal Import 2599930:,/EFT/RECEIPT,2,,,,,0,350,Posted
17-09-2024,01.12102.000.0000.000.3706008.00000.000,eHIS,HIS_COLLECTION,3096384 HIS_COLLECTION 3358005YT7JQCWYLTG43,500174282,Journal Import 2591655:,/EFT/RECEIPT,2,,,,,0,100,Posted
17-09-2024,01.12102.000.0000.000.3706008.00000.000,eHIS,HIS_COLLECTION,3096389 HIS_COLLECTION 3358005YT7JQCWYLTG43,500174455,Journal Import 2591655:,/EFT/RECEIPT,2,,,,,0,1850,Posted
17-09-2024,01.12102.000.0000.000.3706008.00000.000,eHIS,HIS_COLLECTION,3096393 HIS_COLLECTION 3358005YT7JQCWYLTG43,500174525,Journal Import 2591655:,/EFT/RECEIPT,2,,,,,0,1200,Posted
17-09-2024,01.12102.000.0000.000.3706008.00000.000,eHIS,HIS_COLLECTION,3096396 HIS_COLLECTION 3358005YT7JQCWYLTG43,500174279,Journal Import 2591655:,/CASH/RECEIPT,2,,,,,0,300,Posted
17-09-2024,01.12102.000.0000.000.3706008.00000.000,eHIS,HIS_COLLECTION,3096401 HIS_COLLECTION 3358005YT7JQCWYLTG43,500174332,Journal Import 2591655:,/CASH/REFUND,2,,,,,1200,0,Posted
17-09-2024,01.12102.000.0000.000.3706008.00000.000,eHIS,HIS_COLLECTION,3096415 HIS_COLLECTION 3358005YT7JQCWYLTG43,500174603,Journal Import 2591655:,/EFT/RECEIPT,2,,,,,0,200,Posted
18-09-2024,01.12102.000.0000.000.3706008.00000.000,eHIS,HIS_COLLECTION,3096448 HIS_COLLECTION 3358005YT7JQCWYLTG43,500174994,Journal Import 2591655:,/CASH/RECEIPT,2,,,,,0,1850,Posted
18-09-2024,01.12102.000.0000.000.3706008.00000.000,eHIS,HIS_COLLECTION,3096453 HIS_COLLECTION 3358005YT7JQCWYLTG43,500175148,Journal Import 2591655:,/EFT/RECEIPT,2,,,,,0,180,Posted
18-09-2024,01.12102.000.0000.000.3706008.00000.000,eHIS,HIS_COLLECTION,3096456 HIS_COLLECTION 3358005YT7JQCWYLTG43,500174817,Journal Import 2591655:,/CASH/REFUND,2,,,,,180,0,Posted
18-09-2024,01.12102.000.0000.000.3706008.00000.000,eHIS,HIS_COLLECTION,3096472 HIS_COLLECTION 3358005YT7JQCWYLTG43,500174913,Journal Import 2591655:,/CASH/RECEIPT,2,,,,,0,100,Posted
18-09-2024,01.12102.000.0000.000.3706008.00000.000,eHIS,HIS_COLLECTION,3096481 HIS_COLLECTION 3358005YT7JQCWYLTG43,500174749,Journal Import 2591655:,/EFT/RECEIPT,2,,,,,0,100,Posted
18-09-2024,01.12102.000.0000.000.3706008.00000.000,eHIS,HIS_COLLECTION,3096483 HIS_COLLECTION 3358005YT7JQCWYLTG43,500174928,Journal Import 2591655:,/EFT/RECEIPT,2,,,,,0,550,Posted
18-09-2024,01.12102.000.0000.000.3706008.00000.000,eHIS,HIS_COLLECTION,3096495 HIS_COLLECTION 3358005YT7JQCWYLTG43,500174927,Journal Import 2591655:,/EFT/RECEIPT,2,,,,,0,510,Posted
18-09-2024,01.12102.000.0000.000.3706008.00000.000,eHIS,HIS_COLLECTION,3096498 HIS_COLLECTION 3358005YT7JQCWYLTG43,500174750,Journal Import 2591655:,/EFT/RECEIPT,2,,,,,0,100,Posted
18-09-2024,01.12102.000.0000.000.3706008.00000.000,eHIS,HIS_COLLECTION,3096500 HIS_COLLECTION 3358005YT7JQCWYLTG43,500174772,Journal Import 2599930:,/EFT/RECEIPT,2,,,,,0,175,Posted
18-09-2024,01.12102.000.0000.000.3706008.00000.000,eHIS,HIS_COLLECTION,3096502 HIS_COLLECTION 3358005YT7JQCWYLTG43,500174771,Journal Import 2599930:,/EFT/RECEIPT,2,,,,,0,155,Posted
18-09-2024,01.12102.000.0000.000.3706008.00000.000,eHIS,HIS_COLLECTION,3096504 HIS_COLLECTION 3358005YT7JQCWYLTG43,500174998,Journal Import 2591655:,/EFT/RECEIPT,2,,,,,0,1312,Posted
18-09-2024,01.12102.000.0000.000.3706008.00000.000,eHIS,HIS_COLLECTION,3096513 HIS_COLLECTION 3358005YT7JQCWYLTG43,500175047,Journal Import 2591655:,/CASH/RECEIPT,2,,,,,0,2300,Posted
18-09-2024,01.12102.000.0000.000.3706008.00000.000,eHIS,HIS_COLLECTION,3096531 HIS_COLLECTION 3358005YT7JQCWYLTG43,500174914,Journal Import 2591655:,/CASH/RECEIPT,2,,,,,0,100,Posted
18-09-2024,01.12102.000.0000.000.3706008.00000.000,eHIS,HIS_COLLECTION,3096537 HIS_COLLECTION 3358005YT7JQCWYLTG43,500175036,Journal Import 2591655:,/CARD/RECEIPT,2,,,,,0,1850,Posted
18-09-2024,01.12102.000.0000.000.3706008.00000.000,eHIS,HIS_COLLECTION,3096541 HIS_COLLECTION 3358005YT7JQCWYLTG43,500174903,Journal Import 2591655:,/EFT/RECEIPT,2,,,,,0,4000,Posted
18-09-2024,01.12102.000.0000.000.3706008.00000.000,eHIS,HIS_COLLECTION,3096546 HIS_COLLECTION 3358005YT7JQCWYLTG43,500174904,Journal Import 2591655:,/EFT/RECEIPT,2,,,,,0,4000,Posted
18-09-2024,01.12102.000.0000.000.3706008.00000.000,eHIS,HIS_COLLECTION,3096548 HIS_COLLECTION 3358005YT7JQCWYLTG43,500174905,Journal Import 2591655:,/EFT/RECEIPT,2,,,,,0,4000,Posted
18-09-2024,01.12102.000.0000.000.3706008.00000.000,eHIS,HIS_COLLECTION,3096550 HIS_COLLECTION 3358005YT7JQCWYLTG43,500174942,Journal Import 2591655:,/CASH/RECEIPT,2,,,,,0,4500,Posted
18-09-2024,01.12102.000.0000.000.3706008.00000.000,eHIS,HIS_COLLECTION,3096552 HIS_COLLECTION 3358005YT7JQCWYLTG43,500174971,Journal Import 2591655:,/CASH/RECEIPT,2,,,,,0,4500,Posted
18-09-2024,01.12102.000.0000.000.3706008.00000.000,eHIS,HIS_COLLECTION,3096554 HIS_COLLECTION 3358005YT7JQCWYLTG43,500174972,Journal Import 2591655:,/CASH/RECEIPT,2,,,,,0,4500,Posted
19-09-2024,01.12102.000.0000.000.3706008.00000.000,eHIS,HIS_COLLECTION,3096556 HIS_COLLECTION 3358005YT7JQCWYLTG43,500175402,Journal Import 2599930:,/EFT/RECEIPT,2,,,,,0,1615,Posted
18-09-2024,01.12102.000.0000.000.3706008.00000.000,eHIS,HIS_COLLECTION,3096558 HIS_COLLECTION 3358005YT7JQCWYLTG43,500174829,Journal Import 2591655:,/CASH/RECEIPT,2,,,,,0,999,Posted
19-09-2024,01.12102.000.0000.000.3706008.00000.000,eHIS,HIS_COLLECTION,3096564 HIS_COLLECTION 3358005YT7JQCWYLTG43,500175401,Journal Import 2599930:,/EFT/RECEIPT,2,,,,,0,950,Posted
18-09-2024,01.12102.000.0000.000.3706008.00000.000,eHIS,HIS_COLLECTION,3096566 HIS_COLLECTION 3358005YT7JQCWYLTG43,500174929,Journal Import 2591655:,/EFT/RECEIPT,2,,,,,0,1850,Posted
18-09-2024,01.12102.000.0000.000.3706008.00000.000,eHIS,HIS_COLLECTION,3096570 HIS_COLLECTION 3358005YT7JQCWYLTG43,500174924,Journal Import 2591655:,/CASH/RECEIPT,2,,,,,0,2600,Posted
19-09-2024,01.12102.000.0000.000.3706008.00000.000,eHIS,HIS_COLLECTION,3096572 HIS_COLLECTION 3358005YT7JQCWYLTG43,500175403,Journal Import 2599930:,/EFT/RECEIPT,2,,,,,0,3045,Posted
18-09-2024,01.12102.000.0000.000.3706008.00000.000,eHIS,HIS_COLLECTION,3096578 HIS_COLLECTION 3358005YT7JQCWYLTG43,500174808,Journal Import 2591655:,/CASH/RECEIPT,2,,,,,0,100,Posted
18-09-2024,01.12102.000.0000.000.3706008.00000.000,eHIS,HIS_COLLECTION,3096580 HIS_COLLECTION 3358005YT7JQCWYLTG43,500174819,Journal Import 2591655:,/CARD/RECEIPT,2,,,,,0,5800,Posted
18-09-2024,01.12102.000.0000.000.3706008.00000.000,eHIS,HIS_COLLECTION,3096582 HIS_COLLECTION 3358005YT7JQCWYLTG43,500174836,Journal Import 2591655:,/CARD/RECEIPT,2,,,,,0,6600,Posted
18-09-2024,01.12102.000.0000.000.3706008.00000.000,eHIS,HIS_COLLECTION,3096587 HIS_COLLECTION 3358005YT7JQCWYLTG43,500174938,Journal Import 2591655:,/CASH/RECEIPT,2,,,,,0,3500,Posted
18-09-2024,01.12102.000.0000.000.3706008.00000.000,eHIS,HIS_COLLECTION,3096600 HIS_COLLECTION 3358005YT7JQCWYLTG43,500175052,Journal Import 2591655:,/CASH/RECEIPT,2,,,,,0,400,Posted
18-09-2024,01.12102.000.0000.000.3706008.00000.000,eHIS,HIS_COLLECTION,3096601 HIS_COLLECTION 3358005YT7JQCWYLTG43,500174847,Journal Import 2591655:,/EFT/RECEIPT,2,,,,,0,50,Posted
18-09-2024,01.12102.000.0000.000.3706008.00000.000,eHIS,HIS_COLLECTION,3096615 HIS_COLLECTION 3358005YT7JQCWYLTG43,500174926,Journal Import 2591655:,/CASH/RECEIPT,2,,,,,0,2650,Posted
18-09-2024,01.12102.000.0000.000.3706008.00000.000,eHIS,HIS_COLLECTION,3096626 HIS_COLLECTION 3358005YT7JQCWYLTG43,500175108,Journal Import 2591655:,/EFT/RECEIPT,2,,,,,0,1280,Posted
18-09-2024,01.12102.000.0000.000.3706008.00000.000,eHIS,HIS_COLLECTION,3096639 HIS_COLLECTION 3358005YT7JQCWYLTG43,500175146,Journal Import 2591655:,/CASH/RECEIPT,2,,,,,0,1100,Posted
18-09-2024,01.12102.000.0000.000.3706008.00000.000,eHIS,HIS_COLLECTION,3096645 HIS_COLLECTION 3358005YT7JQCWYLTG43,500174751,Journal Import 2591655:,/EFT/RECEIPT,2,,,,,0,100,Posted
18-09-2024,01.12102.000.0000.000.3706008.00000.000,eHIS,HIS_COLLECTION,3096649 HIS_COLLECTION 3358005YT7JQCWYLTG43,500174995,Journal Import 2591655:,/CASH/RECEIPT,2,,,,,0,1850,Posted
18-09-2024,01.12102.000.0000.000.3706008.00000.000,eHIS,HIS_COLLECTION,3096659 HIS_COLLECTION 3358005YT7JQCWYLTG43,500174876,Journal Import 2591655:,/CASH/RECEIPT,2,,,,,0,800,Posted
18-09-2024,01.12102.000.0000.000.3706008.00000.000,eHIS,HIS_COLLECTION,3096665 HIS_COLLECTION 3358005YT7JQCWYLTG43,500174856,Journal Import 2591655:,/CASH/RECEIPT,2,,,,,0,300,Posted
18-09-2024,01.12102.000.0000.000.3706008.00000.000,eHIS,HIS_COLLECTION,3096666 HIS_COLLECTION 3358005YT7JQCWYLTG43,500174857,Journal Import 2591655:,/EFT/RECEIPT,2,,,,,0,75,Posted
18-09-2024,01.12102.000.0000.000.3706008.00000.000,eHIS,HIS_COLLECTION,3096668 HIS_COLLECTION 3358005YT7JQCWYLTG43,500174842,Journal Import 2591655:,/CASH/RECEIPT,2,,,,,0,1000,Posted
18-09-2024,01.12102.000.0000.000.3706008.00000.000,eHIS,HIS_COLLECTION,3096672 HIS_COLLECTION 3358005YT7JQCWYLTG43,500175149,Journal Import 2591655:,/EFT/RECEIPT,2,,,,,0,200,Posted
18-09-2024,01.12102.000.0000.000.3706008.00000.000,eHIS,HIS_COLLECTION,3096685 HIS_COLLECTION 3358005YT7JQCWYLTG43,500174925,Journal Import 2591655:,/CASH/RECEIPT,2,,,,,0,2600,Posted
18-09-2024,01.12102.000.0000.000.3706008.00000.000,eHIS,HIS_COLLECTION,3096705 HIS_COLLECTION 3358005YT7JQCWYLTG43,500175028,Journal Import 2591655:,/CASH/RECEIPT,2,,,,,0,1950,Posted
18-09-2024,01.12102.000.0000.000.3706008.00000.000,eHIS,HIS_COLLECTION,3096707 HIS_COLLECTION 3358005YT7JQCWYLTG43,500175030,Journal Import 2591655:,/EFT/RECEIPT,2,,,,,0,500,Posted
18-09-2024,01.12102.000.0000.000.3706008.00000.000,eHIS,HIS_COLLECTION,3096739 HIS_COLLECTION 3358005YT7JQCWYLTG43,500175105,Journal Import 2591655:,/CASH/RECEIPT,2,,,,,0,1385,Posted
18-09-2024,01.12102.000.0000.000.3706008.00000.000,eHIS,HIS_COLLECTION,3096757 HIS_COLLECTION 3358005YT7JQCWYLTG43,500174877,Journal Import 2591655:,/CASH/RECEIPT,2,,,,,0,800,Posted
18-09-2024,01.12102.000.0000.000.3706008.00000.000,eHIS,HIS_COLLECTION,3096759 HIS_COLLECTION 3358005YT7JQCWYLTG43,500174896,Journal Import 2591655:,/EFT/RECEIPT,2,,,,,0,800,Posted
18-09-2024,01.12102.000.0000.000.3706008.00000.000,eHIS,HIS_COLLECTION,3096761 HIS_COLLECTION 3358005YT7JQCWYLTG43,500175083,Journal Import 2591655:,/CASH/RECEIPT,2,,,,,0,1300,Posted
18-09-2024,01.12102.000.0000.000.3706008.00000.000,eHIS,HIS_COLLECTION,3096765 HIS_COLLECTION 3358005YT7JQCWYLTG43,500175059,Journal Import 2591655:,/EFT/RECEIPT,2,,,,,0,250,Posted
18-09-2024,01.12102.000.0000.000.3706008.00000.000,eHIS,HIS_COLLECTION,3096777 HIS_COLLECTION 3358005YT7JQCWYLTG43,500175110,Journal Import 2591655:,/EFT/RECEIPT,2,,,,,0,1300,Posted
18-09-2024,01.12102.000.0000.000.3706008.00000.000,eHIS,HIS_COLLECTION,3096779 HIS_COLLECTION 3358005YT7JQCWYLTG43,500174754,Journal Import 2591655:,/CARD/RECEIPT,2,,,,,0,1000,Posted
18-09-2024,01.12102.000.0000.000.3706008.00000.000,eHIS,HIS_COLLECTION,3096783 HIS_COLLECTION 3358005YT7JQCWYLTG43,500174973,Journal Import 2591655:,/CARD/RECEIPT,2,,,,,0,650,Posted
18-09-2024,01.12102.000.0000.000.3706008.00000.000,eHIS,HIS_COLLECTION,3096797 HIS_COLLECTION 3358005YT7JQCWYLTG43,500174902,Journal Import 2591655:,/EFT/RECEIPT,2,,,,,0,3780,Posted
18-09-2024,01.12102.000.0000.000.3706008.00000.000,eHIS,HIS_COLLECTION,3096809 HIS_COLLECTION 3358005YT7JQCWYLTG43,500174945,Journal Import 2591655:,/EFT/RECEIPT,2,,,,,0,2300,Posted
18-09-2024,01.12102.000.0000.000.3706008.00000.000,eHIS,HIS_COLLECTION,3096811 HIS_COLLECTION 3358005YT7JQCWYLTG43,500175031,Journal Import 2591655:,/EFT/RECEIPT,2,,,,,0,500,Posted
18-09-2024,01.12102.000.0000.000.3706008.00000.000,eHIS,HIS_COLLECTION,3096818 HIS_COLLECTION 3358005YT7JQCWYLTG43,500175048,Journal Import 2591655:,/CASH/RECEIPT,2,,,,,0,2300,Posted
18-09-2024,01.12102.000.0000.000.3706008.00000.000,eHIS,HIS_COLLECTION,3096826 HIS_COLLECTION 3358005YT7JQCWYLTG43,500174878,Journal Import 2591655:,/CASH/RECEIPT,2,,,,,0,800,Posted
18-09-2024,01.12102.000.0000.000.3706008.00000.000,eHIS,HIS_COLLECTION,3096830 HIS_COLLECTION 3358005YT7JQCWYLTG43,500175080,Journal Import 2591655:,/CASH/RECEIPT,2,,,,,0,500,Posted
18-09-2024,01.12102.000.0000.000.3706008.00000.000,eHIS,HIS_COLLECTION,3096832 HIS_COLLECTION 3358005YT7JQCWYLTG43,500174879,Journal Import 2591655:,/CASH/RECEIPT,2,,,,,0,800,Posted
18-09-2024,01.12102.000.0000.000.3706008.00000.000,eHIS,HIS_COLLECTION,3096838 HIS_COLLECTION 3358005YT7JQCWYLTG43,500174880,Journal Import 2591655:,/CASH/RECEIPT,2,,,,,0,800,Posted
18-09-2024,01.12102.000.0000.000.3706008.00000.000,eHIS,HIS_COLLECTION,3096851 HIS_COLLECTION 3358005YT7JQCWYLTG43,500175081,Journal Import 2591655:,/CASH/RECEIPT,2,,,,,0,500,Posted
18-09-2024,01.12102.000.0000.000.3706008.00000.000,eHIS,HIS_COLLECTION,3096853 HIS_COLLECTION 3358005YT7JQCWYLTG43,500174841,Journal Import 2591655:,/CASH/RECEIPT,2,,,,,0,250,Posted
18-09-2024,01.12102.000.0000.000.3706008.00000.000,eHIS,HIS_COLLECTION,3096865 HIS_COLLECTION 3358005YT7JQCWYLTG43,500174897,Journal Import 2591655:,/CARD/RECEIPT,2,,,,,0,800,Posted
18-09-2024,01.12102.000.0000.000.3706008.00000.000,eHIS,HIS_COLLECTION,3096871 HIS_COLLECTION 3358005YT7JQCWYLTG43,500175027,Journal Import 2591655:,/CASH/RECEIPT,2,,,,,0,1900,Posted
18-09-2024,01.12102.000.0000.000.3706008.00000.000,eHIS,HIS_COLLECTION,3096879 HIS_COLLECTION 3358005YT7JQCWYLTG43,500174996,Journal Import 2591655:,/CASH/RECEIPT,2,,,,,0,1850,Posted
18-09-2024,01.12102.000.0000.000.3706008.00000.000,eHIS,HIS_COLLECTION,3096883 HIS_COLLECTION 3358005YT7JQCWYLTG43,500174881,Journal Import 2591655:,/CASH/RECEIPT,2,,,,,0,800,Posted
18-09-2024,01.12102.000.0000.000.3706008.00000.000,eHIS,HIS_COLLECTION,3096895 HIS_COLLECTION 3358005YT7JQCWYLTG43,500174882,Journal Import 2591655:,/CASH/RECEIPT,2,,,,,0,800,Posted
18-09-2024,01.12102.000.0000.000.3706008.00000.000,eHIS,HIS_COLLECTION,3096901 HIS_COLLECTION 3358005YT7JQCWYLTG43,500174748,Journal Import 2591655:,/EFT/RECEIPT,2,,,,,0,99,Posted
18-09-2024,01.12102.000.0000.000.3706008.00000.000,eHIS,HIS_COLLECTION,3096909 HIS_COLLECTION 3358005YT7JQCWYLTG43,500175049,Journal Import 2591655:,/CASH/RECEIPT,2,,,,,0,2300,Posted
18-09-2024,01.12102.000.0000.000.3706008.00000.000,eHIS,HIS_COLLECTION,3096915 HIS_COLLECTION 3358005YT7JQCWYLTG43,500174843,Journal Import 2591655:,/CASH/RECEIPT,2,,,,,0,1000,Posted
18-09-2024,01.12102.000.0000.000.3706008.00000.000,eHIS,HIS_COLLECTION,3096917 HIS_COLLECTION 3358005YT7JQCWYLTG43,500175150,Journal Import 2591655:,/CARD/RECEIPT,2,,,,,0,200,Posted
18-09-2024,01.12102.000.0000.000.3706008.00000.000,eHIS,HIS_COLLECTION,3096921 HIS_COLLECTION 3358005YT7JQCWYLTG43,500174755,Journal Import 2591655:,/EFT/RECEIPT,2,,,,,0,1000,Posted
18-09-2024,01.12102.000.0000.000.3706008.00000.000,eHIS,HIS_COLLECTION,3096925 HIS_COLLECTION 3358005YT7JQCWYLTG43,500174883,Journal Import 2591655:,/CASH/RECEIPT,2,,,,,0,800,Posted
18-09-2024,01.12102.000.0000.000.3706008.00000.000,eHIS,HIS_COLLECTION,3096931 HIS_COLLECTION 3358005YT7JQCWYLTG43,500174898,Journal Import 2591655:,/EFT/RECEIPT,2,,,,,0,800,Posted
18-09-2024,01.12102.000.0000.000.3706008.00000.000,eHIS,HIS_COLLECTION,3096936 HIS_COLLECTION 3358005YT7JQCWYLTG43,500174884,Journal Import 2591655:,/CASH/RECEIPT,2,,,,,0,800,Posted
18-09-2024,01.12102.000.0000.000.3706008.00000.000,eHIS,HIS_COLLECTION,3096942 HIS_COLLECTION 3358005YT7JQCWYLTG43,500174922,Journal Import 2591655:,/CASH/RECEIPT,2,,,,,0,2300,Posted
18-09-2024,01.12102.000.0000.000.3706008.00000.000,eHIS,HIS_COLLECTION,3096949 HIS_COLLECTION 3358005YT7JQCWYLTG43,500174828,Journal Import 2591655:,/CASH/RECEIPT,2,,,,,0,900,Posted
18-09-2024,01.12102.000.0000.000.3706008.00000.000,eHIS,HIS_COLLECTION,3096958 HIS_COLLECTION 3358005YT7JQCWYLTG43,500174885,Journal Import 2591655:,/CASH/RECEIPT,2,,,,,0,800,Posted
18-09-2024,01.12102.000.0000.000.3706008.00000.000,eHIS,HIS_COLLECTION,3096965 HIS_COLLECTION 3358005YT7JQCWYLTG43,500174899,Journal Import 2591655:,/EFT/RECEIPT,2,,,,,0,800,Posted
18-09-2024,01.12102.000.0000.000.3706008.00000.000,eHIS,HIS_COLLECTION,3096973 HIS_COLLECTION 3358005YT7JQCWYLTG43,500175085,Journal Import 2591655:,/CARD/RECEIPT,2,,,,,0,1200,Posted
18-09-2024,01.12102.000.0000.000.3706008.00000.000,eHIS,HIS_COLLECTION,3096978 HIS_COLLECTION 3358005YT7JQCWYLTG43,500174886,Journal Import 2591655:,/CASH/RECEIPT,2,,,,,0,800,Posted
18-09-2024,01.12102.000.0000.000.3706008.00000.000,eHIS,HIS_COLLECTION,3096992 HIS_COLLECTION 3358005YT7JQCWYLTG43,500175055,Journal Import 2591655:,/CASH/RECEIPT,2,,,,,0,1200,Posted
18-09-2024,01.12102.000.0000.000.3706008.00000.000,eHIS,HIS_COLLECTION,3096996 HIS_COLLECTION 3358005YT7JQCWYLTG43,500174900,Journal Import 2591655:,/CARD/RECEIPT,2,,,,,0,800,Posted
18-09-2024,01.12102.000.0000.000.3706008.00000.000,eHIS,HIS_COLLECTION,3096999 HIS_COLLECTION 3358005YT7JQCWYLTG43,500175082,Journal Import 2591655:,/CASH/RECEIPT,2,,,,,0,500,Posted
18-09-2024,01.12102.000.0000.000.3706008.00000.000,eHIS,HIS_COLLECTION,3097005 HIS_COLLECTION 3358005YT7JQCWYLTG43,500174887,Journal Import 2591655:,/CASH/RECEIPT,2,,,,,0,800,Posted
18-09-2024,01.12102.000.0000.000.3706008.00000.000,eHIS,HIS_COLLECTION,3097007 HIS_COLLECTION 3358005YT7JQCWYLTG43,500175100,Journal Import 2591655:,/CASH/RECEIPT,2,,,,,0,1300,Posted
18-09-2024,01.12102.000.0000.000.3706008.00000.000,eHIS,HIS_COLLECTION,3097015 HIS_COLLECTION 3358005YT7JQCWYLTG43,500174901,Journal Import 2591655:,/EFT/RECEIPT,2,,,,,0,800,Posted
18-09-2024,01.12102.000.0000.000.3706008.00000.000,eHIS,HIS_COLLECTION,3097024 HIS_COLLECTION 3358005YT7JQCWYLTG43,500175032,Journal Import 2591655:,/EFT/RECEIPT,2,,,,,0,500,Posted
18-09-2024,01.12102.000.0000.000.3706008.00000.000,eHIS,HIS_COLLECTION,3097026 HIS_COLLECTION 3358005YT7JQCWYLTG43,500174939,Journal Import 2591655:,/CASH/RECEIPT,2,,,,,0,3500,Posted
18-09-2024,01.12102.000.0000.000.3706008.00000.000,eHIS,HIS_COLLECTION,3097030 HIS_COLLECTION 3358005YT7JQCWYLTG43,500175062,Journal Import 2591655:,/EFT/RECEIPT,2,,,,,0,1100,Posted
18-09-2024,01.12102.000.0000.000.3706008.00000.000,eHIS,HIS_COLLECTION,3097036 HIS_COLLECTION 3358005YT7JQCWYLTG43,500174848,Journal Import 2591655:,/EFT/RECEIPT,2,,,,,0,945,Posted
18-09-2024,01.12102.000.0000.000.3706008.00000.000,eHIS,HIS_COLLECTION,3097044 HIS_COLLECTION 3358005YT7JQCWYLTG43,500174974,Journal Import 2591655:,/EFT/RECEIPT,2,,,,,0,650,Posted
18-09-2024,01.12102.000.0000.000.3706008.00000.000,eHIS,HIS_COLLECTION,3097061 HIS_COLLECTION 3358005YT7JQCWYLTG43,500174888,Journal Import 2591655:,/CASH/RECEIPT,2,,,,,0,800,Posted
18-09-2024,01.12102.000.0000.000.3706008.00000.000,eHIS,HIS_COLLECTION,3097071 HIS_COLLECTION 3358005YT7JQCWYLTG43,500174941,Journal Import 2591655:,/CASH/RECEIPT,2,,,,,0,3750,Posted
18-09-2024,01.12102.000.0000.000.3706008.00000.000,eHIS,HIS_COLLECTION,3097084 HIS_COLLECTION 3358005YT7JQCWYLTG43,500174976,Journal Import 2591655:,/CARD/RECEIPT,2,,,,,0,750,Posted
18-09-2024,01.12102.000.0000.000.3706008.00000.000,eHIS,HIS_COLLECTION,3097086 HIS_COLLECTION 3358005YT7JQCWYLTG43,500174889,Journal Import 2591655:,/CASH/RECEIPT,2,,,,,0,800,Posted
18-09-2024,01.12102.000.0000.000.3706008.00000.000,eHIS,HIS_COLLECTION,3097116 HIS_COLLECTION 3358005YT7JQCWYLTG43,500175053,Journal Import 2591655:,/CASH/RECEIPT,2,,,,,0,400,Posted
18-09-2024,01.12102.000.0000.000.3706008.00000.000,eHIS,HIS_COLLECTION,3097120 HIS_COLLECTION 3358005YT7JQCWYLTG43,500174795,Journal Import 2591655:,/EFT/RECEIPT,2,,,,,0,4750,Posted
18-09-2024,01.12102.000.0000.000.3706008.00000.000,eHIS,HIS_COLLECTION,3097128 HIS_COLLECTION 3358005YT7JQCWYLTG43,500175316,Journal Import 2591655:,/CASH/RECEIPT,2,,,,,0,500,Posted
18-09-2024,01.12102.000.0000.000.3706008.00000.000,eHIS,HIS_COLLECTION,3097134 HIS_COLLECTION 3358005YT7JQCWYLTG43,500175317,Journal Import 2591655:,/CASH/RECEIPT,2,,,,,0,500,Posted
18-09-2024,01.12102.000.0000.000.3706008.00000.000,eHIS,HIS_COLLECTION,3097138 HIS_COLLECTION 3358005YT7JQCWYLTG43,500174752,Journal Import 2591655:,/EFT/RECEIPT,2,,,,,0,100,Posted
18-09-2024,01.12102.000.0000.000.3706008.00000.000,eHIS,HIS_COLLECTION,3097144 HIS_COLLECTION 3358005YT7JQCWYLTG43,500174844,Journal Import 2591655:,/CASH/RECEIPT,2,,,,,0,1000,Posted
18-09-2024,01.12102.000.0000.000.3706008.00000.000,eHIS,HIS_COLLECTION,3097154 HIS_COLLECTION 3358005YT7JQCWYLTG43,500175033,Journal Import 2591655:,/EFT/RECEIPT,2,,,,,0,500,Posted
18-09-2024,01.12102.000.0000.000.3706008.00000.000,eHIS,HIS_COLLECTION,3097160 HIS_COLLECTION 3358005YT7JQCWYLTG43,500175054,Journal Import 2591655:,/CASH/RECEIPT,2,,,,,0,400,Posted
18-09-2024,01.12102.000.0000.000.3706008.00000.000,eHIS,HIS_COLLECTION,3097168 HIS_COLLECTION 3358005YT7JQCWYLTG43,500174756,Journal Import 2591655:,/EFT/RECEIPT,2,,,,,0,1000,Posted
18-09-2024,01.12102.000.0000.000.3706008.00000.000,eHIS,HIS_COLLECTION,3097182 HIS_COLLECTION 3358005YT7JQCWYLTG43,500175060,Journal Import 2591655:,/EFT/RECEIPT,2,,,,,0,250,Posted
18-09-2024,01.12102.000.0000.000.3706008.00000.000,eHIS,HIS_COLLECTION,3097192 HIS_COLLECTION 3358005YT7JQCWYLTG43,500175101,Journal Import 2591655:,/CASH/RECEIPT,2,,,,,0,1300,Posted
18-09-2024,01.12102.000.0000.000.3706008.00000.000,eHIS,HIS_COLLECTION,3097204 HIS_COLLECTION 3358005YT7JQCWYLTG43,500175026,Journal Import 2591655:,/CASH/RECEIPT,2,,,,,0,600,Posted
18-09-2024,01.12102.000.0000.000.3706008.00000.000,eHIS,HIS_COLLECTION,3097206 HIS_COLLECTION 3358005YT7JQCWYLTG43,500175107,Journal Import 2591655:,/EFT/RECEIPT,2,,,,,0,450,Posted
18-09-2024,01.12102.000.0000.000.3706008.00000.000,eHIS,HIS_COLLECTION,3097213 HIS_COLLECTION 3358005YT7JQCWYLTG43,500175063,Journal Import 2591655:,/EFT/RECEIPT,2,,,,,0,1100,Posted
18-09-2024,01.12102.000.0000.000.3706008.00000.000,eHIS,HIS_COLLECTION,3097220 HIS_COLLECTION 3358005YT7JQCWYLTG43,500174916,Journal Import 2591655:,/EFT/RECEIPT,2,,,,,0,800,Posted
18-09-2024,01.12102.000.0000.000.3706008.00000.000,eHIS,HIS_COLLECTION,3097233 HIS_COLLECTION 3358005YT7JQCWYLTG43,500175061,Journal Import 2591655:,/EFT/RECEIPT,2,,,,,0,250,Posted
18-09-2024,01.12102.000.0000.000.3706008.00000.000,eHIS,HIS_COLLECTION,3097235 HIS_COLLECTION 3358005YT7JQCWYLTG43,500175318,Journal Import 2591655:,/CASH/RECEIPT,2,,,,,0,500,Posted
18-09-2024,01.12102.000.0000.000.3706008.00000.000,eHIS,HIS_COLLECTION,3097243 HIS_COLLECTION 3358005YT7JQCWYLTG43,500175106,Journal Import 2591655:,/EFT/RECEIPT,2,,,,,0,375,Posted
18-09-2024,01.12102.000.0000.000.3706008.00000.000,eHIS,HIS_COLLECTION,3097247 HIS_COLLECTION 3358005YT7JQCWYLTG43,500174890,Journal Import 2591655:,/CASH/RECEIPT,2,,,,,0,800,Posted
18-09-2024,01.12102.000.0000.000.3706008.00000.000,eHIS,HIS_COLLECTION,3097254 HIS_COLLECTION 3358005YT7JQCWYLTG43,500174818,Journal Import 2591655:,/EFT/RECEIPT,2,,,,,0,5700,Posted
18-09-2024,01.12102.000.0000.000.3706008.00000.000,eHIS,HIS_COLLECTION,3097268 HIS_COLLECTION 3358005YT7JQCWYLTG43,500174860,Journal Import 2591655:,/EFT/RECEIPT,2,,,,,0,3410,Posted
18-09-2024,01.12102.000.0000.000.3706008.00000.000,eHIS,HIS_COLLECTION,3097273 HIS_COLLECTION 3358005YT7JQCWYLTG43,500175056,Journal Import 2591655:,/CASH/RECEIPT,2,,,,,0,1200,Posted
18-09-2024,01.12102.000.0000.000.3706008.00000.000,eHIS,HIS_COLLECTION,3097285 HIS_COLLECTION 3358005YT7JQCWYLTG43,500174977,Journal Import 2591655:,/EFT/RECEIPT,2,,,,,0,2760,Posted
18-09-2024,01.12102.000.0000.000.3706008.00000.000,eHIS,HIS_COLLECTION,3097289 HIS_COLLECTION 3358005YT7JQCWYLTG43,500174917,Journal Import 2591655:,/EFT/RECEIPT,2,,,,,0,800,Posted
18-09-2024,01.12102.000.0000.000.3706008.00000.000,eHIS,HIS_COLLECTION,3097300 HIS_COLLECTION 3358005YT7JQCWYLTG43,500174891,Journal Import 2591655:,/CASH/RECEIPT,2,,,,,0,800,Posted
18-09-2024,01.12102.000.0000.000.3706008.00000.000,eHIS,HIS_COLLECTION,3097326 HIS_COLLECTION 3358005YT7JQCWYLTG43,500175111,Journal Import 2591655:,/EFT/RECEIPT,2,,,,,0,1300,Posted
18-09-2024,01.12102.000.0000.000.3706008.00000.000,eHIS,HIS_COLLECTION,3097332 HIS_COLLECTION 3358005YT7JQCWYLTG43,500174918,Journal Import 2591655:,/EFT/RECEIPT,2,,,,,0,800,Posted
18-09-2024,01.12102.000.0000.000.3706008.00000.000,eHIS,HIS_COLLECTION,3097334 HIS_COLLECTION 3358005YT7JQCWYLTG43,500174840,Journal Import 2591655:,/CASH/RECEIPT,2,,,,,0,200,Posted
18-09-2024,01.12102.000.0000.000.3706008.00000.000,eHIS,HIS_COLLECTION,3097350 HIS_COLLECTION 3358005YT7JQCWYLTG43,500175102,Journal Import 2591655:,/CASH/RECEIPT,2,,,,,0,1300,Posted
18-09-2024,01.12102.000.0000.000.3706008.00000.000,eHIS,HIS_COLLECTION,3097364 HIS_COLLECTION 3358005YT7JQCWYLTG43,500174892,Journal Import 2591655:,/CASH/RECEIPT,2,,,,,0,800,Posted
18-09-2024,01.12102.000.0000.000.3706008.00000.000,eHIS,HIS_COLLECTION,3097370 HIS_COLLECTION 3358005YT7JQCWYLTG43,500174753,Journal Import 2591655:,/EFT/RECEIPT,2,,,,,0,100,Posted
18-09-2024,01.12102.000.0000.000.3706008.00000.000,eHIS,HIS_COLLECTION,3097376 HIS_COLLECTION 3358005YT7JQCWYLTG43,500174919,Journal Import 2591655:,/EFT/RECEIPT,2,,,,,0,800,Posted
18-09-2024,01.12102.000.0000.000.3706008.00000.000,eHIS,HIS_COLLECTION,3097381 HIS_COLLECTION 3358005YT7JQCWYLTG43,500174893,Journal Import 2591655:,/CASH/RECEIPT,2,,,,,0,800,Posted
18-09-2024,01.12102.000.0000.000.3706008.00000.000,eHIS,HIS_COLLECTION,3097393 HIS_COLLECTION 3358005YT7JQCWYLTG43,500174875,Journal Import 2591655:,/CASH/RECEIPT,2,,,,,0,1,Posted
18-09-2024,01.12102.000.0000.000.3706008.00000.000,eHIS,HIS_COLLECTION,3097396 HIS_COLLECTION 3358005YT7JQCWYLTG43,500174816,Journal Import 2591655:,/CASH/REFUND,2,,,,,1,0,Posted
18-09-2024,01.12102.000.0000.000.3706008.00000.000,eHIS,HIS_COLLECTION,3097402 HIS_COLLECTION 3358005YT7JQCWYLTG43,500175034,Journal Import 2591655:,/CARD/RECEIPT,2,,,,,0,500,Posted
18-09-2024,01.12102.000.0000.000.3706008.00000.000,eHIS,HIS_COLLECTION,3097413 HIS_COLLECTION 3358005YT7JQCWYLTG43,500175035,Journal Import 2591655:,/CARD/RECEIPT,2,,,,,0,500,Posted
18-09-2024,01.12102.000.0000.000.3706008.00000.000,eHIS,HIS_COLLECTION,3097426 HIS_COLLECTION 3358005YT7JQCWYLTG43,500174930,Journal Import 2591655:,/CARD/RECEIPT,2,,,,,0,1850,Posted
18-09-2024,01.12102.000.0000.000.3706008.00000.000,eHIS,HIS_COLLECTION,3097428 HIS_COLLECTION 3358005YT7JQCWYLTG43,500174920,Journal Import 2591655:,/CARD/RECEIPT,2,,,,,0,800,Posted
18-09-2024,01.12102.000.0000.000.3706008.00000.000,eHIS,HIS_COLLECTION,3097451 HIS_COLLECTION 3358005YT7JQCWYLTG43,500174894,Journal Import 2591655:,/CASH/RECEIPT,2,,,,,0,800,Posted
18-09-2024,01.12102.000.0000.000.3706008.00000.000,eHIS,HIS_COLLECTION,3097453 HIS_COLLECTION 3358005YT7JQCWYLTG43,500174923,Journal Import 2591655:,/CASH/RECEIPT,2,,,,,0,2400,Posted
18-09-2024,01.12102.000.0000.000.3706008.00000.000,eHIS,HIS_COLLECTION,3097455 HIS_COLLECTION 3358005YT7JQCWYLTG43,500175319,Journal Import 2591655:,/CASH/RECEIPT,2,,,,,0,500,Posted
18-09-2024,01.12102.000.0000.000.3706008.00000.000,eHIS,HIS_COLLECTION,3097458 HIS_COLLECTION 3358005YT7JQCWYLTG43,500175151,Journal Import 2591655:,/CARD/RECEIPT,2,,,,,0,200,Posted
18-09-2024,01.12102.000.0000.000.3706008.00000.000,eHIS,HIS_COLLECTION,3097462 HIS_COLLECTION 3358005YT7JQCWYLTG43,500175320,Journal Import 2591655:,/CASH/RECEIPT,2,,,,,0,500,Posted
18-09-2024,01.12102.000.0000.000.3706008.00000.000,eHIS,HIS_COLLECTION,3097470 HIS_COLLECTION 3358005YT7JQCWYLTG43,500174809,Journal Import 2591655:,/CASH/RECEIPT,2,,,,,0,100,Posted
18-09-2024,01.12102.000.0000.000.3706008.00000.000,eHIS,HIS_COLLECTION,3097476 HIS_COLLECTION 3358005YT7JQCWYLTG43,500175321,Journal Import 2591655:,/CASH/RECEIPT,2,,,,,0,500,Posted
18-09-2024,01.12102.000.0000.000.3706008.00000.000,eHIS,HIS_COLLECTION,3097478 HIS_COLLECTION 3358005YT7JQCWYLTG43,500174931,Journal Import 2591655:,/EFT/RECEIPT,2,,,,,0,1850,Posted
18-09-2024,01.12102.000.0000.000.3706008.00000.000,eHIS,HIS_COLLECTION,3097482 HIS_COLLECTION 3358005YT7JQCWYLTG43,500175057,Journal Import 2591655:,/CASH/RECEIPT,2,,,,,0,1200,Posted
18-09-2024,01.12102.000.0000.000.3706008.00000.000,eHIS,HIS_COLLECTION,3097484 HIS_COLLECTION 3358005YT7JQCWYLTG43,500174975,Journal Import 2591655:,/EFT/RECEIPT,2,,,,,0,650,Posted
18-09-2024,01.12102.000.0000.000.3706008.00000.000,eHIS,HIS_COLLECTION,3097487 HIS_COLLECTION 3358005YT7JQCWYLTG43,500174932,Journal Import 2591655:,/EFT/RECEIPT,2,,,,,0,1850,Posted
18-09-2024,01.12102.000.0000.000.3706008.00000.000,eHIS,HIS_COLLECTION,3097490 HIS_COLLECTION 3358005YT7JQCWYLTG43,500175058,Journal Import 2591655:,/CASH/RECEIPT,2,,,,,0,1200,Posted
18-09-2024,01.12102.000.0000.000.3706008.00000.000,eHIS,HIS_COLLECTION,3097494 HIS_COLLECTION 3358005YT7JQCWYLTG43,500174943,Journal Import 2591655:,/EFT/RECEIPT,2,,,,,0,600,Posted
19-09-2024,01.12102.000.0000.000.3706008.00000.000,eHIS,HIS_COLLECTION,3097496 HIS_COLLECTION 3358005YT7JQCWYLTG43,500175399,Journal Import 2599930:,/EFT/RECEIPT,2,,,,,0,350,Posted
18-09-2024,01.12102.000.0000.000.3706008.00000.000,eHIS,HIS_COLLECTION,3097502 HIS_COLLECTION 3358005YT7JQCWYLTG43,500174757,Journal Import 2591655:,/EFT/RECEIPT,2,,,,,0,1000,Posted
18-09-2024,01.12102.000.0000.000.3706008.00000.000,eHIS,HIS_COLLECTION,3097504 HIS_COLLECTION 3358005YT7JQCWYLTG43,500175103,Journal Import 2591655:,/CASH/RECEIPT,2,,,,,0,1300,Posted
18-09-2024,01.12102.000.0000.000.3706008.00000.000,eHIS,HIS_COLLECTION,3097508 HIS_COLLECTION 3358005YT7JQCWYLTG43,500175064,Journal Import 2591655:,/EFT/RECEIPT,2,,,,,0,1100,Posted
18-09-2024,01.12102.000.0000.000.3706008.00000.000,eHIS,HIS_COLLECTION,3097512 HIS_COLLECTION 3358005YT7JQCWYLTG43,500175086,Journal Import 2591655:,/EFT/RECEIPT,2,,,,,0,1200,Posted
18-09-2024,01.12102.000.0000.000.3706008.00000.000,eHIS,HIS_COLLECTION,3097515 HIS_COLLECTION 3358005YT7JQCWYLTG43,500174810,Journal Import 2591655:,/CASH/RECEIPT,2,,,,,0,100,Posted
18-09-2024,01.12102.000.0000.000.3706008.00000.000,eHIS,HIS_COLLECTION,3097522 HIS_COLLECTION 3358005YT7JQCWYLTG43,500174921,Journal Import 2591655:,/EFT/RECEIPT,2,,,,,0,800,Posted
18-09-2024,01.12102.000.0000.000.3706008.00000.000,eHIS,HIS_COLLECTION,3097524 HIS_COLLECTION 3358005YT7JQCWYLTG43,500174814,Journal Import 2591655:,/CASH/RECEIPT,2,,,,,0,801,Posted
18-09-2024,01.12102.000.0000.000.3706008.00000.000,eHIS,HIS_COLLECTION,3097531 HIS_COLLECTION 3358005YT7JQCWYLTG43,500174811,Journal Import 2591655:,/CASH/RECEIPT,2,,,,,0,100,Posted
18-09-2024,01.12102.000.0000.000.3706008.00000.000,eHIS,HIS_COLLECTION,3097533 HIS_COLLECTION 3358005YT7JQCWYLTG43,500175025,Journal Import 2591655:,/CASH/RECEIPT,3,,,,,0,560,Posted
18-09-2024,01.12102.000.0000.000.3706008.00000.000,eHIS,HIS_COLLECTION,3097533 HIS_COLLECTION 3358005YT7JQCWYLTG43,500175025,Journal Import 2591655:,/EFT/RECEIPT,4,,,,,0,4300,Posted
18-09-2024,01.12102.000.0000.000.3706008.00000.000,eHIS,HIS_COLLECTION,3097537 HIS_COLLECTION 3358005YT7JQCWYLTG43,500174845,Journal Import 2591655:,/CASH/RECEIPT,2,,,,,0,1000,Posted
18-09-2024,01.12102.000.0000.000.3706008.00000.000,eHIS,HIS_COLLECTION,3097539 HIS_COLLECTION 3358005YT7JQCWYLTG43,500175104,Journal Import 2591655:,/CASH/RECEIPT,2,,,,,0,1300,Posted
18-09-2024,01.12102.000.0000.000.3706008.00000.000,eHIS,HIS_COLLECTION,3097546 HIS_COLLECTION 3358005YT7JQCWYLTG43,500175109,Journal Import 2591655:,/CARD/RECEIPT,2,,,,,0,1294,Posted
19-09-2024,01.12102.000.0000.000.3706008.00000.000,eHIS,HIS_COLLECTION,3097551 HIS_COLLECTION 3358005YT7JQCWYLTG43,500175400,Journal Import 2599930:,/EFT/RECEIPT,2,,,,,0,350,Posted
18-09-2024,01.12102.000.0000.000.3706008.00000.000,eHIS,HIS_COLLECTION,3097553 HIS_COLLECTION 3358005YT7JQCWYLTG43,500174812,Journal Import 2591655:,/CASH/RECEIPT,2,,,,,0,100,Posted
18-09-2024,01.12102.000.0000.000.3706008.00000.000,eHIS,HIS_COLLECTION,3097561 HIS_COLLECTION 3358005YT7JQCWYLTG43,500174940,Journal Import 2591655:,/CASH/RECEIPT,2,,,,,0,3500,Posted
18-09-2024,01.12102.000.0000.000.3706008.00000.000,eHIS,HIS_COLLECTION,3097565 HIS_COLLECTION 3358005YT7JQCWYLTG43,500175147,Journal Import 2591655:,/CARD/RECEIPT,2,,,,,0,155,Posted
18-09-2024,01.12102.000.0000.000.3706008.00000.000,eHIS,HIS_COLLECTION,3097570 HIS_COLLECTION 3358005YT7JQCWYLTG43,500174835,Journal Import 2591655:,/CARD/RECEIPT,2,,,,,0,6168,Posted
18-09-2024,01.12102.000.0000.000.3706008.00000.000,eHIS,HIS_COLLECTION,3097572 HIS_COLLECTION 3358005YT7JQCWYLTG43,500175322,Journal Import 2591655:,/CASH/RECEIPT,2,,,,,0,500,Posted
18-09-2024,01.12102.000.0000.000.3706008.00000.000,eHIS,HIS_COLLECTION,3097574 HIS_COLLECTION 3358005YT7JQCWYLTG43,500174813,Journal Import 2591655:,/CASH/RECEIPT,2,,,,,0,100,Posted
18-09-2024,01.12102.000.0000.000.3706008.00000.000,eHIS,HIS_COLLECTION,3097577 HIS_COLLECTION 3358005YT7JQCWYLTG43,500174832,Journal Import 2591655:,/CASH/REFUND,2,,,,,5700,0,Posted
18-09-2024,01.12102.000.0000.000.3706008.00000.000,eHIS,HIS_COLLECTION,3097587 HIS_COLLECTION 3358005YT7JQCWYLTG43,500174794,Journal Import 2591655:,/CARD/RECEIPT,2,,,,,0,800,Posted
18-09-2024,01.12102.000.0000.000.3706008.00000.000,eHIS,HIS_COLLECTION,3097603 HIS_COLLECTION 3358005YT7JQCWYLTG43,500175152,Journal Import 2591655:,/EFT/RECEIPT,2,,,,,0,200,Posted
18-09-2024,01.12102.000.0000.000.3706008.00000.000,eHIS,HIS_COLLECTION,3097614 HIS_COLLECTION 3358005YT7JQCWYLTG43,500174758,Journal Import 2591655:,/EFT/RECEIPT,2,,,,,0,1000,Posted
18-09-2024,01.12102.000.0000.000.3706008.00000.000,eHIS,HIS_COLLECTION,3097615 HIS_COLLECTION 3358005YT7JQCWYLTG43,500175029,Journal Import 2591655:,/CASH/RECEIPT,2,,,,,0,2120,Posted
18-09-2024,01.12102.000.0000.000.3706008.00000.000,eHIS,HIS_COLLECTION,3097631 HIS_COLLECTION 3358005YT7JQCWYLTG43,500174997,Journal Import 2591655:,/CASH/RECEIPT,2,,,,,0,1850,Posted
19-09-2024,01.12102.000.0000.000.3706008.00000.000,eHIS,HIS_COLLECTION,3097643 HIS_COLLECTION 3358005YT7JQCWYLTG43,500175509,Journal Import 2591655:,/CASH/RECEIPT,2,,,,,0,900,Posted
19-09-2024,01.12102.000.0000.000.3706008.00000.000,eHIS,HIS_COLLECTION,3097650 HIS_COLLECTION 3358005YT7JQCWYLTG43,500175510,Journal Import 2591655:,/CASH/RECEIPT,2,,,,,0,900,Posted
19-09-2024,01.12102.000.0000.000.3706008.00000.000,eHIS,HIS_COLLECTION,3097652 HIS_COLLECTION 3358005YT7JQCWYLTG43,500175511,Journal Import 2591655:,/CASH/RECEIPT,2,,,,,0,900,Posted
19-09-2024,01.12102.000.0000.000.3706008.00000.000,eHIS,HIS_COLLECTION,3097659 HIS_COLLECTION 3358005YT7JQCWYLTG43,500175522,Journal Import 2591655:,/CARD/RECEIPT,2,,,,,0,900,Posted
19-09-2024,01.12102.000.0000.000.3706008.00000.000,eHIS,HIS_COLLECTION,3097668 HIS_COLLECTION 3358005YT7JQCWYLTG43,500175523,Journal Import 2591655:,/EFT/RECEIPT,2,,,,,0,900,Posted
19-09-2024,01.12102.000.0000.000.3706008.00000.000,eHIS,HIS_COLLECTION,3097680 HIS_COLLECTION 3358005YT7JQCWYLTG43,500175438,Journal Import 2591655:,/CASH/RECEIPT,2,,,,,0,1000,Posted
19-09-2024,01.12102.000.0000.000.3706008.00000.000,eHIS,HIS_COLLECTION,3097705 HIS_COLLECTION 3358005YT7JQCWYLTG43,500175762,Journal Import 2591655:,/EFT/RECEIPT,2,,,,,0,550,Posted
19-09-2024,01.12102.000.0000.000.3706008.00000.000,eHIS,HIS_COLLECTION,3097744 HIS_COLLECTION 3358005YT7JQCWYLTG43,500175949,Journal Import 2591655:,/CASH/RECEIPT,2,,,,,0,1200,Posted
19-09-2024,01.12102.000.0000.000.3706008.00000.000,eHIS,HIS_COLLECTION,3097750 HIS_COLLECTION 3358005YT7JQCWYLTG43,500175796,Journal Import 2591655:,/EFT/RECEIPT,2,,,,,0,1500,Posted
19-09-2024,01.12102.000.0000.000.3706008.00000.000,eHIS,HIS_COLLECTION,3097759 HIS_COLLECTION 3358005YT7JQCWYLTG43,500175629,Journal Import 2591655:,/EFT/RECEIPT,2,,,,,0,3500,Posted
19-09-2024,01.12102.000.0000.000.3706008.00000.000,eHIS,HIS_COLLECTION,3097763 HIS_COLLECTION 3358005YT7JQCWYLTG43,500175763,Journal Import 2591655:,/CARD/RECEIPT,2,,,,,0,1850,Posted
19-09-2024,01.12102.000.0000.000.3706008.00000.000,eHIS,HIS_COLLECTION,3097768 HIS_COLLECTION 3358005YT7JQCWYLTG43,500175757,Journal Import 2591655:,/CASH/RECEIPT,2,,,,,0,700,Posted
19-09-2024,01.12102.000.0000.000.3706008.00000.000,eHIS,HIS_COLLECTION,3097770 HIS_COLLECTION 3358005YT7JQCWYLTG43,500175950,Journal Import 2591655:,/CASH/RECEIPT,2,,,,,0,1200,Posted
19-09-2024,01.12102.000.0000.000.3706008.00000.000,eHIS,HIS_COLLECTION,3097773 HIS_COLLECTION 3358005YT7JQCWYLTG43,500175758,Journal Import 2591655:,/CASH/RECEIPT,2,,,,,0,700,Posted
19-09-2024,01.12102.000.0000.000.3706008.00000.000,eHIS,HIS_COLLECTION,3097775 HIS_COLLECTION 3358005YT7JQCWYLTG43,500175776,Journal Import 2591655:,/CASH/RECEIPT,2,,,,,0,700,Posted
19-09-2024,01.12102.000.0000.000.3706008.00000.000,eHIS,HIS_COLLECTION,3097777 HIS_COLLECTION 3358005YT7JQCWYLTG43,500175951,Journal Import 2591655:,/CASH/RECEIPT,2,,,,,0,1200,Posted
19-09-2024,01.12102.000.0000.000.3706008.00000.000,eHIS,HIS_COLLECTION,3097779 HIS_COLLECTION 3358005YT7JQCWYLTG43,500176246,Journal Import 2591655:,/CASH/RECEIPT,2,,,,,0,500,Posted
19-09-2024,01.12102.000.0000.000.3706008.00000.000,eHIS,HIS_COLLECTION,3097785 HIS_COLLECTION 3358005YT7JQCWYLTG43,500175477,Journal Import 2591655:,/CASH/RECEIPT,2,,,,,0,100,Posted
19-09-2024,01.12102.000.0000.000.3706008.00000.000,eHIS,HIS_COLLECTION,3097789 HIS_COLLECTION 3358005YT7JQCWYLTG43,500175431,Journal Import 2591655:,/CASH/RECEIPT,2,,,,,0,200,Posted
19-09-2024,01.12102.000.0000.000.3706008.00000.000,eHIS,HIS_COLLECTION,3097791 HIS_COLLECTION 3358005YT7JQCWYLTG43,500175777,Journal Import 2591655:,/CASH/RECEIPT,2,,,,,0,700,Posted
19-09-2024,01.12102.000.0000.000.3706008.00000.000,eHIS,HIS_COLLECTION,3097793 HIS_COLLECTION 3358005YT7JQCWYLTG43,500175778,Journal Import 2591655:,/CASH/RECEIPT,2,,,,,0,700,Posted
19-09-2024,01.12102.000.0000.000.3706008.00000.000,eHIS,HIS_COLLECTION,3097805 HIS_COLLECTION 3358005YT7JQCWYLTG43,500175920,Journal Import 2591655:,/CASH/RECEIPT,2,,,,,0,1100,Posted
19-09-2024,01.12102.000.0000.000.3706008.00000.000,eHIS,HIS_COLLECTION,3097806 HIS_COLLECTION 3358005YT7JQCWYLTG43,500175478,Journal Import 2591655:,/CASH/RECEIPT,2,,,,,0,100,Posted
19-09-2024,01.12102.000.0000.000.3706008.00000.000,eHIS,HIS_COLLECTION,3097812 HIS_COLLECTION 3358005YT7JQCWYLTG43,500175671,Journal Import 2591655:,/EFT/RECEIPT,2,,,,,0,571,Posted
19-09-2024,01.12102.000.0000.000.3706008.00000.000,eHIS,HIS_COLLECTION,3097813 HIS_COLLECTION 3358005YT7JQCWYLTG43,500175446,Journal Import 2591655:,/EFT/RECEIPT,2,,,,,0,2,Posted
19-09-2024,01.12102.000.0000.000.3706008.00000.000,eHIS,HIS_COLLECTION,3097822 HIS_COLLECTION 3358005YT7JQCWYLTG43,500175779,Journal Import 2591655:,/CASH/RECEIPT,2,,,,,0,700,Posted
19-09-2024,01.12102.000.0000.000.3706008.00000.000,eHIS,HIS_COLLECTION,3097824 HIS_COLLECTION 3358005YT7JQCWYLTG43,500175780,Journal Import 2591655:,/CASH/RECEIPT,2,,,,,0,700,Posted
19-09-2024,01.12102.000.0000.000.3706008.00000.000,eHIS,HIS_COLLECTION,3097826 HIS_COLLECTION 3358005YT7JQCWYLTG43,500175781,Journal Import 2591655:,/CASH/RECEIPT,2,,,,,0,700,Posted
19-09-2024,01.12102.000.0000.000.3706008.00000.000,eHIS,HIS_COLLECTION,3097828 HIS_COLLECTION 3358005YT7JQCWYLTG43,500175782,Journal Import 2591655:,/CASH/RECEIPT,2,,,,,0,700,Posted
19-09-2024,01.12102.000.0000.000.3706008.00000.000,eHIS,HIS_COLLECTION,3097832 HIS_COLLECTION 3358005YT7JQCWYLTG43,500175783,Journal Import 2591655:,/CASH/RECEIPT,2,,,,,0,700,Posted
19-09-2024,01.12102.000.0000.000.3706008.00000.000,eHIS,HIS_COLLECTION,3097834 HIS_COLLECTION 3358005YT7JQCWYLTG43,500175784,Journal Import 2591655:,/CASH/RECEIPT,2,,,,,0,700,Posted
19-09-2024,01.12102.000.0000.000.3706008.00000.000,eHIS,HIS_COLLECTION,3097836 HIS_COLLECTION 3358005YT7JQCWYLTG43,500175785,Journal Import 2591655:,/CASH/RECEIPT,2,,,,,0,700,Posted
19-09-2024,01.12102.000.0000.000.3706008.00000.000,eHIS,HIS_COLLECTION,3097840 HIS_COLLECTION 3358005YT7JQCWYLTG43,500175786,Journal Import 2591655:,/CASH/RECEIPT,2,,,,,0,700,Posted
19-09-2024,01.12102.000.0000.000.3706008.00000.000,eHIS,HIS_COLLECTION,3097842 HIS_COLLECTION 3358005YT7JQCWYLTG43,500175787,Journal Import 2591655:,/CASH/RECEIPT,2,,,,,0,700,Posted
19-09-2024,01.12102.000.0000.000.3706008.00000.000,eHIS,HIS_COLLECTION,3097845 HIS_COLLECTION 3358005YT7JQCWYLTG43,500175788,Journal Import 2591655:,/CASH/RECEIPT,2,,,,,0,700,Posted
19-09-2024,01.12102.000.0000.000.3706008.00000.000,eHIS,HIS_COLLECTION,3097847 HIS_COLLECTION 3358005YT7JQCWYLTG43,500175789,Journal Import 2591655:,/CASH/RECEIPT,2,,,,,0,700,Posted
19-09-2024,01.12102.000.0000.000.3706008.00000.000,eHIS,HIS_COLLECTION,3097849 HIS_COLLECTION 3358005YT7JQCWYLTG43,500175662,Journal Import 2591655:,/CASH/RECEIPT,2,,,,,0,700,Posted
19-09-2024,01.12102.000.0000.000.3706008.00000.000,eHIS,HIS_COLLECTION,3097851 HIS_COLLECTION 3358005YT7JQCWYLTG43,500175952,Journal Import 2591655:,/CASH/RECEIPT,2,,,,,0,1200,Posted
19-09-2024,01.12102.000.0000.000.3706008.00000.000,eHIS,HIS_COLLECTION,3097853 HIS_COLLECTION 3358005YT7JQCWYLTG43,500175663,Journal Import 2591655:,/CASH/RECEIPT,2,,,,,0,700,Posted
19-09-2024,01.12102.000.0000.000.3706008.00000.000,eHIS,HIS_COLLECTION,3097855 HIS_COLLECTION 3358005YT7JQCWYLTG43,500175664,Journal Import 2591655:,/CASH/RECEIPT,2,,,,,0,700,Posted
19-09-2024,01.12102.000.0000.000.3706008.00000.000,eHIS,HIS_COLLECTION,3097858 HIS_COLLECTION 3358005YT7JQCWYLTG43,500175665,Journal Import 2591655:,/CASH/RECEIPT,2,,,,,0,700,Posted
19-09-2024,01.12102.000.0000.000.3706008.00000.000,eHIS,HIS_COLLECTION,3097860 HIS_COLLECTION 3358005YT7JQCWYLTG43,500175666,Journal Import 2591655:,/CASH/RECEIPT,2,,,,,0,700,Posted
19-09-2024,01.12102.000.0000.000.3706008.00000.000,eHIS,HIS_COLLECTION,3097862 HIS_COLLECTION 3358005YT7JQCWYLTG43,500175691,Journal Import 2591655:,/CASH/RECEIPT,2,,,,,0,700,Posted
19-09-2024,01.12102.000.0000.000.3706008.00000.000,eHIS,HIS_COLLECTION,3097864 HIS_COLLECTION 3358005YT7JQCWYLTG43,500175692,Journal Import 2591655:,/CASH/RECEIPT,2,,,,,0,700,Posted
19-09-2024,01.12102.000.0000.000.3706008.00000.000,eHIS,HIS_COLLECTION,3097866 HIS_COLLECTION 3358005YT7JQCWYLTG43,500175460,Journal Import 2591655:,/CASH/RECEIPT,2,,,,,0,300,Posted
19-09-2024,01.12102.000.0000.000.3706008.00000.000,eHIS,HIS_COLLECTION,3097868 HIS_COLLECTION 3358005YT7JQCWYLTG43,500175461,Journal Import 2591655:,/CASH/RECEIPT,2,,,,,0,300,Posted
19-09-2024,01.12102.000.0000.000.3706008.00000.000,eHIS,HIS_COLLECTION,3097870 HIS_COLLECTION 3358005YT7JQCWYLTG43,500175462,Journal Import 2591655:,/CASH/RECEIPT,2,,,,,0,300,Posted
19-09-2024,01.12102.000.0000.000.3706008.00000.000,eHIS,HIS_COLLECTION,3097872 HIS_COLLECTION 3358005YT7JQCWYLTG43,500175463,Journal Import 2591655:,/CASH/RECEIPT,2,,,,,0,300,Posted
19-09-2024,01.12102.000.0000.000.3706008.00000.000,eHIS,HIS_COLLECTION,3097874 HIS_COLLECTION 3358005YT7JQCWYLTG43,500175464,Journal Import 2591655:,/CASH/RECEIPT,2,,,,,0,300,Posted
19-09-2024,01.12102.000.0000.000.3706008.00000.000,eHIS,HIS_COLLECTION,3097876 HIS_COLLECTION 3358005YT7JQCWYLTG43,500176035,Journal Import 2591655:,/CASH/RECEIPT,2,,,,,0,300,Posted
19-09-2024,01.12102.000.0000.000.3706008.00000.000,eHIS,HIS_COLLECTION,3097878 HIS_COLLECTION 3358005YT7JQCWYLTG43,500176036,Journal Import 2591655:,/CASH/RECEIPT,2,,,,,0,300,Posted
19-09-2024,01.12102.000.0000.000.3706008.00000.000,eHIS,HIS_COLLECTION,3097880 HIS_COLLECTION 3358005YT7JQCWYLTG43,500176037,Journal Import 2591655:,/CASH/RECEIPT,2,,,,,0,300,Posted
19-09-2024,01.12102.000.0000.000.3706008.00000.000,eHIS,HIS_COLLECTION,3097882 HIS_COLLECTION 3358005YT7JQCWYLTG43,500176038,Journal Import 2591655:,/CASH/RECEIPT,2,,,,,0,300,Posted
19-09-2024,01.12102.000.0000.000.3706008.00000.000,eHIS,HIS_COLLECTION,3097884 HIS_COLLECTION 3358005YT7JQCWYLTG43,500176039,Journal Import 2591655:,/CASH/RECEIPT,2,,,,,0,300,Posted
19-09-2024,01.12102.000.0000.000.3706008.00000.000,eHIS,HIS_COLLECTION,3097886 HIS_COLLECTION 3358005YT7JQCWYLTG43,500176040,Journal Import 2591655:,/CASH/RECEIPT,2,,,,,0,300,Posted
19-09-2024,01.12102.000.0000.000.3706008.00000.000,eHIS,HIS_COLLECTION,3097888 HIS_COLLECTION 3358005YT7JQCWYLTG43,500176041,Journal Import 2591655:,/CASH/RECEIPT,2,,,,,0,300,Posted
19-09-2024,01.12102.000.0000.000.3706008.00000.000,eHIS,HIS_COLLECTION,3097899 HIS_COLLECTION 3358005YT7JQCWYLTG43,500175373,Journal Import 2591655:,/CARD/RECEIPT,2,,,,,0,100,Posted
19-09-2024,01.12102.000.0000.000.3706008.00000.000,eHIS,HIS_COLLECTION,3097920 HIS_COLLECTION 3358005YT7JQCWYLTG43,500175493,Journal Import 2591655:,/EFT/RECEIPT,2,,,,,0,5888,Posted
19-09-2024,01.12102.000.0000.000.3706008.00000.000,eHIS,HIS_COLLECTION,3097922 HIS_COLLECTION 3358005YT7JQCWYLTG43,500175494,Journal Import 2591655:,/EFT/RECEIPT,2,,,,,0,5888,Posted
19-09-2024,01.12102.000.0000.000.3706008.00000.000,eHIS,HIS_COLLECTION,3097928 HIS_COLLECTION 3358005YT7JQCWYLTG43,500175374,Journal Import 2591655:,/EFT/RECEIPT,2,,,,,0,100,Posted
19-09-2024,01.12102.000.0000.000.3706008.00000.000,eHIS,HIS_COLLECTION,3097930 HIS_COLLECTION 3358005YT7JQCWYLTG43,500175531,Journal Import 2591655:,/CARD/RECEIPT,2,,,,,0,6900,Posted
19-09-2024,01.12102.000.0000.000.3706008.00000.000,eHIS,HIS_COLLECTION,3097932 HIS_COLLECTION 3358005YT7JQCWYLTG43,500175532,Journal Import 2591655:,/CARD/RECEIPT,2,,,,,0,6900,Posted
19-09-2024,01.12102.000.0000.000.3706008.00000.000,eHIS,HIS_COLLECTION,3097937 HIS_COLLECTION 3358005YT7JQCWYLTG43,500175822,Journal Import 2591655:,/CASH/RECEIPT,2,,,,,0,2000,Posted
19-09-2024,01.12102.000.0000.000.3706008.00000.000,eHIS,HIS_COLLECTION,3097938 HIS_COLLECTION 3358005YT7JQCWYLTG43,500175491,Journal Import 2591655:,/EFT/RECEIPT,2,,,,,0,860,Posted
19-09-2024,01.12102.000.0000.000.3706008.00000.000,eHIS,HIS_COLLECTION,3097940 HIS_COLLECTION 3358005YT7JQCWYLTG43,500175630,Journal Import 2591655:,/CARD/RECEIPT,2,,,,,0,3500,Posted
19-09-2024,01.12102.000.0000.000.3706008.00000.000,eHIS,HIS_COLLECTION,3097943 HIS_COLLECTION 3358005YT7JQCWYLTG43,500175631,Journal Import 2591655:,/CARD/RECEIPT,2,,,,,0,3500,Posted
19-09-2024,01.12102.000.0000.000.3706008.00000.000,eHIS,HIS_COLLECTION,3097945 HIS_COLLECTION 3358005YT7JQCWYLTG43,500175375,Journal Import 2591655:,/EFT/RECEIPT,2,,,,,0,100,Posted
19-09-2024,01.12102.000.0000.000.3706008.00000.000,eHIS,HIS_COLLECTION,3097954 HIS_COLLECTION 3358005YT7JQCWYLTG43,500175759,Journal Import 2591655:,/CASH/RECEIPT,2,,,,,0,2450,Posted
19-09-2024,01.12102.000.0000.000.3706008.00000.000,eHIS,HIS_COLLECTION,3097960 HIS_COLLECTION 3358005YT7JQCWYLTG43,500175764,Journal Import 2591655:,/EFT/RECEIPT,2,,,,,0,1850,Posted
19-09-2024,01.12102.000.0000.000.3706008.00000.000,eHIS,HIS_COLLECTION,3097969 HIS_COLLECTION 3358005YT7JQCWYLTG43,500175533,Journal Import 2591655:,/CARD/RECEIPT,2,,,,,0,6988,Posted
19-09-2024,01.12102.000.0000.000.3706008.00000.000,eHIS,HIS_COLLECTION,3097987 HIS_COLLECTION 3358005YT7JQCWYLTG43,500175479,Journal Import 2591655:,/CASH/RECEIPT,2,,,,,0,100,Posted
19-09-2024,01.12102.000.0000.000.3706008.00000.000,eHIS,HIS_COLLECTION,3098018 HIS_COLLECTION 3358005YT7JQCWYLTG43,500175919,Journal Import 2591655:,/CASH/RECEIPT,2,,,,,0,1080,Posted
19-09-2024,01.12102.000.0000.000.3706008.00000.000,eHIS,HIS_COLLECTION,3098022 HIS_COLLECTION 3358005YT7JQCWYLTG43,500175765,Journal Import 2591655:,/CARD/RECEIPT,2,,,,,0,1850,Posted
19-09-2024,01.12102.000.0000.000.3706008.00000.000,eHIS,HIS_COLLECTION,3098030 HIS_COLLECTION 3358005YT7JQCWYLTG43,500175696,Journal Import 2591655:,/CASH/RECEIPT,2,,,,,0,4500,Posted
19-09-2024,01.12102.000.0000.000.3706008.00000.000,eHIS,HIS_COLLECTION,3098066 HIS_COLLECTION 3358005YT7JQCWYLTG43,500175540,Journal Import 2591655:,/CASH/RECEIPT,2,,,,,0,800,Posted
19-09-2024,01.12102.000.0000.000.3706008.00000.000,eHIS,HIS_COLLECTION,3098085 HIS_COLLECTION 3358005YT7JQCWYLTG43,500175480,Journal Import 2591655:,/CASH/RECEIPT,2,,,,,0,100,Posted
19-09-2024,01.12102.000.0000.000.3706008.00000.000,eHIS,HIS_COLLECTION,3098095 HIS_COLLECTION 3358005YT7JQCWYLTG43,500175824,Journal Import 2591655:,/EFT/RECEIPT,2,,,,,0,500,Posted
19-09-2024,01.12102.000.0000.000.3706008.00000.000,eHIS,HIS_COLLECTION,3098106 HIS_COLLECTION 3358005YT7JQCWYLTG43,500175439,Journal Import 2591655:,/CASH/RECEIPT,2,,,,,0,1000,Posted
19-09-2024,01.12102.000.0000.000.3706008.00000.000,eHIS,HIS_COLLECTION,3098110 HIS_COLLECTION 3358005YT7JQCWYLTG43,500175632,Journal Import 2591655:,/EFT/RECEIPT,2,,,,,0,3500,Posted
19-09-2024,01.12102.000.0000.000.3706008.00000.000,eHIS,HIS_COLLECTION,3098148 HIS_COLLECTION 3358005YT7JQCWYLTG43,500175541,Journal Import 2591655:,/CASH/RECEIPT,2,,,,,0,800,Posted
19-09-2024,01.12102.000.0000.000.3706008.00000.000,eHIS,HIS_COLLECTION,3098152 HIS_COLLECTION 3358005YT7JQCWYLTG43,500175633,Journal Import 2591655:,/CARD/RECEIPT,2,,,,,0,3500,Posted
19-09-2024,01.12102.000.0000.000.3706008.00000.000,eHIS,HIS_COLLECTION,3098161 HIS_COLLECTION 3358005YT7JQCWYLTG43,500176247,Journal Import 2591655:,/CASH/RECEIPT,2,,,,,0,500,Posted
19-09-2024,01.12102.000.0000.000.3706008.00000.000,eHIS,HIS_COLLECTION,3098170 HIS_COLLECTION 3358005YT7JQCWYLTG43,500175542,Journal Import 2591655:,/CASH/RECEIPT,2,,,,,0,800,Posted
19-09-2024,01.12102.000.0000.000.3706008.00000.000,eHIS,HIS_COLLECTION,3098177 HIS_COLLECTION 3358005YT7JQCWYLTG43,500175946,Journal Import 2591655:,/CASH/RECEIPT,2,,,,,0,400,Posted
19-09-2024,01.12102.000.0000.000.3706008.00000.000,eHIS,HIS_COLLECTION,3098197 HIS_COLLECTION 3358005YT7JQCWYLTG43,500175440,Journal Import 2591655:,/CASH/RECEIPT,2,,,,,0,1000,Posted
19-09-2024,01.12102.000.0000.000.3706008.00000.000,eHIS,HIS_COLLECTION,3098199 HIS_COLLECTION 3358005YT7JQCWYLTG43,500175902,Journal Import 2591655:,/CASH/RECEIPT,2,,,,,0,1300,Posted
19-09-2024,01.12102.000.0000.000.3706008.00000.000,eHIS,HIS_COLLECTION,3098209 HIS_COLLECTION 3358005YT7JQCWYLTG43,500175441,Journal Import 2591655:,/CASH/RECEIPT,2,,,,,0,1000,Posted
19-09-2024,01.12102.000.0000.000.3706008.00000.000,eHIS,HIS_COLLECTION,3098219 HIS_COLLECTION 3358005YT7JQCWYLTG43,500175378,Journal Import 2591655:,/EFT/RECEIPT,2,,,,,0,1000,Posted
19-09-2024,01.12102.000.0000.000.3706008.00000.000,eHIS,HIS_COLLECTION,3098222 HIS_COLLECTION 3358005YT7JQCWYLTG43,500176248,Journal Import 2591655:,/CASH/RECEIPT,2,,,,,0,500,Posted
19-09-2024,01.12102.000.0000.000.3706008.00000.000,eHIS,HIS_COLLECTION,3098238 HIS_COLLECTION 3358005YT7JQCWYLTG43,500175798,Journal Import 2591655:,/CARD/RECEIPT,2,,,,,0,1700,Posted
19-09-2024,01.12102.000.0000.000.3706008.00000.000,eHIS,HIS_COLLECTION,3098246 HIS_COLLECTION 3358005YT7JQCWYLTG43,500175825,Journal Import 2591655:,/CARD/RECEIPT,2,,,,,0,500,Posted
19-09-2024,01.12102.000.0000.000.3706008.00000.000,eHIS,HIS_COLLECTION,3098247 HIS_COLLECTION 3358005YT7JQCWYLTG43,500175447,Journal Import 2591655:,/EFT/RECEIPT,2,,,,,0,950,Posted
19-09-2024,01.12102.000.0000.000.3706008.00000.000,eHIS,HIS_COLLECTION,3098249 HIS_COLLECTION 3358005YT7JQCWYLTG43,500175947,Journal Import 2591655:,/CASH/RECEIPT,2,,,,,0,400,Posted
19-09-2024,01.12102.000.0000.000.3706008.00000.000,eHIS,HIS_COLLECTION,3098261 HIS_COLLECTION 3358005YT7JQCWYLTG43,500175754,Journal Import 2591655:,/CASH/RECEIPT,2,,,,,0,650,Posted
19-09-2024,01.12102.000.0000.000.3706008.00000.000,eHIS,HIS_COLLECTION,3098263 HIS_COLLECTION 3358005YT7JQCWYLTG43,500175524,Journal Import 2591655:,/EFT/RECEIPT,2,,,,,0,900,Posted
19-09-2024,01.12102.000.0000.000.3706008.00000.000,eHIS,HIS_COLLECTION,3098265 HIS_COLLECTION 3358005YT7JQCWYLTG43,500175930,Journal Import 2591655:,/EFT/RECEIPT,2,,,,,0,10820,Posted
19-09-2024,01.12102.000.0000.000.3706008.00000.000,eHIS,HIS_COLLECTION,3098269 HIS_COLLECTION 3358005YT7JQCWYLTG43,500175376,Journal Import 2591655:,/EFT/RECEIPT,2,,,,,0,100,Posted
19-09-2024,01.12102.000.0000.000.3706008.00000.000,eHIS,HIS_COLLECTION,3098277 HIS_COLLECTION 3358005YT7JQCWYLTG43,500175543,Journal Import 2591655:,/CASH/RECEIPT,2,,,,,0,800,Posted
19-09-2024,01.12102.000.0000.000.3706008.00000.000,eHIS,HIS_COLLECTION,3098283 HIS_COLLECTION 3358005YT7JQCWYLTG43,500175465,Journal Import 2591655:,/CASH/RECEIPT,2,,,,,0,1000,Posted
19-09-2024,01.12102.000.0000.000.3706008.00000.000,eHIS,HIS_COLLECTION,3098287 HIS_COLLECTION 3358005YT7JQCWYLTG43,500175525,Journal Import 2591655:,/EFT/RECEIPT,2,,,,,0,900,Posted
19-09-2024,01.12102.000.0000.000.3706008.00000.000,eHIS,HIS_COLLECTION,3098295 HIS_COLLECTION 3358005YT7JQCWYLTG43,500175693,Journal Import 2591655:,/CASH/RECEIPT,2,,,,,0,700,Posted
19-09-2024,01.12102.000.0000.000.3706008.00000.000,eHIS,HIS_COLLECTION,3098298 HIS_COLLECTION 3358005YT7JQCWYLTG43,500176249,Journal Import 2591655:,/CASH/RECEIPT,2,,,,,0,500,Posted
19-09-2024,01.12102.000.0000.000.3706008.00000.000,eHIS,HIS_COLLECTION,3098324 HIS_COLLECTION 3358005YT7JQCWYLTG43,500175544,Journal Import 2591655:,/CASH/RECEIPT,2,,,,,0,800,Posted
19-09-2024,01.12102.000.0000.000.3706008.00000.000,eHIS,HIS_COLLECTION,3098332 HIS_COLLECTION 3358005YT7JQCWYLTG43,500175545,Journal Import 2591655:,/CASH/RECEIPT,2,,,,,0,800,Posted
19-09-2024,01.12102.000.0000.000.3706008.00000.000,eHIS,HIS_COLLECTION,3098338 HIS_COLLECTION 3358005YT7JQCWYLTG43,500175628,Journal Import 2591655:,/EFT/RECEIPT,2,,,,,0,3157,Posted
19-09-2024,01.12102.000.0000.000.3706008.00000.000,eHIS,HIS_COLLECTION,3098346 HIS_COLLECTION 3358005YT7JQCWYLTG43,500175792,Journal Import 2591655:,/CASH/RECEIPT,2,,,,,0,1850,Posted
19-09-2024,01.12102.000.0000.000.3706008.00000.000,eHIS,HIS_COLLECTION,3098350 HIS_COLLECTION 3358005YT7JQCWYLTG43,500175546,Journal Import 2591655:,/CASH/RECEIPT,2,,,,,0,800,Posted
19-09-2024,01.12102.000.0000.000.3706008.00000.000,eHIS,HIS_COLLECTION,3098352 HIS_COLLECTION 3358005YT7JQCWYLTG43,500175557,Journal Import 2591655:,/CARD/RECEIPT,2,,,,,0,800,Posted
19-09-2024,01.12102.000.0000.000.3706008.00000.000,eHIS,HIS_COLLECTION,3098360 HIS_COLLECTION 3358005YT7JQCWYLTG43,500175791,Journal Import 2591655:,/CASH/RECEIPT,2,,,,,0,1620,Posted
19-09-2024,01.12102.000.0000.000.3706008.00000.000,eHIS,HIS_COLLECTION,3098363 HIS_COLLECTION 3358005YT7JQCWYLTG43,500175435,Journal Import 2591655:,/CASH/RECEIPT,2,,,,,0,250,Posted
19-09-2024,01.12102.000.0000.000.3706008.00000.000,eHIS,HIS_COLLECTION,3098368 HIS_COLLECTION 3358005YT7JQCWYLTG43,500175466,Journal Import 2591655:,/CASH/RECEIPT,2,,,,,0,1000,Posted
19-09-2024,01.12102.000.0000.000.3706008.00000.000,eHIS,HIS_COLLECTION,3098376 HIS_COLLECTION 3358005YT7JQCWYLTG43,500175526,Journal Import 2591655:,/EFT/RECEIPT,2,,,,,0,900,Posted
19-09-2024,01.12102.000.0000.000.3706008.00000.000,eHIS,HIS_COLLECTION,3098382 HIS_COLLECTION 3358005YT7JQCWYLTG43,500175436,Journal Import 2591655:,/CASH/RECEIPT,2,,,,,0,250,Posted
19-09-2024,01.12102.000.0000.000.3706008.00000.000,eHIS,HIS_COLLECTION,3098384 HIS_COLLECTION 3358005YT7JQCWYLTG43,500175558,Journal Import 2591655:,/EFT/RECEIPT,2,,,,,0,800,Posted
19-09-2024,01.12102.000.0000.000.3706008.00000.000,eHIS,HIS_COLLECTION,3098386 HIS_COLLECTION 3358005YT7JQCWYLTG43,500175481,Journal Import 2591655:,/CASH/RECEIPT,2,,,,,0,100,Posted
19-09-2024,01.12102.000.0000.000.3706008.00000.000,eHIS,HIS_COLLECTION,3098388 HIS_COLLECTION 3358005YT7JQCWYLTG43,500175826,Journal Import 2591655:,/EFT/RECEIPT,2,,,,,0,500,Posted
19-09-2024,01.12102.000.0000.000.3706008.00000.000,eHIS,HIS_COLLECTION,3098410 HIS_COLLECTION 3358005YT7JQCWYLTG43,500175508,Journal Import 2591655:,/CASH/RECEIPT,2,,,,,0,105,Posted
19-09-2024,01.12102.000.0000.000.3706008.00000.000,eHIS,HIS_COLLECTION,3098437 HIS_COLLECTION 3358005YT7JQCWYLTG43,500175482,Journal Import 2591655:,/CASH/RECEIPT,2,,,,,0,100,Posted
19-09-2024,01.12102.000.0000.000.3706008.00000.000,eHIS,HIS_COLLECTION,3098451 HIS_COLLECTION 3358005YT7JQCWYLTG43,500175527,Journal Import 2591655:,/EFT/RECEIPT,2,,,,,0,900,Posted
19-09-2024,01.12102.000.0000.000.3706008.00000.000,eHIS,HIS_COLLECTION,3098465 HIS_COLLECTION 3358005YT7JQCWYLTG43,500175836,Journal Import 2591655:,/EFT/RECEIPT,2,,,,,0,1700,Posted
19-09-2024,01.12102.000.0000.000.3706008.00000.000,eHIS,HIS_COLLECTION,3098467 HIS_COLLECTION 3358005YT7JQCWYLTG43,500175894,Journal Import 2591655:,/CASH/RECEIPT,2,,,,,0,500,Posted
19-09-2024,01.12102.000.0000.000.3706008.00000.000,eHIS,HIS_COLLECTION,3098475 HIS_COLLECTION 3358005YT7JQCWYLTG43,500175699,Journal Import 2591655:,/EFT/RECEIPT,2,,,,,0,700,Posted
19-09-2024,01.12102.000.0000.000.3706008.00000.000,eHIS,HIS_COLLECTION,3098489 HIS_COLLECTION 3358005YT7JQCWYLTG43,500175827,Journal Import 2591655:,/EFT/RECEIPT,2,,,,,0,500,Posted
19-09-2024,01.12102.000.0000.000.3706008.00000.000,eHIS,HIS_COLLECTION,3098520 HIS_COLLECTION 3358005YT7JQCWYLTG43,500175654,Journal Import 2591655:,/CARD/RECEIPT,2,,,,,0,3630,Posted
19-09-2024,01.12102.000.0000.000.3706008.00000.000,eHIS,HIS_COLLECTION,3098528 HIS_COLLECTION 3358005YT7JQCWYLTG43,500175895,Journal Import 2591655:,/CASH/RECEIPT,2,,,,,0,500,Posted
19-09-2024,01.12102.000.0000.000.3706008.00000.000,eHIS,HIS_COLLECTION,3098530 HIS_COLLECTION 3358005YT7JQCWYLTG43,500175867,Journal Import 2591655:,/EFT/RECEIPT,2,,,,,0,1200,Posted
19-09-2024,01.12102.000.0000.000.3706008.00000.000,eHIS,HIS_COLLECTION,3098545 HIS_COLLECTION 3358005YT7JQCWYLTG43,500175864,Journal Import 2591655:,/EFT/RECEIPT,2,,,,,0,350,Posted
19-09-2024,01.12102.000.0000.000.3706008.00000.000,eHIS,HIS_COLLECTION,3098563 HIS_COLLECTION 3358005YT7JQCWYLTG43,500175828,Journal Import 2591655:,/EFT/RECEIPT,2,,,,,0,500,Posted
19-09-2024,01.12102.000.0000.000.3706008.00000.000,eHIS,HIS_COLLECTION,3098571 HIS_COLLECTION 3358005YT7JQCWYLTG43,500175837,Journal Import 2591655:,/EFT/RECEIPT,2,,,,,0,1770,Posted
19-09-2024,01.12102.000.0000.000.3706008.00000.000,eHIS,HIS_COLLECTION,3098576 HIS_COLLECTION 3358005YT7JQCWYLTG43,500175694,Journal Import 2591655:,/CASH/RECEIPT,2,,,,,0,750,Posted
19-09-2024,01.12102.000.0000.000.3706008.00000.000,eHIS,HIS_COLLECTION,3098582 HIS_COLLECTION 3358005YT7JQCWYLTG43,500175547,Journal Import 2591655:,/CASH/RECEIPT,2,,,,,0,800,Posted
19-09-2024,01.12102.000.0000.000.3706008.00000.000,eHIS,HIS_COLLECTION,3098586 HIS_COLLECTION 3358005YT7JQCWYLTG43,500175921,Journal Import 2591655:,/CASH/RECEIPT,2,,,,,0,1100,Posted
19-09-2024,01.12102.000.0000.000.3706008.00000.000,eHIS,HIS_COLLECTION,3098590 HIS_COLLECTION 3358005YT7JQCWYLTG43,500175379,Journal Import 2591655:,/EFT/RECEIPT,2,,,,,0,1000,Posted
19-09-2024,01.12102.000.0000.000.3706008.00000.000,eHIS,HIS_COLLECTION,3098594 HIS_COLLECTION 3358005YT7JQCWYLTG43,500175559,Journal Import 2591655:,/EFT/RECEIPT,2,,,,,0,800,Posted
19-09-2024,01.12102.000.0000.000.3706008.00000.000,eHIS,HIS_COLLECTION,3098596 HIS_COLLECTION 3358005YT7JQCWYLTG43,500175698,Journal Import 2591655:,/EFT/RECEIPT,2,,,,,0,650,Posted
19-09-2024,01.12102.000.0000.000.3706008.00000.000,eHIS,HIS_COLLECTION,3098598 HIS_COLLECTION 3358005YT7JQCWYLTG43,500175896,Journal Import 2591655:,/CASH/RECEIPT,2,,,,,0,500,Posted
19-09-2024,01.12102.000.0000.000.3706008.00000.000,eHIS,HIS_COLLECTION,3098604 HIS_COLLECTION 3358005YT7JQCWYLTG43,500175695,Journal Import 2591655:,/CASH/RECEIPT,2,,,,,0,750,Posted
19-09-2024,01.12102.000.0000.000.3706008.00000.000,eHIS,HIS_COLLECTION,3098606 HIS_COLLECTION 3358005YT7JQCWYLTG43,500175868,Journal Import 2591655:,/EFT/RECEIPT,2,,,,,0,1200,Posted
19-09-2024,01.12102.000.0000.000.3706008.00000.000,eHIS,HIS_COLLECTION,3098614 HIS_COLLECTION 3358005YT7JQCWYLTG43,500175560,Journal Import 2591655:,/EFT/RECEIPT,2,,,,,0,800,Posted
19-09-2024,01.12102.000.0000.000.3706008.00000.000,eHIS,HIS_COLLECTION,3098622 HIS_COLLECTION 3358005YT7JQCWYLTG43,500175954,Journal Import 2591655:,/EFT/RECEIPT,2,,,,,0,250,Posted
19-09-2024,01.12102.000.0000.000.3706008.00000.000,eHIS,HIS_COLLECTION,3098624 HIS_COLLECTION 3358005YT7JQCWYLTG43,500175795,Journal Import 2591655:,/CARD/RECEIPT,2,,,,,0,1450,Posted
19-09-2024,01.12102.000.0000.000.3706008.00000.000,eHIS,HIS_COLLECTION,3098626 HIS_COLLECTION 3358005YT7JQCWYLTG43,500175903,Journal Import 2591655:,/CASH/RECEIPT,2,,,,,0,1300,Posted
19-09-2024,01.12102.000.0000.000.3706008.00000.000,eHIS,HIS_COLLECTION,3098634 HIS_COLLECTION 3358005YT7JQCWYLTG43,500175829,Journal Import 2591655:,/CARD/RECEIPT,2,,,,,0,500,Posted
19-09-2024,01.12102.000.0000.000.3706008.00000.000,eHIS,HIS_COLLECTION,3098636 HIS_COLLECTION 3358005YT7JQCWYLTG43,500175830,Journal Import 2591655:,/CARD/RECEIPT,2,,,,,0,500,Posted
19-09-2024,01.12102.000.0000.000.3706008.00000.000,eHIS,HIS_COLLECTION,3098657 HIS_COLLECTION 3358005YT7JQCWYLTG43,500175897,Journal Import 2591655:,/CASH/RECEIPT,2,,,,,0,500,Posted
19-09-2024,01.12102.000.0000.000.3706008.00000.000,eHIS,HIS_COLLECTION,3098666 HIS_COLLECTION 3358005YT7JQCWYLTG43,500175818,Journal Import 2591655:,/CASH/RECEIPT,2,,,,,0,600,Posted
19-09-2024,01.12102.000.0000.000.3706008.00000.000,eHIS,HIS_COLLECTION,3098687 HIS_COLLECTION 3358005YT7JQCWYLTG43,500175377,Journal Import 2591655:,/EFT/RECEIPT,2,,,,,0,100,Posted
19-09-2024,01.12102.000.0000.000.3706008.00000.000,eHIS,HIS_COLLECTION,3098699 HIS_COLLECTION 3358005YT7JQCWYLTG43,500175831,Journal Import 2591655:,/EFT/RECEIPT,2,,,,,0,500,Posted
19-09-2024,01.12102.000.0000.000.3706008.00000.000,eHIS,HIS_COLLECTION,3098709 HIS_COLLECTION 3358005YT7JQCWYLTG43,500175570,Journal Import 2591655:,/EFT/RECEIPT,2,,,,,0,5000,Posted
19-09-2024,01.12102.000.0000.000.3706008.00000.000,eHIS,HIS_COLLECTION,3098713 HIS_COLLECTION 3358005YT7JQCWYLTG43,500175512,Journal Import 2591655:,/CASH/RECEIPT,2,,,,,0,900,Posted
19-09-2024,01.12102.000.0000.000.3706008.00000.000,eHIS,HIS_COLLECTION,3098717 HIS_COLLECTION 3358005YT7JQCWYLTG43,500175793,Journal Import 2591655:,/CASH/RECEIPT,2,,,,,0,1850,Posted
19-09-2024,01.12102.000.0000.000.3706008.00000.000,eHIS,HIS_COLLECTION,3098721 HIS_COLLECTION 3358005YT7JQCWYLTG43,500175955,Journal Import 2591655:,/EFT/RECEIPT,2,,,,,0,250,Posted
19-09-2024,01.12102.000.0000.000.3706008.00000.000,eHIS,HIS_COLLECTION,3098727 HIS_COLLECTION 3358005YT7JQCWYLTG43,500175561,Journal Import 2591655:,/CARD/RECEIPT,2,,,,,0,800,Posted
19-09-2024,01.12102.000.0000.000.3706008.00000.000,eHIS,HIS_COLLECTION,3098731 HIS_COLLECTION 3358005YT7JQCWYLTG43,500175823,Journal Import 2591655:,/CASH/RECEIPT,2,,,,,0,2000,Posted
19-09-2024,01.12102.000.0000.000.3706008.00000.000,eHIS,HIS_COLLECTION,3098740 HIS_COLLECTION 3358005YT7JQCWYLTG43,500175562,Journal Import 2591655:,/CARD/RECEIPT,2,,,,,0,800,Posted
19-09-2024,01.12102.000.0000.000.3706008.00000.000,eHIS,HIS_COLLECTION,3098748 HIS_COLLECTION 3358005YT7JQCWYLTG43,500175761,Journal Import 2591655:,/CASH/RECEIPT,2,,,,,0,3000,Posted
19-09-2024,01.12102.000.0000.000.3706008.00000.000,eHIS,HIS_COLLECTION,3098749 HIS_COLLECTION 3358005YT7JQCWYLTG43,500175907,Journal Import 2591655:,/EFT/RECEIPT,2,,,,,0,495,Posted
20-09-2024,01.12102.000.0000.000.3706008.00000.000,eHIS,HIS_COLLECTION,3098758 HIS_COLLECTION 3358005YT7JQCWYLTG43,500176318,Journal Import 2599930:,/EFT/RECEIPT,2,,,,,0,1569,Posted
19-09-2024,01.12102.000.0000.000.3706008.00000.000,eHIS,HIS_COLLECTION,3098770 HIS_COLLECTION 3358005YT7JQCWYLTG43,500175548,Journal Import 2591655:,/CASH/RECEIPT,2,,,,,0,800,Posted
19-09-2024,01.12102.000.0000.000.3706008.00000.000,eHIS,HIS_COLLECTION,3098772 HIS_COLLECTION 3358005YT7JQCWYLTG43,500176045,Journal Import 2591655:,/CASH/RECEIPT,2,,,,,0,375,Posted
19-09-2024,01.12102.000.0000.000.3706008.00000.000,eHIS,HIS_COLLECTION,3098780 HIS_COLLECTION 3358005YT7JQCWYLTG43,500175549,Journal Import 2591655:,/CASH/RECEIPT,2,,,,,0,800,Posted
19-09-2024,01.12102.000.0000.000.3706008.00000.000,eHIS,HIS_COLLECTION,3098786 HIS_COLLECTION 3358005YT7JQCWYLTG43,500175432,Journal Import 2591655:,/CASH/RECEIPT,2,,,,,0,200,Posted
19-09-2024,01.12102.000.0000.000.3706008.00000.000,eHIS,HIS_COLLECTION,3098790 HIS_COLLECTION 3358005YT7JQCWYLTG43,500175701,Journal Import 2591655:,/EFT/RECEIPT,2,,,,,0,2650,Posted
19-09-2024,01.12102.000.0000.000.3706008.00000.000,eHIS,HIS_COLLECTION,3098792 HIS_COLLECTION 3358005YT7JQCWYLTG43,500175437,Journal Import 2591655:,/CASH/RECEIPT,2,,,,,0,250,Posted
19-09-2024,01.12102.000.0000.000.3706008.00000.000,eHIS,HIS_COLLECTION,3098802 HIS_COLLECTION 3358005YT7JQCWYLTG43,500175649,Journal Import 2591655:,/CASH/RECEIPT,2,,,,,0,15450,Posted
19-09-2024,01.12102.000.0000.000.3706008.00000.000,eHIS,HIS_COLLECTION,3098806 HIS_COLLECTION 3358005YT7JQCWYLTG43,500175563,Journal Import 2591655:,/CARD/RECEIPT,2,,,,,0,800,Posted
19-09-2024,01.12102.000.0000.000.3706008.00000.000,eHIS,HIS_COLLECTION,3098808 HIS_COLLECTION 3358005YT7JQCWYLTG43,500175958,Journal Import 2591655:,/EFT/RECEIPT,2,,,,,0,1100,Posted
19-09-2024,01.12102.000.0000.000.3706008.00000.000,eHIS,HIS_COLLECTION,3098812 HIS_COLLECTION 3358005YT7JQCWYLTG43,500175898,Journal Import 2591655:,/CASH/RECEIPT,2,,,,,0,500,Posted
19-09-2024,01.12102.000.0000.000.3706008.00000.000,eHIS,HIS_COLLECTION,3098826 HIS_COLLECTION 3358005YT7JQCWYLTG43,500175956,Journal Import 2591655:,/EFT/RECEIPT,2,,,,,0,250,Posted
19-09-2024,01.12102.000.0000.000.3706008.00000.000,eHIS,HIS_COLLECTION,3098830 HIS_COLLECTION 3358005YT7JQCWYLTG43,500175899,Journal Import 2591655:,/CASH/RECEIPT,2,,,,,0,500,Posted
19-09-2024,01.12102.000.0000.000.3706008.00000.000,eHIS,HIS_COLLECTION,3098833 HIS_COLLECTION 3358005YT7JQCWYLTG43,500175859,Journal Import 2591655:,/CASH/RECEIPT,2,,,,,0,1200,Posted
19-09-2024,01.12102.000.0000.000.3706008.00000.000,eHIS,HIS_COLLECTION,3098835 HIS_COLLECTION 3358005YT7JQCWYLTG43,500175550,Journal Import 2591655:,/CASH/RECEIPT,2,,,,,0,800,Posted
19-09-2024,01.12102.000.0000.000.3706008.00000.000,eHIS,HIS_COLLECTION,3098837 HIS_COLLECTION 3358005YT7JQCWYLTG43,500175467,Journal Import 2591655:,/CASH/RECEIPT,2,,,,,0,1000,Posted
19-09-2024,01.12102.000.0000.000.3706008.00000.000,eHIS,HIS_COLLECTION,3098845 HIS_COLLECTION 3358005YT7JQCWYLTG43,500175697,Journal Import 2591655:,/CASH/RECEIPT,2,,,,,0,4500,Posted
19-09-2024,01.12102.000.0000.000.3706008.00000.000,eHIS,HIS_COLLECTION,3098846 HIS_COLLECTION 3358005YT7JQCWYLTG43,500175569,Journal Import 2591655:,/EFT/RECEIPT,2,,,,,0,4880,Posted
19-09-2024,01.12102.000.0000.000.3706008.00000.000,eHIS,HIS_COLLECTION,3098857 HIS_COLLECTION 3358005YT7JQCWYLTG43,500175819,Journal Import 2591655:,/CASH/RECEIPT,2,,,,,0,600,Posted
19-09-2024,01.12102.000.0000.000.3706008.00000.000,eHIS,HIS_COLLECTION,3098861 HIS_COLLECTION 3358005YT7JQCWYLTG43,500175551,Journal Import 2591655:,/CASH/RECEIPT,2,,,,,0,800,Posted
19-09-2024,01.12102.000.0000.000.3706008.00000.000,eHIS,HIS_COLLECTION,3098869 HIS_COLLECTION 3358005YT7JQCWYLTG43,500175869,Journal Import 2591655:,/EFT/RECEIPT,2,,,,,0,1200,Posted
19-09-2024,01.12102.000.0000.000.3706008.00000.000,eHIS,HIS_COLLECTION,3098871 HIS_COLLECTION 3358005YT7JQCWYLTG43,500175904,Journal Import 2591655:,/CASH/RECEIPT,2,,,,,0,1300,Posted
19-09-2024,01.12102.000.0000.000.3706008.00000.000,eHIS,HIS_COLLECTION,3098873 HIS_COLLECTION 3358005YT7JQCWYLTG43,500175922,Journal Import 2591655:,/CASH/RECEIPT,2,,,,,0,1100,Posted
19-09-2024,01.12102.000.0000.000.3706008.00000.000,eHIS,HIS_COLLECTION,3098883 HIS_COLLECTION 3358005YT7JQCWYLTG43,500175832,Journal Import 2591655:,/EFT/RECEIPT,2,,,,,0,500,Posted
19-09-2024,01.12102.000.0000.000.3706008.00000.000,eHIS,HIS_COLLECTION,3098889 HIS_COLLECTION 3358005YT7JQCWYLTG43,500175468,Journal Import 2591655:,/CASH/RECEIPT,2,,,,,0,1000,Posted
19-09-2024,01.12102.000.0000.000.3706008.00000.000,eHIS,HIS_COLLECTION,3098891 HIS_COLLECTION 3358005YT7JQCWYLTG43,500175469,Journal Import 2591655:,/CASH/RECEIPT,2,,,,,0,1000,Posted
19-09-2024,01.12102.000.0000.000.3706008.00000.000,eHIS,HIS_COLLECTION,3098896 HIS_COLLECTION 3358005YT7JQCWYLTG43,500175860,Journal Import 2591655:,/CASH/RECEIPT,2,,,,,0,1200,Posted
19-09-2024,01.12102.000.0000.000.3706008.00000.000,eHIS,HIS_COLLECTION,3098900 HIS_COLLECTION 3358005YT7JQCWYLTG43,500175900,Journal Import 2591655:,/CASH/RECEIPT,2,,,,,0,500,Posted
19-09-2024,01.12102.000.0000.000.3706008.00000.000,eHIS,HIS_COLLECTION,3098909 HIS_COLLECTION 3358005YT7JQCWYLTG43,500175483,Journal Import 2591655:,/CASH/RECEIPT,2,,,,,0,100,Posted
19-09-2024,01.12102.000.0000.000.3706008.00000.000,eHIS,HIS_COLLECTION,3098913 HIS_COLLECTION 3358005YT7JQCWYLTG43,500175513,Journal Import 2591655:,/CASH/RECEIPT,2,,,,,0,900,Posted
19-09-2024,01.12102.000.0000.000.3706008.00000.000,eHIS,HIS_COLLECTION,3098915 HIS_COLLECTION 3358005YT7JQCWYLTG43,500175700,Journal Import 2591655:,/EFT/RECEIPT,2,,,,,0,750,Posted
19-09-2024,01.12102.000.0000.000.3706008.00000.000,eHIS,HIS_COLLECTION,3098919 HIS_COLLECTION 3358005YT7JQCWYLTG43,500175370,Journal Import 2591655:,/CASH/RECEIPT,2,,,,,0,1000,Posted
19-09-2024,01.12102.000.0000.000.3706008.00000.000,eHIS,HIS_COLLECTION,3098932 HIS_COLLECTION 3358005YT7JQCWYLTG43,500175371,Journal Import 2591655:,/CASH/RECEIPT,2,,,,,0,1000,Posted
19-09-2024,01.12102.000.0000.000.3706008.00000.000,eHIS,HIS_COLLECTION,3098940 HIS_COLLECTION 3358005YT7JQCWYLTG43,500175861,Journal Import 2591655:,/CASH/RECEIPT,2,,,,,0,1200,Posted
19-09-2024,01.12102.000.0000.000.3706008.00000.000,eHIS,HIS_COLLECTION,3098946 HIS_COLLECTION 3358005YT7JQCWYLTG43,500175380,Journal Import 2591655:,/EFT/RECEIPT,2,,,,,0,1000,Posted
19-09-2024,01.12102.000.0000.000.3706008.00000.000,eHIS,HIS_COLLECTION,3098948 HIS_COLLECTION 3358005YT7JQCWYLTG43,500175901,Journal Import 2591655:,/CASH/RECEIPT,2,,,,,0,500,Posted
19-09-2024,01.12102.000.0000.000.3706008.00000.000,eHIS,HIS_COLLECTION,3098950 HIS_COLLECTION 3358005YT7JQCWYLTG43,500175923,Journal Import 2591655:,/CASH/RECEIPT,2,,,,,0,1100,Posted
19-09-2024,01.12102.000.0000.000.3706008.00000.000,eHIS,HIS_COLLECTION,3098956 HIS_COLLECTION 3358005YT7JQCWYLTG43,500175381,Journal Import 2591655:,/EFT/RECEIPT,2,,,,,0,1000,Posted
19-09-2024,01.12102.000.0000.000.3706008.00000.000,eHIS,HIS_COLLECTION,3098968 HIS_COLLECTION 3358005YT7JQCWYLTG43,500175918,Journal Import 2591655:,/CASH/RECEIPT,2,,,,,0,375,Posted
19-09-2024,01.12102.000.0000.000.3706008.00000.000,eHIS,HIS_COLLECTION,3098972 HIS_COLLECTION 3358005YT7JQCWYLTG43,500175957,Journal Import 2591655:,/CARD/RECEIPT,2,,,,,0,250,Posted
19-09-2024,01.12102.000.0000.000.3706008.00000.000,eHIS,HIS_COLLECTION,3098982 HIS_COLLECTION 3358005YT7JQCWYLTG43,500175797,Journal Import 2591655:,/EFT/RECEIPT,2,,,,,0,1628,Posted
19-09-2024,01.12102.000.0000.000.3706008.00000.000,eHIS,HIS_COLLECTION,3098986 HIS_COLLECTION 3358005YT7JQCWYLTG43,500175677,Journal Import 2591655:,/EFT/RECEIPT,2,,,,,0,2320,Posted
19-09-2024,01.12102.000.0000.000.3706008.00000.000,eHIS,HIS_COLLECTION,3099001 HIS_COLLECTION 3358005YT7JQCWYLTG43,500175382,Journal Import 2591655:,/EFT/RECEIPT,2,,,,,0,1000,Posted
19-09-2024,01.12102.000.0000.000.3706008.00000.000,eHIS,HIS_COLLECTION,3099003 HIS_COLLECTION 3358005YT7JQCWYLTG43,500175669,Journal Import 2591655:,/CASH/RECEIPT,2,,,,,0,4230,Posted
19-09-2024,01.12102.000.0000.000.3706008.00000.000,eHIS,HIS_COLLECTION,3099007 HIS_COLLECTION 3358005YT7JQCWYLTG43,500175564,Journal Import 2591655:,/EFT/RECEIPT,2,,,,,0,800,Posted
19-09-2024,01.12102.000.0000.000.3706008.00000.000,eHIS,HIS_COLLECTION,3099012 HIS_COLLECTION 3358005YT7JQCWYLTG43,500175905,Journal Import 2591655:,/CASH/RECEIPT,2,,,,,0,1300,Posted
19-09-2024,01.12102.000.0000.000.3706008.00000.000,eHIS,HIS_COLLECTION,3099014 HIS_COLLECTION 3358005YT7JQCWYLTG43,500175924,Journal Import 2591655:,/CASH/RECEIPT,2,,,,,0,1100,Posted
19-09-2024,01.12102.000.0000.000.3706008.00000.000,eHIS,HIS_COLLECTION,3099021 HIS_COLLECTION 3358005YT7JQCWYLTG43,500175870,Journal Import 2591655:,/EFT/RECEIPT,2,,,,,0,1200,Posted
19-09-2024,01.12102.000.0000.000.3706008.00000.000,eHIS,HIS_COLLECTION,3099025 HIS_COLLECTION 3358005YT7JQCWYLTG43,500175383,Journal Import 2591655:,/EFT/RECEIPT,2,,,,,0,1000,Posted
19-09-2024,01.12102.000.0000.000.3706008.00000.000,eHIS,HIS_COLLECTION,3099031 HIS_COLLECTION 3358005YT7JQCWYLTG43,500175514,Journal Import 2591655:,/CASH/RECEIPT,2,,,,,0,900,Posted
19-09-2024,01.12102.000.0000.000.3706008.00000.000,eHIS,HIS_COLLECTION,3099035 HIS_COLLECTION 3358005YT7JQCWYLTG43,500175565,Journal Import 2591655:,/EFT/RECEIPT,2,,,,,0,800,Posted
19-09-2024,01.12102.000.0000.000.3706008.00000.000,eHIS,HIS_COLLECTION,3099043 HIS_COLLECTION 3358005YT7JQCWYLTG43,500175862,Journal Import 2591655:,/CASH/RECEIPT,2,,,,,0,1200,Posted
19-09-2024,01.12102.000.0000.000.3706008.00000.000,eHIS,HIS_COLLECTION,3099051 HIS_COLLECTION 3358005YT7JQCWYLTG43,500175915,Journal Import 2591655:,/CASH/RECEIPT,2,,,,,0,500,Posted
19-09-2024,01.12102.000.0000.000.3706008.00000.000,eHIS,HIS_COLLECTION,3099057 HIS_COLLECTION 3358005YT7JQCWYLTG43,500175820,Journal Import 2591655:,/CASH/RECEIPT,2,,,,,0,600,Posted
19-09-2024,01.12102.000.0000.000.3706008.00000.000,eHIS,HIS_COLLECTION,3099071 HIS_COLLECTION 3358005YT7JQCWYLTG43,500175906,Journal Import 2591655:,/EFT/RECEIPT,2,,,,,0,400,Posted
19-09-2024,01.12102.000.0000.000.3706008.00000.000,eHIS,HIS_COLLECTION,3099075 HIS_COLLECTION 3358005YT7JQCWYLTG43,500175702,Journal Import 2591655:,/CARD/RECEIPT,2,,,,,0,2880,Posted
19-09-2024,01.12102.000.0000.000.3706008.00000.000,eHIS,HIS_COLLECTION,3099079 HIS_COLLECTION 3358005YT7JQCWYLTG43,500175821,Journal Import 2591655:,/CASH/RECEIPT,2,,,,,0,600,Posted
19-09-2024,01.12102.000.0000.000.3706008.00000.000,eHIS,HIS_COLLECTION,3099086 HIS_COLLECTION 3358005YT7JQCWYLTG43,500175566,Journal Import 2591655:,/EFT/RECEIPT,2,,,,,0,800,Posted
19-09-2024,01.12102.000.0000.000.3706008.00000.000,eHIS,HIS_COLLECTION,3099088 HIS_COLLECTION 3358005YT7JQCWYLTG43,500175627,Journal Import 2591655:,/CARD/RECEIPT,2,,,,,0,750,Posted
19-09-2024,01.12102.000.0000.000.3706008.00000.000,eHIS,HIS_COLLECTION,3099093 HIS_COLLECTION 3358005YT7JQCWYLTG43,500175753,Journal Import 2591655:,/CASH/RECEIPT,2,,,,,0,600,Posted
19-09-2024,01.12102.000.0000.000.3706008.00000.000,eHIS,HIS_COLLECTION,3099105 HIS_COLLECTION 3358005YT7JQCWYLTG43,500175833,Journal Import 2591655:,/CARD/RECEIPT,2,,,,,0,500,Posted
19-09-2024,01.12102.000.0000.000.3706008.00000.000,eHIS,HIS_COLLECTION,3099113 HIS_COLLECTION 3358005YT7JQCWYLTG43,500175953,Journal Import 2591655:,/CARD/RECEIPT,2,,,,,0,200,Posted
19-09-2024,01.12102.000.0000.000.3706008.00000.000,eHIS,HIS_COLLECTION,3099120 HIS_COLLECTION 3358005YT7JQCWYLTG43,500175515,Journal Import 2591655:,/CASH/RECEIPT,2,,,,,0,900,Posted
19-09-2024,01.12102.000.0000.000.3706008.00000.000,eHIS,HIS_COLLECTION,3099126 HIS_COLLECTION 3358005YT7JQCWYLTG43,500175567,Journal Import 2591655:,/CARD/RECEIPT,2,,,,,0,800,Posted
19-09-2024,01.12102.000.0000.000.3706008.00000.000,eHIS,HIS_COLLECTION,3099132 HIS_COLLECTION 3358005YT7JQCWYLTG43,500175670,Journal Import 2591655:,/CASH/RECEIPT,2,,,,,0,4300,Posted
19-09-2024,01.12102.000.0000.000.3706008.00000.000,eHIS,HIS_COLLECTION,3099133 HIS_COLLECTION 3358005YT7JQCWYLTG43,500175703,Journal Import 2591655:,/EFT/RECEIPT,2,,,,,0,3000,Posted
19-09-2024,01.12102.000.0000.000.3706008.00000.000,eHIS,HIS_COLLECTION,3099135 HIS_COLLECTION 3358005YT7JQCWYLTG43,500175834,Journal Import 2591655:,/EFT/RECEIPT,2,,,,,0,500,Posted
19-09-2024,01.12102.000.0000.000.3706008.00000.000,eHIS,HIS_COLLECTION,3099147 HIS_COLLECTION 3358005YT7JQCWYLTG43,500175927,Journal Import 2591655:,/EFT/RECEIPT,2,,,,,0,1000,Posted
19-09-2024,01.12102.000.0000.000.3706008.00000.000,eHIS,HIS_COLLECTION,3099151 HIS_COLLECTION 3358005YT7JQCWYLTG43,500175528,Journal Import 2591655:,/EFT/RECEIPT,2,,,,,0,900,Posted
19-09-2024,01.12102.000.0000.000.3706008.00000.000,eHIS,HIS_COLLECTION,3099157 HIS_COLLECTION 3358005YT7JQCWYLTG43,500175755,Journal Import 2591655:,/CASH/RECEIPT,2,,,,,0,650,Posted
19-09-2024,01.12102.000.0000.000.3706008.00000.000,eHIS,HIS_COLLECTION,3099159 HIS_COLLECTION 3358005YT7JQCWYLTG43,500175552,Journal Import 2591655:,/CASH/RECEIPT,2,,,,,0,800,Posted
19-09-2024,01.12102.000.0000.000.3706008.00000.000,eHIS,HIS_COLLECTION,3099161 HIS_COLLECTION 3358005YT7JQCWYLTG43,500175838,Journal Import 2591655:,/EFT/RECEIPT,2,,,,,0,1814,Posted
19-09-2024,01.12102.000.0000.000.3706008.00000.000,eHIS,HIS_COLLECTION,3099163 HIS_COLLECTION 3358005YT7JQCWYLTG43,500175908,Journal Import 2591655:,/EFT/RECEIPT,2,,,,,0,1300,Posted
19-09-2024,01.12102.000.0000.000.3706008.00000.000,eHIS,HIS_COLLECTION,3099165 HIS_COLLECTION 3358005YT7JQCWYLTG43,500175372,Journal Import 2591655:,/CASH/RECEIPT,2,,,,,0,1000,Posted
19-09-2024,01.12102.000.0000.000.3706008.00000.000,eHIS,HIS_COLLECTION,3099167 HIS_COLLECTION 3358005YT7JQCWYLTG43,500175674,Journal Import 2591655:,/EFT/RECEIPT,2,,,,,0,620,Posted
19-09-2024,01.12102.000.0000.000.3706008.00000.000,eHIS,HIS_COLLECTION,3099175 HIS_COLLECTION 3358005YT7JQCWYLTG43,500175433,Journal Import 2591655:,/CASH/RECEIPT,2,,,,,0,200,Posted
19-09-2024,01.12102.000.0000.000.3706008.00000.000,eHIS,HIS_COLLECTION,3099177 HIS_COLLECTION 3358005YT7JQCWYLTG43,500175516,Journal Import 2591655:,/CASH/RECEIPT,2,,,,,0,900,Posted
19-09-2024,01.12102.000.0000.000.3706008.00000.000,eHIS,HIS_COLLECTION,3099183 HIS_COLLECTION 3358005YT7JQCWYLTG43,500175568,Journal Import 2591655:,/CARD/RECEIPT,2,,,,,0,800,Posted
19-09-2024,01.12102.000.0000.000.3706008.00000.000,eHIS,HIS_COLLECTION,3099190 HIS_COLLECTION 3358005YT7JQCWYLTG43,500175916,Journal Import 2591655:,/CASH/RECEIPT,2,,,,,0,500,Posted
19-09-2024,01.12102.000.0000.000.3706008.00000.000,eHIS,HIS_COLLECTION,3099192 HIS_COLLECTION 3358005YT7JQCWYLTG43,500175925,Journal Import 2591655:,/CASH/RECEIPT,2,,,,,0,1100,Posted
19-09-2024,01.12102.000.0000.000.3706008.00000.000,eHIS,HIS_COLLECTION,3099195 HIS_COLLECTION 3358005YT7JQCWYLTG43,500175917,Journal Import 2591655:,/CASH/RECEIPT,2,,,,,0,500,Posted
19-09-2024,01.12102.000.0000.000.3706008.00000.000,eHIS,HIS_COLLECTION,3099203 HIS_COLLECTION 3358005YT7JQCWYLTG43,500175529,Journal Import 2591655:,/EFT/RECEIPT,2,,,,,0,900,Posted
19-09-2024,01.12102.000.0000.000.3706008.00000.000,eHIS,HIS_COLLECTION,3099209 HIS_COLLECTION 3358005YT7JQCWYLTG43,500175756,Journal Import 2591655:,/CASH/RECEIPT,2,,,,,0,650,Posted
19-09-2024,01.12102.000.0000.000.3706008.00000.000,eHIS,HIS_COLLECTION,3099212 HIS_COLLECTION 3358005YT7JQCWYLTG43,500175434,Journal Import 2591655:,/CASH/RECEIPT,2,,,,,0,200,Posted
19-09-2024,01.12102.000.0000.000.3706008.00000.000,eHIS,HIS_COLLECTION,3099215 HIS_COLLECTION 3358005YT7JQCWYLTG43,500176043,Journal Import 2591655:,/CASH/RECEIPT,2,,,,,0,350,Posted
19-09-2024,01.12102.000.0000.000.3706008.00000.000,eHIS,HIS_COLLECTION,3099219 HIS_COLLECTION 3358005YT7JQCWYLTG43,500175487,Journal Import 2591655:,/CASH/REFUND,2,,,,,600,0,Posted
19-09-2024,01.12102.000.0000.000.3706008.00000.000,eHIS,HIS_COLLECTION,3099223 HIS_COLLECTION 3358005YT7JQCWYLTG43,500175553,Journal Import 2591655:,/CASH/RECEIPT,2,,,,,0,800,Posted
19-09-2024,01.12102.000.0000.000.3706008.00000.000,eHIS,HIS_COLLECTION,3099226 HIS_COLLECTION 3358005YT7JQCWYLTG43,500175926,Journal Import 2591655:,/CASH/RECEIPT,2,,,,,0,1100,Posted
19-09-2024,01.12102.000.0000.000.3706008.00000.000,eHIS,HIS_COLLECTION,3099234 HIS_COLLECTION 3358005YT7JQCWYLTG43,500175634,Journal Import 2591655:,/EFT/RECEIPT,2,,,,,0,3500,Posted
19-09-2024,01.12102.000.0000.000.3706008.00000.000,eHIS,HIS_COLLECTION,3099243 HIS_COLLECTION 3358005YT7JQCWYLTG43,500175704,Journal Import 2591655:,/CARD/RECEIPT,2,,,,,0,3000,Posted
19-09-2024,01.12102.000.0000.000.3706008.00000.000,eHIS,HIS_COLLECTION,3099260 HIS_COLLECTION 3358005YT7JQCWYLTG43,500175794,Journal Import 2591655:,/CASH/RECEIPT,2,,,,,0,1850,Posted
19-09-2024,01.12102.000.0000.000.3706008.00000.000,eHIS,HIS_COLLECTION,3099270 HIS_COLLECTION 3358005YT7JQCWYLTG43,500175948,Journal Import 2591655:,/CASH/RECEIPT,2,,,,,0,400,Posted
19-09-2024,01.12102.000.0000.000.3706008.00000.000,eHIS,HIS_COLLECTION,3099272 HIS_COLLECTION 3358005YT7JQCWYLTG43,500175835,Journal Import 2591655:,/EFT/RECEIPT,2,,,,,0,500,Posted
19-09-2024,01.12102.000.0000.000.3706008.00000.000,eHIS,HIS_COLLECTION,3099283 HIS_COLLECTION 3358005YT7JQCWYLTG43,500176044,Journal Import 2591655:,/CASH/RECEIPT,2,,,,,0,350,Posted
20-09-2024,01.12102.000.0000.000.3706008.00000.000,eHIS,HIS_COLLECTION,3099285 HIS_COLLECTION 3358005YT7JQCWYLTG43,500176316,Journal Import 2599930:,/EFT/RECEIPT,2,,,,,0,350,Posted
19-09-2024,01.12102.000.0000.000.3706008.00000.000,eHIS,HIS_COLLECTION,3099295 HIS_COLLECTION 3358005YT7JQCWYLTG43,500175530,Journal Import 2591655:,/EFT/RECEIPT,2,,,,,0,900,Posted
19-09-2024,01.12102.000.0000.000.3706008.00000.000,eHIS,HIS_COLLECTION,3099304 HIS_COLLECTION 3358005YT7JQCWYLTG43,500175866,Journal Import 2591655:,/CARD/RECEIPT,2,,,,,0,1140,Posted
19-09-2024,01.12102.000.0000.000.3706008.00000.000,eHIS,HIS_COLLECTION,3099310 HIS_COLLECTION 3358005YT7JQCWYLTG43,500175492,Journal Import 2591655:,/CARD/RECEIPT,2,,,,,0,885,Posted
19-09-2024,01.12102.000.0000.000.3706008.00000.000,eHIS,HIS_COLLECTION,3099315 HIS_COLLECTION 3358005YT7JQCWYLTG43,500175928,Journal Import 2591655:,/CARD/RECEIPT,2,,,,,0,1000,Posted
19-09-2024,01.12102.000.0000.000.3706008.00000.000,eHIS,HIS_COLLECTION,3099331 HIS_COLLECTION 3358005YT7JQCWYLTG43,500175790,Journal Import 2591655:,/CASH/RECEIPT,2,,,,,0,500,Posted
20-09-2024,01.12102.000.0000.000.3706008.00000.000,eHIS,HIS_COLLECTION,3099333 HIS_COLLECTION 3358005YT7JQCWYLTG43,500176317,Journal Import 2599930:,/EFT/RECEIPT,2,,,,,0,675,Posted
19-09-2024,01.12102.000.0000.000.3706008.00000.000,eHIS,HIS_COLLECTION,3099359 HIS_COLLECTION 3358005YT7JQCWYLTG43,500175863,Journal Import 2591655:,/CASH/RECEIPT,2,,,,,0,1250,Posted
19-09-2024,01.12102.000.0000.000.3706008.00000.000,eHIS,HIS_COLLECTION,3099360 HIS_COLLECTION 3358005YT7JQCWYLTG43,500175672,Journal Import 2591655:,/CARD/RECEIPT,2,,,,,0,600,Posted
19-09-2024,01.12102.000.0000.000.3706008.00000.000,eHIS,HIS_COLLECTION,3099364 HIS_COLLECTION 3358005YT7JQCWYLTG43,500176042,Journal Import 2591655:,/CASH/RECEIPT,2,,,,,0,300,Posted
19-09-2024,01.12102.000.0000.000.3706008.00000.000,eHIS,HIS_COLLECTION,3099366 HIS_COLLECTION 3358005YT7JQCWYLTG43,500175865,Journal Import 2591655:,/CARD/RECEIPT,2,,,,,0,350,Posted
19-09-2024,01.12102.000.0000.000.3706008.00000.000,eHIS,HIS_COLLECTION,3099372 HIS_COLLECTION 3358005YT7JQCWYLTG43,500175484,Journal Import 2591655:,/CASH/RECEIPT,2,,,,,0,100,Posted
19-09-2024,01.12102.000.0000.000.3706008.00000.000,eHIS,HIS_COLLECTION,3099377 HIS_COLLECTION 3358005YT7JQCWYLTG43,500175517,Journal Import 2591655:,/CASH/RECEIPT,2,,,,,0,900,Posted
19-09-2024,01.12102.000.0000.000.3706008.00000.000,eHIS,HIS_COLLECTION,3099379 HIS_COLLECTION 3358005YT7JQCWYLTG43,500175486,Journal Import 2591655:,/CASH/REFUND,2,,,,,500,0,Posted
19-09-2024,01.12102.000.0000.000.3706008.00000.000,eHIS,HIS_COLLECTION,3099382 HIS_COLLECTION 3358005YT7JQCWYLTG43,500175488,Journal Import 2591655:,/CASH/REFUND,2,,,,,900,0,Posted
19-09-2024,01.12102.000.0000.000.3706008.00000.000,eHIS,HIS_COLLECTION,3099387 HIS_COLLECTION 3358005YT7JQCWYLTG43,500175520,Journal Import 2591655:,/CASH/REFUND,2,,,,,4900,0,Posted
19-09-2024,01.12102.000.0000.000.3706008.00000.000,eHIS,HIS_COLLECTION,3099395 HIS_COLLECTION 3358005YT7JQCWYLTG43,500175673,Journal Import 2591655:,/CARD/RECEIPT,2,,,,,0,615,Posted
20-09-2024,01.12102.000.0000.000.3706008.00000.000,eHIS,HIS_COLLECTION,3099424 HIS_COLLECTION 3358005YT7JQCWYLTG43,500176315,Journal Import 2599930:,/EFT/RECEIPT,2,,,,,0,270,Posted
19-09-2024,01.12102.000.0000.000.3706008.00000.000,eHIS,HIS_COLLECTION,3099435 HIS_COLLECTION 3358005YT7JQCWYLTG43,500175667,Journal Import 2591655:,/CASH/RECEIPT,2,,,,,0,3500,Posted
19-09-2024,01.12102.000.0000.000.3706008.00000.000,eHIS,HIS_COLLECTION,3099442 HIS_COLLECTION 3358005YT7JQCWYLTG43,500175760,Journal Import 2591655:,/EFT/RECEIPT,3,,,,,0,284,Posted
19-09-2024,01.12102.000.0000.000.3706008.00000.000,eHIS,HIS_COLLECTION,3099442 HIS_COLLECTION 3358005YT7JQCWYLTG43,500175760,Journal Import 2591655:,/CASH/RECEIPT,4,,,,,0,2500,Posted
20-09-2024,01.12102.000.0000.000.3706008.00000.000,eHIS,HIS_COLLECTION,3099470 HIS_COLLECTION 3358005YT7JQCWYLTG43,500176309,Journal Import 2591655:,/EFT/RECEIPT,2,,,,,0,100,Posted
20-09-2024,01.12102.000.0000.000.3706008.00000.000,eHIS,HIS_COLLECTION,3099479 HIS_COLLECTION 3358005YT7JQCWYLTG43,500176612,Journal Import 2591655:,/CASH/RECEIPT,2,,,,,0,1850,Posted
20-09-2024,01.12102.000.0000.000.3706008.00000.000,eHIS,HIS_COLLECTION,3099490 HIS_COLLECTION 3358005YT7JQCWYLTG43,500176310,Journal Import 2591655:,/EFT/RECEIPT,2,,,,,0,100,Posted
20-09-2024,01.12102.000.0000.000.3706008.00000.000,eHIS,HIS_COLLECTION,3099495 HIS_COLLECTION 3358005YT7JQCWYLTG43,500176613,Journal Import 2591655:,/CASH/RECEIPT,2,,,,,0,1850,Posted
20-09-2024,01.12102.000.0000.000.3706008.00000.000,eHIS,HIS_COLLECTION,3099498 HIS_COLLECTION 3358005YT7JQCWYLTG43,500176696,Journal Import 2591655:,/CASH/RECEIPT,2,,,,,0,1322,Posted
20-09-2024,01.12102.000.0000.000.3706008.00000.000,eHIS,HIS_COLLECTION,3099499 HIS_COLLECTION 3358005YT7JQCWYLTG43,500176454,Journal Import 2591655:,/CARD/RECEIPT,2,,,,,0,2480,Posted
20-09-2024,01.12102.000.0000.000.3706008.00000.000,eHIS,HIS_COLLECTION,3099502 HIS_COLLECTION 3358005YT7JQCWYLTG43,500176424,Journal Import 2591655:,/CASH/RECEIPT,2,,,,,0,100,Posted
20-09-2024,01.12102.000.0000.000.3706008.00000.000,eHIS,HIS_COLLECTION,3099506 HIS_COLLECTION 3358005YT7JQCWYLTG43,500176638,Journal Import 2591655:,/CARD/RECEIPT,2,,,,,0,1814,Posted
20-09-2024,01.12102.000.0000.000.3706008.00000.000,eHIS,HIS_COLLECTION,3099552 HIS_COLLECTION 3358005YT7JQCWYLTG43,500176611,Journal Import 2591655:,/CASH/RECEIPT,2,,,,,0,1450,Posted
20-09-2024,01.12102.000.0000.000.3706008.00000.000,eHIS,HIS_COLLECTION,3099554 HIS_COLLECTION 3358005YT7JQCWYLTG43,500176425,Journal Import 2591655:,/CASH/RECEIPT,2,,,,,0,100,Posted
20-09-2024,01.12102.000.0000.000.3706008.00000.000,eHIS,HIS_COLLECTION,3099556 HIS_COLLECTION 3358005YT7JQCWYLTG43,500176453,Journal Import 2591655:,/EFT/RECEIPT,2,,,,,0,2300,Posted
20-09-2024,01.12102.000.0000.000.3706008.00000.000,eHIS,HIS_COLLECTION,3099562 HIS_COLLECTION 3358005YT7JQCWYLTG43,500176531,Journal Import 2591655:,/CASH/RECEIPT,2,,,,,0,2600,Posted
20-09-2024,01.12102.000.0000.000.3706008.00000.000,eHIS,HIS_COLLECTION,3099566 HIS_COLLECTION 3358005YT7JQCWYLTG43,500176397,Journal Import 2591655:,/EFT/RECEIPT,2,,,,,0,4000,Posted
20-09-2024,01.12102.000.0000.000.3706008.00000.000,eHIS,HIS_COLLECTION,3099579 HIS_COLLECTION 3358005YT7JQCWYLTG43,500176634,Journal Import 2591655:,/CASH/RECEIPT,2,,,,,0,1850,Posted
20-09-2024,01.12102.000.0000.000.3706008.00000.000,eHIS,HIS_COLLECTION,3099581 HIS_COLLECTION 3358005YT7JQCWYLTG43,500176446,Journal Import 2591655:,/EFT/RECEIPT,2,,,,,0,5888,Posted
20-09-2024,01.12102.000.0000.000.3706008.00000.000,eHIS,HIS_COLLECTION,3099588 HIS_COLLECTION 3358005YT7JQCWYLTG43,500176345,Journal Import 2591655:,/EFT/RECEIPT,2,,,,,0,5888,Posted
20-09-2024,01.12102.000.0000.000.3706008.00000.000,eHIS,HIS_COLLECTION,3099590 HIS_COLLECTION 3358005YT7JQCWYLTG43,500176465,Journal Import 2591655:,/CASH/RECEIPT,2,,,,,0,5000,Posted
20-09-2024,01.12102.000.0000.000.3706008.00000.000,eHIS,HIS_COLLECTION,3099591 HIS_COLLECTION 3358005YT7JQCWYLTG43,500176443,Journal Import 2591655:,/EFT/RECEIPT,2,,,,,0,888,Posted
20-09-2024,01.12102.000.0000.000.3706008.00000.000,eHIS,HIS_COLLECTION,3099594 HIS_COLLECTION 3358005YT7JQCWYLTG43,500176539,Journal Import 2591655:,/EFT/RECEIPT,2,,,,,0,1850,Posted
20-09-2024,01.12102.000.0000.000.3706008.00000.000,eHIS,HIS_COLLECTION,3099599 HIS_COLLECTION 3358005YT7JQCWYLTG43,500176336,Journal Import 2591655:,/CASH/RECEIPT,2,,,,,0,900,Posted
20-09-2024,01.12102.000.0000.000.3706008.00000.000,eHIS,HIS_COLLECTION,3099604 HIS_COLLECTION 3358005YT7JQCWYLTG43,500176343,Journal Import 2591655:,/CARD/RECEIPT,2,,,,,0,900,Posted
20-09-2024,01.12102.000.0000.000.3706008.00000.000,eHIS,HIS_COLLECTION,3099606 HIS_COLLECTION 3358005YT7JQCWYLTG43,500176497,Journal Import 2591655:,/EFT/RECEIPT,2,,,,,0,3500,Posted
20-09-2024,01.12102.000.0000.000.3706008.00000.000,eHIS,HIS_COLLECTION,3099615 HIS_COLLECTION 3358005YT7JQCWYLTG43,500176615,Journal Import 2591655:,/EFT/RECEIPT,2,,,,,0,1650,Posted
20-09-2024,01.12102.000.0000.000.3706008.00000.000,eHIS,HIS_COLLECTION,3099630 HIS_COLLECTION 3358005YT7JQCWYLTG43,500176466,Journal Import 2591655:,/CARD/RECEIPT,2,,,,,0,650,Posted
20-09-2024,01.12102.000.0000.000.3706008.00000.000,eHIS,HIS_COLLECTION,3099634 HIS_COLLECTION 3358005YT7JQCWYLTG43,500176614,Journal Import 2591655:,/EFT/RECEIPT,2,,,,,0,1550,Posted
20-09-2024,01.12102.000.0000.000.3706008.00000.000,eHIS,HIS_COLLECTION,3099646 HIS_COLLECTION 3358005YT7JQCWYLTG43,500176677,Journal Import 2591655:,/EFT/RECEIPT,2,,,,,0,1130,Posted
20-09-2024,01.12102.000.0000.000.3706008.00000.000,eHIS,HIS_COLLECTION,3099660 HIS_COLLECTION 3358005YT7JQCWYLTG43,500176599,Journal Import 2591655:,/CASH/RECEIPT,2,,,,,0,500,Posted
20-09-2024,01.12102.000.0000.000.3706008.00000.000,eHIS,HIS_COLLECTION,3099680 HIS_COLLECTION 3358005YT7JQCWYLTG43,500176573,Journal Import 2591655:,/CASH/RECEIPT,2,,,,,0,3500,Posted
20-09-2024,01.12102.000.0000.000.3706008.00000.000,eHIS,HIS_COLLECTION,3099684 HIS_COLLECTION 3358005YT7JQCWYLTG43,500176489,Journal Import 2591655:,/CASH/RECEIPT,2,,,,,0,5800,Posted
21-09-2024,01.12102.000.0000.000.3706008.00000.000,eHIS,HIS_COLLECTION,3099698 HIS_COLLECTION 3358005YT7JQCWYLTG43,500176975,Journal Import 2599930:,/EFT/RECEIPT,2,,,,,0,800,Posted
20-09-2024,01.12102.000.0000.000.3706008.00000.000,eHIS,HIS_COLLECTION,3099710 HIS_COLLECTION 3358005YT7JQCWYLTG43,500176337,Journal Import 2591655:,/CASH/RECEIPT,2,,,,,0,900,Posted
21-09-2024,01.12102.000.0000.000.3706008.00000.000,eHIS,HIS_COLLECTION,3099724 HIS_COLLECTION 3358005YT7JQCWYLTG43,500176976,Journal Import 2599930:,/EFT/RECEIPT,2,,,,,0,900,Posted
20-09-2024,01.12102.000.0000.000.3706008.00000.000,eHIS,HIS_COLLECTION,3099726 HIS_COLLECTION 3358005YT7JQCWYLTG43,500176400,Journal Import 2591655:,/CASH/RECEIPT,2,,,,,0,800,Posted
20-09-2024,01.12102.000.0000.000.3706008.00000.000,eHIS,HIS_COLLECTION,3099737 HIS_COLLECTION 3358005YT7JQCWYLTG43,500176426,Journal Import 2591655:,/CASH/RECEIPT,2,,,,,0,100,Posted
20-09-2024,01.12102.000.0000.000.3706008.00000.000,eHIS,HIS_COLLECTION,3099752 HIS_COLLECTION 3358005YT7JQCWYLTG43,500176427,Journal Import 2591655:,/CASH/RECEIPT,2,,,,,0,100,Posted
20-09-2024,01.12102.000.0000.000.3706008.00000.000,eHIS,HIS_COLLECTION,3099754 HIS_COLLECTION 3358005YT7JQCWYLTG43,500176600,Journal Import 2591655:,/CASH/RECEIPT,2,,,,,0,500,Posted
20-09-2024,01.12102.000.0000.000.3706008.00000.000,eHIS,HIS_COLLECTION,3099758 HIS_COLLECTION 3358005YT7JQCWYLTG43,500176637,Journal Import 2591655:,/CARD/RECEIPT,2,,,,,0,500,Posted
20-09-2024,01.12102.000.0000.000.3706008.00000.000,eHIS,HIS_COLLECTION,3099762 HIS_COLLECTION 3358005YT7JQCWYLTG43,500176428,Journal Import 2591655:,/CASH/RECEIPT,2,,,,,0,100,Posted
20-09-2024,01.12102.000.0000.000.3706008.00000.000,eHIS,HIS_COLLECTION,3099766 HIS_COLLECTION 3358005YT7JQCWYLTG43,500176540,Journal Import 2591655:,/EFT/RECEIPT,2,,,,,0,1850,Posted
20-09-2024,01.12102.000.0000.000.3706008.00000.000,eHIS,HIS_COLLECTION,3099770 HIS_COLLECTION 3358005YT7JQCWYLTG43,500176433,Journal Import 2591655:,/CARD/RECEIPT,2,,,,,0,800,Posted
20-09-2024,01.12102.000.0000.000.3706008.00000.000,eHIS,HIS_COLLECTION,3099774 HIS_COLLECTION 3358005YT7JQCWYLTG43,500176344,Journal Import 2591655:,/EFT/RECEIPT,2,,,,,0,900,Posted
20-09-2024,01.12102.000.0000.000.3706008.00000.000,eHIS,HIS_COLLECTION,3099776 HIS_COLLECTION 3358005YT7JQCWYLTG43,500176601,Journal Import 2591655:,/CASH/RECEIPT,2,,,,,0,500,Posted
20-09-2024,01.12102.000.0000.000.3706008.00000.000,eHIS,HIS_COLLECTION,3099785 HIS_COLLECTION 3358005YT7JQCWYLTG43,500176495,Journal Import 2591655:,/CARD/RECEIPT,2,,,,,0,750,Posted
20-09-2024,01.12102.000.0000.000.3706008.00000.000,eHIS,HIS_COLLECTION,3099800 HIS_COLLECTION 3358005YT7JQCWYLTG43,500176366,Journal Import 2591655:,/CARD/RECEIPT,2,,,,,0,900,Posted
20-09-2024,01.12102.000.0000.000.3706008.00000.000,eHIS,HIS_COLLECTION,3099804 HIS_COLLECTION 3358005YT7JQCWYLTG43,500176675,Journal Import 2591655:,/CARD/RECEIPT,2,,,,,0,300,Posted
20-09-2024,01.12102.000.0000.000.3706008.00000.000,eHIS,HIS_COLLECTION,3099815 HIS_COLLECTION 3358005YT7JQCWYLTG43,500176532,Journal Import 2591655:,/EFT/RECEIPT,2,,,,,0,500,Posted
20-09-2024,01.12102.000.0000.000.3706008.00000.000,eHIS,HIS_COLLECTION,3099817 HIS_COLLECTION 3358005YT7JQCWYLTG43,500176332,Journal Import 2591655:,/CASH/RECEIPT,2,,,,,0,100,Posted
20-09-2024,01.12102.000.0000.000.3706008.00000.000,eHIS,HIS_COLLECTION,3099821 HIS_COLLECTION 3358005YT7JQCWYLTG43,500176668,Journal Import 2591655:,/CASH/RECEIPT,2,,,,,0,1210,Posted
21-09-2024,01.12102.000.0000.000.3706008.00000.000,eHIS,HIS_COLLECTION,3099826 HIS_COLLECTION 3358005YT7JQCWYLTG43,500176972,Journal Import 2599930:,/EFT/RECEIPT,2,,,,,0,350,Posted
20-09-2024,01.12102.000.0000.000.3706008.00000.000,eHIS,HIS_COLLECTION,3099832 HIS_COLLECTION 3358005YT7JQCWYLTG43,500176467,Journal Import 2591655:,/EFT/RECEIPT,2,,,,,0,700,Posted
20-09-2024,01.12102.000.0000.000.3706008.00000.000,eHIS,HIS_COLLECTION,3099838 HIS_COLLECTION 3358005YT7JQCWYLTG43,500176451,Journal Import 2591655:,/EFT/RECEIPT,2,,,,,0,2070,Posted
20-09-2024,01.12102.000.0000.000.3706008.00000.000,eHIS,HIS_COLLECTION,3099844 HIS_COLLECTION 3358005YT7JQCWYLTG43,500176533,Journal Import 2591655:,/EFT/RECEIPT,2,,,,,0,500,Posted
20-09-2024,01.12102.000.0000.000.3706008.00000.000,eHIS,HIS_COLLECTION,3099848 HIS_COLLECTION 3358005YT7JQCWYLTG43,500176602,Journal Import 2591655:,/CASH/RECEIPT,2,,,,,0,500,Posted
20-09-2024,01.12102.000.0000.000.3706008.00000.000,eHIS,HIS_COLLECTION,3099850 HIS_COLLECTION 3358005YT7JQCWYLTG43,500176654,Journal Import 2591655:,/EFT/RECEIPT,2,,,,,0,250,Posted
20-09-2024,01.12102.000.0000.000.3706008.00000.000,eHIS,HIS_COLLECTION,3099854 HIS_COLLECTION 3358005YT7JQCWYLTG43,500176385,Journal Import 2591655:,/CASH/RECEIPT,2,,,,,0,1000,Posted
20-09-2024,01.12102.000.0000.000.3706008.00000.000,eHIS,HIS_COLLECTION,3099861 HIS_COLLECTION 3358005YT7JQCWYLTG43,500176496,Journal Import 2591655:,/CARD/RECEIPT,2,,,,,0,750,Posted
20-09-2024,01.12102.000.0000.000.3706008.00000.000,eHIS,HIS_COLLECTION,3099877 HIS_COLLECTION 3358005YT7JQCWYLTG43,500176434,Journal Import 2591655:,/CARD/RECEIPT,2,,,,,0,800,Posted
20-09-2024,01.12102.000.0000.000.3706008.00000.000,eHIS,HIS_COLLECTION,3099879 HIS_COLLECTION 3358005YT7JQCWYLTG43,500176541,Journal Import 2591655:,/CARD/RECEIPT,2,,,,,0,1850,Posted
20-09-2024,01.12102.000.0000.000.3706008.00000.000,eHIS,HIS_COLLECTION,3099883 HIS_COLLECTION 3358005YT7JQCWYLTG43,500176542,Journal Import 2591655:,/EFT/RECEIPT,2,,,,,0,1850,Posted
20-09-2024,01.12102.000.0000.000.3706008.00000.000,eHIS,HIS_COLLECTION,3099892 HIS_COLLECTION 3358005YT7JQCWYLTG43,500176760,Journal Import 2591655:,/EFT/RECEIPT,2,,,,,0,1000,Posted
20-09-2024,01.12102.000.0000.000.3706008.00000.000,eHIS,HIS_COLLECTION,3099894 HIS_COLLECTION 3358005YT7JQCWYLTG43,500176761,Journal Import 2591655:,/EFT/RECEIPT,2,,,,,0,1000,Posted
20-09-2024,01.12102.000.0000.000.3706008.00000.000,eHIS,HIS_COLLECTION,3099896 HIS_COLLECTION 3358005YT7JQCWYLTG43,500176435,Journal Import 2591655:,/CARD/RECEIPT,2,,,,,0,800,Posted
20-09-2024,01.12102.000.0000.000.3706008.00000.000,eHIS,HIS_COLLECTION,3099904 HIS_COLLECTION 3358005YT7JQCWYLTG43,500176386,Journal Import 2591655:,/CASH/RECEIPT,2,,,,,0,1000,Posted
20-09-2024,01.12102.000.0000.000.3706008.00000.000,eHIS,HIS_COLLECTION,3099910 HIS_COLLECTION 3358005YT7JQCWYLTG43,500176401,Journal Import 2591655:,/CASH/RECEIPT,2,,,,,0,800,Posted
20-09-2024,01.12102.000.0000.000.3706008.00000.000,eHIS,HIS_COLLECTION,3099912 HIS_COLLECTION 3358005YT7JQCWYLTG43,500176498,Journal Import 2591655:,/CARD/RECEIPT,2,,,,,0,3500,Posted
20-09-2024,01.12102.000.0000.000.3706008.00000.000,eHIS,HIS_COLLECTION,3099928 HIS_COLLECTION 3358005YT7JQCWYLTG43,500176528,Journal Import 2591655:,/CASH/RECEIPT,2,,,,,0,600,Posted
20-09-2024,01.12102.000.0000.000.3706008.00000.000,eHIS,HIS_COLLECTION,3099937 HIS_COLLECTION 3358005YT7JQCWYLTG43,500176302,Journal Import 2591655:,/CASH/RECEIPT,2,,,,,0,1000,Posted
20-09-2024,01.12102.000.0000.000.3706008.00000.000,eHIS,HIS_COLLECTION,3099939 HIS_COLLECTION 3358005YT7JQCWYLTG43,500176490,Journal Import 2591655:,/CASH/RECEIPT,2,,,,,0,6570,Posted
20-09-2024,01.12102.000.0000.000.3706008.00000.000,eHIS,HIS_COLLECTION,3099945 HIS_COLLECTION 3358005YT7JQCWYLTG43,500176338,Journal Import 2591655:,/CASH/RECEIPT,2,,,,,0,900,Posted
20-09-2024,01.12102.000.0000.000.3706008.00000.000,eHIS,HIS_COLLECTION,3099947 HIS_COLLECTION 3358005YT7JQCWYLTG43,500176603,Journal Import 2591655:,/CASH/RECEIPT,2,,,,,0,500,Posted
20-09-2024,01.12102.000.0000.000.3706008.00000.000,eHIS,HIS_COLLECTION,3099949 HIS_COLLECTION 3358005YT7JQCWYLTG43,500176655,Journal Import 2591655:,/EFT/RECEIPT,2,,,,,0,250,Posted
20-09-2024,01.12102.000.0000.000.3706008.00000.000,eHIS,HIS_COLLECTION,3099951 HIS_COLLECTION 3358005YT7JQCWYLTG43,500176311,Journal Import 2591655:,/EFT/RECEIPT,2,,,,,0,100,Posted
20-09-2024,01.12102.000.0000.000.3706008.00000.000,eHIS,HIS_COLLECTION,3099953 HIS_COLLECTION 3358005YT7JQCWYLTG43,500176691,Journal Import 2591655:,/CASH/RECEIPT,2,,,,,0,1300,Posted
20-09-2024,01.12102.000.0000.000.3706008.00000.000,eHIS,HIS_COLLECTION,3099979 HIS_COLLECTION 3358005YT7JQCWYLTG43,500176303,Journal Import 2591655:,/CASH/RECEIPT,2,,,,,0,1000,Posted
20-09-2024,01.12102.000.0000.000.3706008.00000.000,eHIS,HIS_COLLECTION,3099980 HIS_COLLECTION 3358005YT7JQCWYLTG43,500176650,Journal Import 2591655:,/EFT/RECEIPT,2,,,,,0,200,Posted
20-09-2024,01.12102.000.0000.000.3706008.00000.000,eHIS,HIS_COLLECTION,3099984 HIS_COLLECTION 3358005YT7JQCWYLTG43,500176604,Journal Import 2591655:,/CASH/RECEIPT,2,,,,,0,500,Posted
20-09-2024,01.12102.000.0000.000.3706008.00000.000,eHIS,HIS_COLLECTION,3099991 HIS_COLLECTION 3358005YT7JQCWYLTG43,500176669,Journal Import 2591655:,/EFT/RECEIPT,2,,,,,0,250,Posted
20-09-2024,01.12102.000.0000.000.3706008.00000.000,eHIS,HIS_COLLECTION,3099995 HIS_COLLECTION 3358005YT7JQCWYLTG43,500176304,Journal Import 2591655:,/CASH/RECEIPT,2,,,,,0,1000,Posted
20-09-2024,01.12102.000.0000.000.3706008.00000.000,eHIS,HIS_COLLECTION,3099997 HIS_COLLECTION 3358005YT7JQCWYLTG43,500176574,Journal Import 2591655:,/CASH/RECEIPT,2,,,,,0,3700,Posted
20-09-2024,01.12102.000.0000.000.3706008.00000.000,eHIS,HIS_COLLECTION,3100001 HIS_COLLECTION 3358005YT7JQCWYLTG43,500176402,Journal Import 2591655:,/CASH/RECEIPT,2,,,,,0,800,Posted
20-09-2024,01.12102.000.0000.000.3706008.00000.000,eHIS,HIS_COLLECTION,3100021 HIS_COLLECTION 3358005YT7JQCWYLTG43,500176381,Journal Import 2591655:,/CASH/RECEIPT,2,,,,,0,250,Posted
21-09-2024,01.12102.000.0000.000.3706008.00000.000,eHIS,HIS_COLLECTION,3100022 HIS_COLLECTION 3358005YT7JQCWYLTG43,500176971,Journal Import 2599930:,/EFT/RECEIPT,2,,,,,0,100,Posted
20-09-2024,01.12102.000.0000.000.3706008.00000.000,eHIS,HIS_COLLECTION,3100024 HIS_COLLECTION 3358005YT7JQCWYLTG43,500176700,Journal Import 2591655:,/EFT/RECEIPT,2,,,,,0,100000,Posted
20-09-2024,01.12102.000.0000.000.3706008.00000.000,eHIS,HIS_COLLECTION,3100027 HIS_COLLECTION 3358005YT7JQCWYLTG43,500176322,Journal Import 2600200:,/EFT/REFUND,2,,,,,100000,0,Posted
20-09-2024,01.12102.000.0000.000.3706008.00000.000,eHIS,HIS_COLLECTION,3100028 HIS_COLLECTION 3358005YT7JQCWYLTG43,500176534,Journal Import 2591655:,/CARD/RECEIPT,2,,,,,0,500,Posted
20-09-2024,01.12102.000.0000.000.3706008.00000.000,eHIS,HIS_COLLECTION,3100032 HIS_COLLECTION 3358005YT7JQCWYLTG43,500176333,Journal Import 2591655:,/CASH/RECEIPT,2,,,,,0,100,Posted
20-09-2024,01.12102.000.0000.000.3706008.00000.000,eHIS,HIS_COLLECTION,3100033 HIS_COLLECTION 3358005YT7JQCWYLTG43,500176538,Journal Import 2591655:,/EFT/RECEIPT,2,,,,,0,550,Posted
20-09-2024,01.12102.000.0000.000.3706008.00000.000,eHIS,HIS_COLLECTION,3100039 HIS_COLLECTION 3358005YT7JQCWYLTG43,500176462,Journal Import 2591655:,/CASH/RECEIPT,2,,,,,0,750,Posted
20-09-2024,01.12102.000.0000.000.3706008.00000.000,eHIS,HIS_COLLECTION,3100041 HIS_COLLECTION 3358005YT7JQCWYLTG43,500176535,Journal Import 2591655:,/EFT/RECEIPT,2,,,,,0,500,Posted
20-09-2024,01.12102.000.0000.000.3706008.00000.000,eHIS,HIS_COLLECTION,3100046 HIS_COLLECTION 3358005YT7JQCWYLTG43,500176649,Journal Import 2591655:,/CASH/RECEIPT,2,,,,,0,450,Posted
20-09-2024,01.12102.000.0000.000.3706008.00000.000,eHIS,HIS_COLLECTION,3100048 HIS_COLLECTION 3358005YT7JQCWYLTG43,500176656,Journal Import 2591655:,/EFT/RECEIPT,2,,,,,0,1100,Posted
20-09-2024,01.12102.000.0000.000.3706008.00000.000,eHIS,HIS_COLLECTION,3100050 HIS_COLLECTION 3358005YT7JQCWYLTG43,500176605,Journal Import 2591655:,/CASH/RECEIPT,2,,,,,0,500,Posted
20-09-2024,01.12102.000.0000.000.3706008.00000.000,eHIS,HIS_COLLECTION,3100054 HIS_COLLECTION 3358005YT7JQCWYLTG43,500176682,Journal Import 2591655:,/CARD/RECEIPT,2,,,,,0,30000,Posted
20-09-2024,01.12102.000.0000.000.3706008.00000.000,eHIS,HIS_COLLECTION,3100055 HIS_COLLECTION 3358005YT7JQCWYLTG43,500176536,Journal Import 2591655:,/EFT/RECEIPT,2,,,,,0,500,Posted
20-09-2024,01.12102.000.0000.000.3706008.00000.000,eHIS,HIS_COLLECTION,3100057 HIS_COLLECTION 3358005YT7JQCWYLTG43,500176321,Journal Import 2600200:,/EFT/REFUND,2,,,,,30000,0,Posted
20-09-2024,01.12102.000.0000.000.3706008.00000.000,eHIS,HIS_COLLECTION,3100059 HIS_COLLECTION 3358005YT7JQCWYLTG43,500176678,Journal Import 2591655:,/EFT/RECEIPT,2,,,,,0,1200,Posted
20-09-2024,01.12102.000.0000.000.3706008.00000.000,eHIS,HIS_COLLECTION,3100063 HIS_COLLECTION 3358005YT7JQCWYLTG43,500176697,Journal Import 2591655:,/EFT/RECEIPT,2,,,,,0,450,Posted
20-09-2024,01.12102.000.0000.000.3706008.00000.000,eHIS,HIS_COLLECTION,3100069 HIS_COLLECTION 3358005YT7JQCWYLTG43,500176403,Journal Import 2591655:,/CASH/RECEIPT,2,,,,,0,800,Posted
20-09-2024,01.12102.000.0000.000.3706008.00000.000,eHIS,HIS_COLLECTION,3100071 HIS_COLLECTION 3358005YT7JQCWYLTG43,500176436,Journal Import 2591655:,/EFT/RECEIPT,2,,,,,0,800,Posted
20-09-2024,01.12102.000.0000.000.3706008.00000.000,eHIS,HIS_COLLECTION,3100075 HIS_COLLECTION 3358005YT7JQCWYLTG43,500176543,Journal Import 2591655:,/EFT/RECEIPT,2,,,,,0,1850,Posted
20-09-2024,01.12102.000.0000.000.3706008.00000.000,eHIS,HIS_COLLECTION,3100092 HIS_COLLECTION 3358005YT7JQCWYLTG43,500176491,Journal Import 2591655:,/CASH/RECEIPT,2,,,,,0,7086,Posted
20-09-2024,01.12102.000.0000.000.3706008.00000.000,eHIS,HIS_COLLECTION,3100097 HIS_COLLECTION 3358005YT7JQCWYLTG43,500176575,Journal Import 2591655:,/CASH/RECEIPT,2,,,,,0,3808,Posted
20-09-2024,01.12102.000.0000.000.3706008.00000.000,eHIS,HIS_COLLECTION,3100099 HIS_COLLECTION 3358005YT7JQCWYLTG43,500176657,Journal Import 2591655:,/CARD/RECEIPT,2,,,,,0,1100,Posted
20-09-2024,01.12102.000.0000.000.3706008.00000.000,eHIS,HIS_COLLECTION,3100114 HIS_COLLECTION 3358005YT7JQCWYLTG43,500176367,Journal Import 2591655:,/EFT/RECEIPT,2,,,,,0,900,Posted
20-09-2024,01.12102.000.0000.000.3706008.00000.000,eHIS,HIS_COLLECTION,3100125 HIS_COLLECTION 3358005YT7JQCWYLTG43,500176692,Journal Import 2591655:,/CASH/RECEIPT,2,,,,,0,1300,Posted
20-09-2024,01.12102.000.0000.000.3706008.00000.000,eHIS,HIS_COLLECTION,3100140 HIS_COLLECTION 3358005YT7JQCWYLTG43,500176382,Journal Import 2591655:,/CASH/RECEIPT,2,,,,,0,250,Posted
20-09-2024,01.12102.000.0000.000.3706008.00000.000,eHIS,HIS_COLLECTION,3100146 HIS_COLLECTION 3358005YT7JQCWYLTG43,500176606,Journal Import 2591655:,/CASH/RECEIPT,2,,,,,0,500,Posted
20-09-2024,01.12102.000.0000.000.3706008.00000.000,eHIS,HIS_COLLECTION,3100150 HIS_COLLECTION 3358005YT7JQCWYLTG43,500176437,Journal Import 2591655:,/CARD/RECEIPT,2,,,,,0,800,Posted
20-09-2024,01.12102.000.0000.000.3706008.00000.000,eHIS,HIS_COLLECTION,3100152 HIS_COLLECTION 3358005YT7JQCWYLTG43,500176576,Journal Import 2591655:,/CARD/RECEIPT,2,,,,,0,600,Posted
20-09-2024,01.12102.000.0000.000.3706008.00000.000,eHIS,HIS_COLLECTION,3100156 HIS_COLLECTION 3358005YT7JQCWYLTG43,500176438,Journal Import 2591655:,/EFT/RECEIPT,2,,,,,0,800,Posted
20-09-2024,01.12102.000.0000.000.3706008.00000.000,eHIS,HIS_COLLECTION,3100185 HIS_COLLECTION 3358005YT7JQCWYLTG43,500176398,Journal Import 2591655:,/EFT/RECEIPT,2,,,,,0,4300,Posted
20-09-2024,01.12102.000.0000.000.3706008.00000.000,eHIS,HIS_COLLECTION,3100195 HIS_COLLECTION 3358005YT7JQCWYLTG43,500176670,Journal Import 2591655:,/EFT/RECEIPT,2,,,,,0,250,Posted
20-09-2024,01.12102.000.0000.000.3706008.00000.000,eHIS,HIS_COLLECTION,3100202 HIS_COLLECTION 3358005YT7JQCWYLTG43,500176442,Journal Import 2591655:,/EFT/RECEIPT,2,,,,,0,825,Posted
20-09-2024,01.12102.000.0000.000.3706008.00000.000,eHIS,HIS_COLLECTION,3100223 HIS_COLLECTION 3358005YT7JQCWYLTG43,500176439,Journal Import 2591655:,/EFT/RECEIPT,2,,,,,0,800,Posted
20-09-2024,01.12102.000.0000.000.3706008.00000.000,eHIS,HIS_COLLECTION,3100255 HIS_COLLECTION 3358005YT7JQCWYLTG43,500176384,Journal Import 2591655:,/CASH/RECEIPT,2,,,,,0,299,Posted
20-09-2024,01.12102.000.0000.000.3706008.00000.000,eHIS,HIS_COLLECTION,3100261 HIS_COLLECTION 3358005YT7JQCWYLTG43,500176452,Journal Import 2591655:,/EFT/RECEIPT,2,,,,,0,2100,Posted
20-09-2024,01.12102.000.0000.000.3706008.00000.000,eHIS,HIS_COLLECTION,3100265 HIS_COLLECTION 3358005YT7JQCWYLTG43,500176572,Journal Import 2591655:,/CASH/RECEIPT,2,,,,,0,3300,Posted
20-09-2024,01.12102.000.0000.000.3706008.00000.000,eHIS,HIS_COLLECTION,3100282 HIS_COLLECTION 3358005YT7JQCWYLTG43,500176305,Journal Import 2591655:,/CASH/RECEIPT,2,,,,,0,1000,Posted
20-09-2024,01.12102.000.0000.000.3706008.00000.000,eHIS,HIS_COLLECTION,3100288 HIS_COLLECTION 3358005YT7JQCWYLTG43,500176607,Journal Import 2591655:,/CASH/RECEIPT,2,,,,,0,500,Posted
20-09-2024,01.12102.000.0000.000.3706008.00000.000,eHIS,HIS_COLLECTION,3100293 HIS_COLLECTION 3358005YT7JQCWYLTG43,500176693,Journal Import 2591655:,/CASH/RECEIPT,2,,,,,0,1300,Posted
20-09-2024,01.12102.000.0000.000.3706008.00000.000,eHIS,HIS_COLLECTION,3100295 HIS_COLLECTION 3358005YT7JQCWYLTG43,500176409,Journal Import 2591655:,/EFT/RECEIPT,2,,,,,0,4900,Posted
20-09-2024,01.12102.000.0000.000.3706008.00000.000,eHIS,HIS_COLLECTION,3100299 HIS_COLLECTION 3358005YT7JQCWYLTG43,500176306,Journal Import 2591655:,/CASH/RECEIPT,2,,,,,0,1000,Posted
20-09-2024,01.12102.000.0000.000.3706008.00000.000,eHIS,HIS_COLLECTION,3100306 HIS_COLLECTION 3358005YT7JQCWYLTG43,500176608,Journal Import 2591655:,/CASH/RECEIPT,2,,,,,0,500,Posted
20-09-2024,01.12102.000.0000.000.3706008.00000.000,eHIS,HIS_COLLECTION,3100312 HIS_COLLECTION 3358005YT7JQCWYLTG43,500176755,Journal Import 2591655:,/CASH/RECEIPT,2,,,,,0,350,Posted
20-09-2024,01.12102.000.0000.000.3706008.00000.000,eHIS,HIS_COLLECTION,3100318 HIS_COLLECTION 3358005YT7JQCWYLTG43,500176753,Journal Import 2591655:,/CASH/RECEIPT,2,,,,,0,300,Posted
20-09-2024,01.12102.000.0000.000.3706008.00000.000,eHIS,HIS_COLLECTION,3100320 HIS_COLLECTION 3358005YT7JQCWYLTG43,500176756,Journal Import 2591655:,/CASH/RECEIPT,2,,,,,0,350,Posted
20-09-2024,01.12102.000.0000.000.3706008.00000.000,eHIS,HIS_COLLECTION,3100322 HIS_COLLECTION 3358005YT7JQCWYLTG43,500176383,Journal Import 2591655:,/CASH/RECEIPT,2,,,,,0,250,Posted
20-09-2024,01.12102.000.0000.000.3706008.00000.000,eHIS,HIS_COLLECTION,3100328 HIS_COLLECTION 3358005YT7JQCWYLTG43,500176754,Journal Import 2591655:,/CASH/RECEIPT,2,,,,,0,300,Posted
20-09-2024,01.12102.000.0000.000.3706008.00000.000,eHIS,HIS_COLLECTION,3100330 HIS_COLLECTION 3358005YT7JQCWYLTG43,500176372,Journal Import 2591655:,/CARD/RECEIPT,2,,,,,0,8200,Posted
20-09-2024,01.12102.000.0000.000.3706008.00000.000,eHIS,HIS_COLLECTION,3100334 HIS_COLLECTION 3358005YT7JQCWYLTG43,500176762,Journal Import 2591655:,/EFT/RECEIPT,2,,,,,0,1000,Posted
20-09-2024,01.12102.000.0000.000.3706008.00000.000,eHIS,HIS_COLLECTION,3100349 HIS_COLLECTION 3358005YT7JQCWYLTG43,500176571,Journal Import 2591655:,/CASH/RECEIPT,2,,,,,0,3000,Posted
20-09-2024,01.12102.000.0000.000.3706008.00000.000,eHIS,HIS_COLLECTION,3100351 HIS_COLLECTION 3358005YT7JQCWYLTG43,500176694,Journal Import 2591655:,/CASH/RECEIPT,2,,,,,0,1300,Posted
20-09-2024,01.12102.000.0000.000.3706008.00000.000,eHIS,HIS_COLLECTION,3100364 HIS_COLLECTION 3358005YT7JQCWYLTG43,500176658,Journal Import 2591655:,/EFT/RECEIPT,2,,,,,0,1100,Posted
20-09-2024,01.12102.000.0000.000.3706008.00000.000,eHIS,HIS_COLLECTION,3100369 HIS_COLLECTION 3358005YT7JQCWYLTG43,500176404,Journal Import 2591655:,/CASH/RECEIPT,2,,,,,0,800,Posted
20-09-2024,01.12102.000.0000.000.3706008.00000.000,eHIS,HIS_COLLECTION,3100371 HIS_COLLECTION 3358005YT7JQCWYLTG43,500176659,Journal Import 2591655:,/EFT/RECEIPT,2,,,,,0,1100,Posted
20-09-2024,01.12102.000.0000.000.3706008.00000.000,eHIS,HIS_COLLECTION,3100373 HIS_COLLECTION 3358005YT7JQCWYLTG43,500176699,Journal Import 2591655:,/EFT/RECEIPT,2,,,,,0,1300,Posted
20-09-2024,01.12102.000.0000.000.3706008.00000.000,eHIS,HIS_COLLECTION,3100384 HIS_COLLECTION 3358005YT7JQCWYLTG43,500176660,Journal Import 2591655:,/EFT/RECEIPT,2,,,,,0,1100,Posted
20-09-2024,01.12102.000.0000.000.3706008.00000.000,eHIS,HIS_COLLECTION,3100386 HIS_COLLECTION 3358005YT7JQCWYLTG43,500176666,Journal Import 2591655:,/CASH/RECEIPT,2,,,,,0,1200,Posted
20-09-2024,01.12102.000.0000.000.3706008.00000.000,eHIS,HIS_COLLECTION,3100396 HIS_COLLECTION 3358005YT7JQCWYLTG43,500176368,Journal Import 2591655:,/CARD/RECEIPT,2,,,,,0,900,Posted
20-09-2024,01.12102.000.0000.000.3706008.00000.000,eHIS,HIS_COLLECTION,3100400 HIS_COLLECTION 3358005YT7JQCWYLTG43,500176463,Journal Import 2591655:,/CASH/RECEIPT,2,,,,,0,4900,Posted
20-09-2024,01.12102.000.0000.000.3706008.00000.000,eHIS,HIS_COLLECTION,3100422 HIS_COLLECTION 3358005YT7JQCWYLTG43,500176429,Journal Import 2591655:,/CASH/RECEIPT,2,,,,,0,800,Posted
20-09-2024,01.12102.000.0000.000.3706008.00000.000,eHIS,HIS_COLLECTION,3100439 HIS_COLLECTION 3358005YT7JQCWYLTG43,500176307,Journal Import 2591655:,/CASH/RECEIPT,2,,,,,0,1000,Posted
20-09-2024,01.12102.000.0000.000.3706008.00000.000,eHIS,HIS_COLLECTION,3100454 HIS_COLLECTION 3358005YT7JQCWYLTG43,500176667,Journal Import 2591655:,/CASH/RECEIPT,2,,,,,0,1200,Posted
20-09-2024,01.12102.000.0000.000.3706008.00000.000,eHIS,HIS_COLLECTION,3100460 HIS_COLLECTION 3358005YT7JQCWYLTG43,500176529,Journal Import 2591655:,/CASH/RECEIPT,2,,,,,0,650,Posted
20-09-2024,01.12102.000.0000.000.3706008.00000.000,eHIS,HIS_COLLECTION,3100478 HIS_COLLECTION 3358005YT7JQCWYLTG43,500176578,Journal Import 2591655:,/EFT/RECEIPT,2,,,,,0,2000,Posted
20-09-2024,01.12102.000.0000.000.3706008.00000.000,eHIS,HIS_COLLECTION,3100482 HIS_COLLECTION 3358005YT7JQCWYLTG43,500176662,Journal Import 2591655:,/CARD/RECEIPT,2,,,,,0,15850,Posted
20-09-2024,01.12102.000.0000.000.3706008.00000.000,eHIS,HIS_COLLECTION,3100484 HIS_COLLECTION 3358005YT7JQCWYLTG43,500176661,Journal Import 2591655:,/EFT/RECEIPT,2,,,,,0,12000,Posted
20-09-2024,01.12102.000.0000.000.3706008.00000.000,eHIS,HIS_COLLECTION,3100489 HIS_COLLECTION 3358005YT7JQCWYLTG43,500176334,Journal Import 2591655:,/CASH/RECEIPT,2,,,,,0,100,Posted
20-09-2024,01.12102.000.0000.000.3706008.00000.000,eHIS,HIS_COLLECTION,3100502 HIS_COLLECTION 3358005YT7JQCWYLTG43,500176335,Journal Import 2591655:,/CASH/RECEIPT,2,,,,,0,100,Posted
20-09-2024,01.12102.000.0000.000.3706008.00000.000,eHIS,HIS_COLLECTION,3100525 HIS_COLLECTION 3358005YT7JQCWYLTG43,500176577,Journal Import 2591655:,/EFT/RECEIPT,2,,,,,0,600,Posted
20-09-2024,01.12102.000.0000.000.3706008.00000.000,eHIS,HIS_COLLECTION,3100529 HIS_COLLECTION 3358005YT7JQCWYLTG43,500176679,Journal Import 2591655:,/EFT/RECEIPT,2,,,,,0,1200,Posted
20-09-2024,01.12102.000.0000.000.3706008.00000.000,eHIS,HIS_COLLECTION,3100535 HIS_COLLECTION 3358005YT7JQCWYLTG43,500176695,Journal Import 2591655:,/CASH/RECEIPT,2,,,,,0,1300,Posted
20-09-2024,01.12102.000.0000.000.3706008.00000.000,eHIS,HIS_COLLECTION,3100549 HIS_COLLECTION 3358005YT7JQCWYLTG43,500176635,Journal Import 2591655:,/CASH/RECEIPT,2,,,,,0,1850,Posted
20-09-2024,01.12102.000.0000.000.3706008.00000.000,eHIS,HIS_COLLECTION,3100566 HIS_COLLECTION 3358005YT7JQCWYLTG43,500176530,Journal Import 2591655:,/CASH/RECEIPT,2,,,,,0,675,Posted
20-09-2024,01.12102.000.0000.000.3706008.00000.000,eHIS,HIS_COLLECTION,3100576 HIS_COLLECTION 3358005YT7JQCWYLTG43,500176537,Journal Import 2591655:,/EFT/RECEIPT,2,,,,,0,500,Posted
20-09-2024,01.12102.000.0000.000.3706008.00000.000,eHIS,HIS_COLLECTION,3100580 HIS_COLLECTION 3358005YT7JQCWYLTG43,500176440,Journal Import 2591655:,/EFT/RECEIPT,2,,,,,0,800,Posted
20-09-2024,01.12102.000.0000.000.3706008.00000.000,eHIS,HIS_COLLECTION,3100587 HIS_COLLECTION 3358005YT7JQCWYLTG43,500176672,Journal Import 2591655:,/EFT/RECEIPT,2,,,,,0,299,Posted
20-09-2024,01.12102.000.0000.000.3706008.00000.000,eHIS,HIS_COLLECTION,3100591 HIS_COLLECTION 3358005YT7JQCWYLTG43,500176673,Journal Import 2591655:,/EFT/RECEIPT,2,,,,,0,299,Posted
20-09-2024,01.12102.000.0000.000.3706008.00000.000,eHIS,HIS_COLLECTION,3100596 HIS_COLLECTION 3358005YT7JQCWYLTG43,500176339,Journal Import 2591655:,/CASH/RECEIPT,2,,,,,0,900,Posted
20-09-2024,01.12102.000.0000.000.3706008.00000.000,eHIS,HIS_COLLECTION,3100598 HIS_COLLECTION 3358005YT7JQCWYLTG43,500176340,Journal Import 2591655:,/CASH/RECEIPT,2,,,,,0,900,Posted
20-09-2024,01.12102.000.0000.000.3706008.00000.000,eHIS,HIS_COLLECTION,3100604 HIS_COLLECTION 3358005YT7JQCWYLTG43,500176674,Journal Import 2591655:,/EFT/RECEIPT,2,,,,,0,299,Posted
20-09-2024,01.12102.000.0000.000.3706008.00000.000,eHIS,HIS_COLLECTION,3100607 HIS_COLLECTION 3358005YT7JQCWYLTG43,500176671,Journal Import 2591655:,/EFT/RECEIPT,2,,,,,0,250,Posted
20-09-2024,01.12102.000.0000.000.3706008.00000.000,eHIS,HIS_COLLECTION,3100609 HIS_COLLECTION 3358005YT7JQCWYLTG43,500176757,Journal Import 2591655:,/EFT/RECEIPT,2,,,,,0,100,Posted
20-09-2024,01.12102.000.0000.000.3706008.00000.000,eHIS,HIS_COLLECTION,3100623 HIS_COLLECTION 3358005YT7JQCWYLTG43,500176441,Journal Import 2591655:,/EFT/RECEIPT,2,,,,,0,800,Posted
20-09-2024,01.12102.000.0000.000.3706008.00000.000,eHIS,HIS_COLLECTION,3100627 HIS_COLLECTION 3358005YT7JQCWYLTG43,500176651,Journal Import 2591655:,/CARD/RECEIPT,2,,,,,0,200,Posted
21-09-2024,01.12102.000.0000.000.3706008.00000.000,eHIS,HIS_COLLECTION,3100633 HIS_COLLECTION 3358005YT7JQCWYLTG43,500176973,Journal Import 2599930:,/EFT/RECEIPT,2,,,,,0,350,Posted
20-09-2024,01.12102.000.0000.000.3706008.00000.000,eHIS,HIS_COLLECTION,3100637 HIS_COLLECTION 3358005YT7JQCWYLTG43,500176680,Journal Import 2591655:,/EFT/RECEIPT,2,,,,,0,1200,Posted
20-09-2024,01.12102.000.0000.000.3706008.00000.000,eHIS,HIS_COLLECTION,3100654 HIS_COLLECTION 3358005YT7JQCWYLTG43,500176652,Journal Import 2591655:,/EFT/RECEIPT,2,,,,,0,200,Posted
20-09-2024,01.12102.000.0000.000.3706008.00000.000,eHIS,HIS_COLLECTION,3100671 HIS_COLLECTION 3358005YT7JQCWYLTG43,500176676,Journal Import 2591655:,/EFT/RECEIPT,2,,,,,0,325,Posted
20-09-2024,01.12102.000.0000.000.3706008.00000.000,eHIS,HIS_COLLECTION,3100683 HIS_COLLECTION 3358005YT7JQCWYLTG43,500176609,Journal Import 2591655:,/CASH/RECEIPT,2,,,,,0,500,Posted
20-09-2024,01.12102.000.0000.000.3706008.00000.000,eHIS,HIS_COLLECTION,3100692 HIS_COLLECTION 3358005YT7JQCWYLTG43,500176492,Journal Import 2591655:,/CASH/RECEIPT,2,,,,,0,7300,Posted
20-09-2024,01.12102.000.0000.000.3706008.00000.000,eHIS,HIS_COLLECTION,3100696 HIS_COLLECTION 3358005YT7JQCWYLTG43,500176308,Journal Import 2591655:,/CASH/RECEIPT,2,,,,,0,1000,Posted
20-09-2024,01.12102.000.0000.000.3706008.00000.000,eHIS,HIS_COLLECTION,3100699 HIS_COLLECTION 3358005YT7JQCWYLTG43,500176681,Journal Import 2591655:,/EFT/RECEIPT,2,,,,,0,1200,Posted
20-09-2024,01.12102.000.0000.000.3706008.00000.000,eHIS,HIS_COLLECTION,3100711 HIS_COLLECTION 3358005YT7JQCWYLTG43,500176653,Journal Import 2591655:,/EFT/RECEIPT,2,,,,,0,200,Posted
21-09-2024,01.12102.000.0000.000.3706008.00000.000,eHIS,HIS_COLLECTION,3100716 HIS_COLLECTION 3358005YT7JQCWYLTG43,500176974,Journal Import 2599930:,/EFT/RECEIPT,2,,,,,0,420,Posted
20-09-2024,01.12102.000.0000.000.3706008.00000.000,eHIS,HIS_COLLECTION,3100718 HIS_COLLECTION 3358005YT7JQCWYLTG43,500176544,Journal Import 2591655:,/EFT/RECEIPT,2,,,,,0,1850,Posted
20-09-2024,01.12102.000.0000.000.3706008.00000.000,eHIS,HIS_COLLECTION,3100720 HIS_COLLECTION 3358005YT7JQCWYLTG43,500176369,Journal Import 2591655:,/CARD/RECEIPT,2,,,,,0,900,Posted
20-09-2024,01.12102.000.0000.000.3706008.00000.000,eHIS,HIS_COLLECTION,3100730 HIS_COLLECTION 3358005YT7JQCWYLTG43,500176636,Journal Import 2591655:,/CASH/RECEIPT,2,,,,,0,1850,Posted
20-09-2024,01.12102.000.0000.000.3706008.00000.000,eHIS,HIS_COLLECTION,3100737 HIS_COLLECTION 3358005YT7JQCWYLTG43,500176698,Journal Import 2591655:,/EFT/RECEIPT,2,,,,,0,1200,Posted
20-09-2024,01.12102.000.0000.000.3706008.00000.000,eHIS,HIS_COLLECTION,3100745 HIS_COLLECTION 3358005YT7JQCWYLTG43,500176464,Journal Import 2591655:,/CASH/RECEIPT,2,,,,,0,4900,Posted
20-09-2024,01.12102.000.0000.000.3706008.00000.000,eHIS,HIS_COLLECTION,3100763 HIS_COLLECTION 3358005YT7JQCWYLTG43,500176499,Journal Import 2591655:,/CARD/RECEIPT,2,,,,,0,3500,Posted
20-09-2024,01.12102.000.0000.000.3706008.00000.000,eHIS,HIS_COLLECTION,3100767 HIS_COLLECTION 3358005YT7JQCWYLTG43,500176370,Journal Import 2591655:,/EFT/RECEIPT,2,,,,,0,900,Posted
20-09-2024,01.12102.000.0000.000.3706008.00000.000,eHIS,HIS_COLLECTION,3100785 HIS_COLLECTION 3358005YT7JQCWYLTG43,500176371,Journal Import 2591655:,/EFT/RECEIPT,2,,,,,0,900,Posted
20-09-2024,01.12102.000.0000.000.3706008.00000.000,eHIS,HIS_COLLECTION,3100795 HIS_COLLECTION 3358005YT7JQCWYLTG43,500176610,Journal Import 2591655:,/CASH/RECEIPT,2,,,,,0,500,Posted
20-09-2024,01.12102.000.0000.000.3706008.00000.000,eHIS,HIS_COLLECTION,3100797 HIS_COLLECTION 3358005YT7JQCWYLTG43,500176545,Journal Import 2591655:,/EFT/RECEIPT,2,,,,,0,1850,Posted
20-09-2024,01.12102.000.0000.000.3706008.00000.000,eHIS,HIS_COLLECTION,3100803 HIS_COLLECTION 3358005YT7JQCWYLTG43,500176648,Journal Import 2591655:,/CASH/RECEIPT,2,,,,,0,400,Posted
21-09-2024,01.12102.000.0000.000.3706008.00000.000,eHIS,HIS_COLLECTION,3100837 HIS_COLLECTION 3358005YT7JQCWYLTG43,500176991,Journal Import 2591655:,/CASH/REFUND,2,,,,,250,0,Posted
21-09-2024,01.12102.000.0000.000.3706008.00000.000,eHIS,HIS_COLLECTION,3100861 HIS_COLLECTION 3358005YT7JQCWYLTG43,500177107,Journal Import 2591655:,/CARD/RECEIPT,2,,,,,0,4885,Posted
21-09-2024,01.12102.000.0000.000.3706008.00000.000,eHIS,HIS_COLLECTION,3100888 HIS_COLLECTION 3358005YT7JQCWYLTG43,500177003,Journal Import 2591655:,/CASH/RECEIPT,2,,,,,0,100,Posted
21-09-2024,01.12102.000.0000.000.3706008.00000.000,eHIS,HIS_COLLECTION,3100896 HIS_COLLECTION 3358005YT7JQCWYLTG43,500177263,Journal Import 2591655:,/EFT/RECEIPT,2,,,,,0,100,Posted
21-09-2024,01.12102.000.0000.000.3706008.00000.000,eHIS,HIS_COLLECTION,3100912 HIS_COLLECTION 3358005YT7JQCWYLTG43,500177151,Journal Import 2591655:,/CARD/RECEIPT,2,,,,,0,565,Posted
21-09-2024,01.12102.000.0000.000.3706008.00000.000,eHIS,HIS_COLLECTION,3100923 HIS_COLLECTION 3358005YT7JQCWYLTG43,500177269,Journal Import 2591655:,/CARD/RECEIPT,2,,,,,0,1000,Posted
21-09-2024,01.12102.000.0000.000.3706008.00000.000,eHIS,HIS_COLLECTION,3100925 HIS_COLLECTION 3358005YT7JQCWYLTG43,500177168,Journal Import 2591655:,/CARD/RECEIPT,2,,,,,0,650,Posted
21-09-2024,01.12102.000.0000.000.3706008.00000.000,eHIS,HIS_COLLECTION,3100931 HIS_COLLECTION 3358005YT7JQCWYLTG43,500177280,Journal Import 2591655:,/CARD/RECEIPT,2,,,,,0,10299,Posted
21-09-2024,01.12102.000.0000.000.3706008.00000.000,eHIS,HIS_COLLECTION,3100933 HIS_COLLECTION 3358005YT7JQCWYLTG43,500177019,Journal Import 2591655:,/EFT/RECEIPT,2,,,,,0,5888,Posted
21-09-2024,01.12102.000.0000.000.3706008.00000.000,eHIS,HIS_COLLECTION,3100943 HIS_COLLECTION 3358005YT7JQCWYLTG43,500177198,Journal Import 2591655:,/CARD/RECEIPT,2,,,,,0,1200,Posted
21-09-2024,01.12102.000.0000.000.3706008.00000.000,eHIS,HIS_COLLECTION,3100945 HIS_COLLECTION 3358005YT7JQCWYLTG43,500177169,Journal Import 2591655:,/CARD/RECEIPT,2,,,,,0,650,Posted
21-09-2024,01.12102.000.0000.000.3706008.00000.000,eHIS,HIS_COLLECTION,3100954 HIS_COLLECTION 3358005YT7JQCWYLTG43,500177153,Journal Import 2591655:,/EFT/RECEIPT,2,,,,,0,2499,Posted
21-09-2024,01.12102.000.0000.000.3706008.00000.000,eHIS,HIS_COLLECTION,3100960 HIS_COLLECTION 3358005YT7JQCWYLTG43,500177154,Journal Import 2591655:,/EFT/RECEIPT,2,,,,,0,2499,Posted
21-09-2024,01.12102.000.0000.000.3706008.00000.000,eHIS,HIS_COLLECTION,3100964 HIS_COLLECTION 3358005YT7JQCWYLTG43,500177014,Journal Import 2591655:,/CASH/RECEIPT,2,,,,,0,104,Posted
21-09-2024,01.12102.000.0000.000.3706008.00000.000,eHIS,HIS_COLLECTION,3100967 HIS_COLLECTION 3358005YT7JQCWYLTG43,500177155,Journal Import 2591655:,/EFT/RECEIPT,2,,,,,0,2499,Posted
22-09-2024,01.12102.000.0000.000.3706008.00000.000,eHIS,HIS_COLLECTION,3100972 HIS_COLLECTION 3358005YT7JQCWYLTG43,500177629,Journal Import 2599930:,/EFT/RECEIPT,2,,,,,0,2000,Posted
21-09-2024,01.12102.000.0000.000.3706008.00000.000,eHIS,HIS_COLLECTION,3100978 HIS_COLLECTION 3358005YT7JQCWYLTG43,500177051,Journal Import 2591655:,/CARD/RECEIPT,2,,,,,0,3045,Posted
21-09-2024,01.12102.000.0000.000.3706008.00000.000,eHIS,HIS_COLLECTION,3100986 HIS_COLLECTION 3358005YT7JQCWYLTG43,500177219,Journal Import 2591655:,/CASH/RECEIPT,2,,,,,0,1480,Posted
21-09-2024,01.12102.000.0000.000.3706008.00000.000,eHIS,HIS_COLLECTION,3100994 HIS_COLLECTION 3358005YT7JQCWYLTG43,500177063,Journal Import 2591655:,/CASH/RECEIPT,2,,,,,0,6900,Posted
21-09-2024,01.12102.000.0000.000.3706008.00000.000,eHIS,HIS_COLLECTION,3100998 HIS_COLLECTION 3358005YT7JQCWYLTG43,500177093,Journal Import 2591655:,/CASH/RECEIPT,2,,,,,0,10299,Posted
21-09-2024,01.12102.000.0000.000.3706008.00000.000,eHIS,HIS_COLLECTION,3101000 HIS_COLLECTION 3358005YT7JQCWYLTG43,500177097,Journal Import 2591655:,/CARD/RECEIPT,2,,,,,0,4500,Posted
21-09-2024,01.12102.000.0000.000.3706008.00000.000,eHIS,HIS_COLLECTION,3101007 HIS_COLLECTION 3358005YT7JQCWYLTG43,500177170,Journal Import 2591655:,/EFT/RECEIPT,2,,,,,0,650,Posted
21-09-2024,01.12102.000.0000.000.3706008.00000.000,eHIS,HIS_COLLECTION,3101017 HIS_COLLECTION 3358005YT7JQCWYLTG43,500177068,Journal Import 2591655:,/EFT/RECEIPT,2,,,,,0,3500,Posted
21-09-2024,01.12102.000.0000.000.3706008.00000.000,eHIS,HIS_COLLECTION,3101032 HIS_COLLECTION 3358005YT7JQCWYLTG43,500177004,Journal Import 2591655:,/CASH/RECEIPT,2,,,,,0,100,Posted
21-09-2024,01.12102.000.0000.000.3706008.00000.000,eHIS,HIS_COLLECTION,3101065 HIS_COLLECTION 3358005YT7JQCWYLTG43,500177215,Journal Import 2591655:,/CASH/RECEIPT,2,,,,,0,500,Posted
21-09-2024,01.12102.000.0000.000.3706008.00000.000,eHIS,HIS_COLLECTION,3101077 HIS_COLLECTION 3358005YT7JQCWYLTG43,500177036,Journal Import 2591655:,/EFT/RECEIPT,2,,,,,0,930,Posted
21-09-2024,01.12102.000.0000.000.3706008.00000.000,eHIS,HIS_COLLECTION,3101085 HIS_COLLECTION 3358005YT7JQCWYLTG43,500177005,Journal Import 2591655:,/CASH/RECEIPT,2,,,,,0,100,Posted
21-09-2024,01.12102.000.0000.000.3706008.00000.000,eHIS,HIS_COLLECTION,3101137 HIS_COLLECTION 3358005YT7JQCWYLTG43,500177152,Journal Import 2591655:,/EFT/RECEIPT,2,,,,,0,600,Posted
21-09-2024,01.12102.000.0000.000.3706008.00000.000,eHIS,HIS_COLLECTION,3101149 HIS_COLLECTION 3358005YT7JQCWYLTG43,500177029,Journal Import 2591655:,/EFT/RECEIPT,2,,,,,0,900,Posted
21-09-2024,01.12102.000.0000.000.3706008.00000.000,eHIS,HIS_COLLECTION,3101154 HIS_COLLECTION 3358005YT7JQCWYLTG43,500176992,Journal Import 2591655:,/EFT/RECEIPT,2,,,,,0,800,Posted
21-09-2024,01.12102.000.0000.000.3706008.00000.000,eHIS,HIS_COLLECTION,3101166 HIS_COLLECTION 3358005YT7JQCWYLTG43,500177264,Journal Import 2591655:,/EFT/RECEIPT,2,,,,,0,100,Posted
21-09-2024,01.12102.000.0000.000.3706008.00000.000,eHIS,HIS_COLLECTION,3101178 HIS_COLLECTION 3358005YT7JQCWYLTG43,500177199,Journal Import 2591655:,/EFT/RECEIPT,2,,,,,0,1200,Posted
21-09-2024,01.12102.000.0000.000.3706008.00000.000,eHIS,HIS_COLLECTION,3101223 HIS_COLLECTION 3358005YT7JQCWYLTG43,500177006,Journal Import 2591655:,/CASH/RECEIPT,2,,,,,0,100,Posted
21-09-2024,01.12102.000.0000.000.3706008.00000.000,eHIS,HIS_COLLECTION,3101230 HIS_COLLECTION 3358005YT7JQCWYLTG43,500177048,Journal Import 2591655:,/EFT/RECEIPT,2,,,,,0,2950,Posted
21-09-2024,01.12102.000.0000.000.3706008.00000.000,eHIS,HIS_COLLECTION,3101237 HIS_COLLECTION 3358005YT7JQCWYLTG43,500177200,Journal Import 2591655:,/EFT/RECEIPT,2,,,,,0,1200,Posted
21-09-2024,01.12102.000.0000.000.3706008.00000.000,eHIS,HIS_COLLECTION,3101241 HIS_COLLECTION 3358005YT7JQCWYLTG43,500177267,Journal Import 2591655:,/EFT/RECEIPT,2,,,,,0,180,Posted
21-09-2024,01.12102.000.0000.000.3706008.00000.000,eHIS,HIS_COLLECTION,3101249 HIS_COLLECTION 3358005YT7JQCWYLTG43,500177224,Journal Import 2591655:,/CARD/RECEIPT,2,,,,,0,1500,Posted
21-09-2024,01.12102.000.0000.000.3706008.00000.000,eHIS,HIS_COLLECTION,3101257 HIS_COLLECTION 3358005YT7JQCWYLTG43,500177220,Journal Import 2591655:,/CASH/RECEIPT,2,,,,,0,1500,Posted
21-09-2024,01.12102.000.0000.000.3706008.00000.000,eHIS,HIS_COLLECTION,3101258 HIS_COLLECTION 3358005YT7JQCWYLTG43,500177185,Journal Import 2591655:,/EFT/RECEIPT,2,,,,,0,350,Posted
21-09-2024,01.12102.000.0000.000.3706008.00000.000,eHIS,HIS_COLLECTION,3101264 HIS_COLLECTION 3358005YT7JQCWYLTG43,500177113,Journal Import 2591655:,/CASH/RECEIPT,2,,,,,0,1850,Posted
21-09-2024,01.12102.000.0000.000.3706008.00000.000,eHIS,HIS_COLLECTION,3101266 HIS_COLLECTION 3358005YT7JQCWYLTG43,500177216,Journal Import 2591655:,/CASH/RECEIPT,2,,,,,0,500,Posted
21-09-2024,01.12102.000.0000.000.3706008.00000.000,eHIS,HIS_COLLECTION,3101278 HIS_COLLECTION 3358005YT7JQCWYLTG43,500177291,Journal Import 2591655:,/CARD/RECEIPT,2,,,,,0,1100,Posted
21-09-2024,01.12102.000.0000.000.3706008.00000.000,eHIS,HIS_COLLECTION,3101296 HIS_COLLECTION 3358005YT7JQCWYLTG43,500176996,Journal Import 2591655:,/EFT/RECEIPT,2,,,,,0,850,Posted
21-09-2024,01.12102.000.0000.000.3706008.00000.000,eHIS,HIS_COLLECTION,3101302 HIS_COLLECTION 3358005YT7JQCWYLTG43,500177120,Journal Import 2591655:,/EFT/RECEIPT,2,,,,,0,1800,Posted
21-09-2024,01.12102.000.0000.000.3706008.00000.000,eHIS,HIS_COLLECTION,3101319 HIS_COLLECTION 3358005YT7JQCWYLTG43,500177217,Journal Import 2591655:,/CASH/RECEIPT,2,,,,,0,500,Posted
21-09-2024,01.12102.000.0000.000.3706008.00000.000,eHIS,HIS_COLLECTION,3101324 HIS_COLLECTION 3358005YT7JQCWYLTG43,500177195,Journal Import 2591655:,/EFT/RECEIPT,2,,,,,0,375,Posted
21-09-2024,01.12102.000.0000.000.3706008.00000.000,eHIS,HIS_COLLECTION,3101328 HIS_COLLECTION 3358005YT7JQCWYLTG43,500177265,Journal Import 2591655:,/EFT/RECEIPT,2,,,,,0,100,Posted
21-09-2024,01.12102.000.0000.000.3706008.00000.000,eHIS,HIS_COLLECTION,3101330 HIS_COLLECTION 3358005YT7JQCWYLTG43,500177229,Journal Import 2591655:,/CASH/RECEIPT,2,,,,,0,500,Posted
21-09-2024,01.12102.000.0000.000.3706008.00000.000,eHIS,HIS_COLLECTION,3101338 HIS_COLLECTION 3358005YT7JQCWYLTG43,500177114,Journal Import 2591655:,/CASH/RECEIPT,2,,,,,0,1850,Posted
21-09-2024,01.12102.000.0000.000.3706008.00000.000,eHIS,HIS_COLLECTION,3101342 HIS_COLLECTION 3358005YT7JQCWYLTG43,500177230,Journal Import 2591655:,/CASH/RECEIPT,2,,,,,0,500,Posted
21-09-2024,01.12102.000.0000.000.3706008.00000.000,eHIS,HIS_COLLECTION,3101353 HIS_COLLECTION 3358005YT7JQCWYLTG43,500177030,Journal Import 2591655:,/EFT/RECEIPT,2,,,,,0,900,Posted
21-09-2024,01.12102.000.0000.000.3706008.00000.000,eHIS,HIS_COLLECTION,3101357 HIS_COLLECTION 3358005YT7JQCWYLTG43,500177231,Journal Import 2591655:,/CASH/RECEIPT,2,,,,,0,500,Posted
21-09-2024,01.12102.000.0000.000.3706008.00000.000,eHIS,HIS_COLLECTION,3101359 HIS_COLLECTION 3358005YT7JQCWYLTG43,500176966,Journal Import 2591655:,/CASH/RECEIPT,2,,,,,0,1000,Posted
21-09-2024,01.12102.000.0000.000.3706008.00000.000,eHIS,HIS_COLLECTION,3101360 HIS_COLLECTION 3358005YT7JQCWYLTG43,500177290,Journal Import 2591655:,/EFT/RECEIPT,2,,,,,0,200,Posted
21-09-2024,01.12102.000.0000.000.3706008.00000.000,eHIS,HIS_COLLECTION,3101362 HIS_COLLECTION 3358005YT7JQCWYLTG43,500177274,Journal Import 2591655:,/EFT/RECEIPT,2,,,,,0,1080,Posted
21-09-2024,01.12102.000.0000.000.3706008.00000.000,eHIS,HIS_COLLECTION,3101367 HIS_COLLECTION 3358005YT7JQCWYLTG43,500177047,Journal Import 2591655:,/EFT/RECEIPT,2,,,,,0,2790,Posted
21-09-2024,01.12102.000.0000.000.3706008.00000.000,eHIS,HIS_COLLECTION,3101372 HIS_COLLECTION 3358005YT7JQCWYLTG43,500177144,Journal Import 2591655:,/CARD/RECEIPT,2,,,,,0,1850,Posted
21-09-2024,01.12102.000.0000.000.3706008.00000.000,eHIS,HIS_COLLECTION,3101389 HIS_COLLECTION 3358005YT7JQCWYLTG43,500177292,Journal Import 2591655:,/EFT/RECEIPT,2,,,,,0,1100,Posted
21-09-2024,01.12102.000.0000.000.3706008.00000.000,eHIS,HIS_COLLECTION,3101391 HIS_COLLECTION 3358005YT7JQCWYLTG43,500176967,Journal Import 2591655:,/CASH/RECEIPT,2,,,,,0,1000,Posted
21-09-2024,01.12102.000.0000.000.3706008.00000.000,eHIS,HIS_COLLECTION,3101407 HIS_COLLECTION 3358005YT7JQCWYLTG43,500177137,Journal Import 2591655:,/EFT/RECEIPT,2,,,,,0,500,Posted
21-09-2024,01.12102.000.0000.000.3706008.00000.000,eHIS,HIS_COLLECTION,3101418 HIS_COLLECTION 3358005YT7JQCWYLTG43,500177138,Journal Import 2591655:,/EFT/RECEIPT,2,,,,,0,500,Posted
21-09-2024,01.12102.000.0000.000.3706008.00000.000,eHIS,HIS_COLLECTION,3101427 HIS_COLLECTION 3358005YT7JQCWYLTG43,500177183,Journal Import 2591655:,/CARD/RECEIPT,2,,,,,0,250,Posted
21-09-2024,01.12102.000.0000.000.3706008.00000.000,eHIS,HIS_COLLECTION,3101429 HIS_COLLECTION 3358005YT7JQCWYLTG43,500177232,Journal Import 2591655:,/CASH/RECEIPT,2,,,,,0,500,Posted
21-09-2024,01.12102.000.0000.000.3706008.00000.000,eHIS,HIS_COLLECTION,3101437 HIS_COLLECTION 3358005YT7JQCWYLTG43,500177007,Journal Import 2591655:,/CASH/RECEIPT,2,,,,,0,100,Posted
21-09-2024,01.12102.000.0000.000.3706008.00000.000,eHIS,HIS_COLLECTION,3101443 HIS_COLLECTION 3358005YT7JQCWYLTG43,500177031,Journal Import 2591655:,/CARD/RECEIPT,2,,,,,0,900,Posted
21-09-2024,01.12102.000.0000.000.3706008.00000.000,eHIS,HIS_COLLECTION,3101445 HIS_COLLECTION 3358005YT7JQCWYLTG43,500176963,Journal Import 2591655:,/CASH/RECEIPT,2,,,,,0,250,Posted
21-09-2024,01.12102.000.0000.000.3706008.00000.000,eHIS,HIS_COLLECTION,3101463 HIS_COLLECTION 3358005YT7JQCWYLTG43,500177293,Journal Import 2591655:,/EFT/RECEIPT,2,,,,,0,1100,Posted
21-09-2024,01.12102.000.0000.000.3706008.00000.000,eHIS,HIS_COLLECTION,3101465 HIS_COLLECTION 3358005YT7JQCWYLTG43,500177008,Journal Import 2591655:,/CASH/RECEIPT,2,,,,,0,100,Posted
21-09-2024,01.12102.000.0000.000.3706008.00000.000,eHIS,HIS_COLLECTION,3101468 HIS_COLLECTION 3358005YT7JQCWYLTG43,500177233,Journal Import 2591655:,/CASH/RECEIPT,2,,,,,0,500,Posted
21-09-2024,01.12102.000.0000.000.3706008.00000.000,eHIS,HIS_COLLECTION,3101478 HIS_COLLECTION 3358005YT7JQCWYLTG43,500177289,Journal Import 2591655:,/CASH/RECEIPT,2,,,,,0,450,Posted
21-09-2024,01.12102.000.0000.000.3706008.00000.000,eHIS,HIS_COLLECTION,3101489 HIS_COLLECTION 3358005YT7JQCWYLTG43,500177179,Journal Import 2591655:,/CASH/RECEIPT,2,,,,,0,1200,Posted
21-09-2024,01.12102.000.0000.000.3706008.00000.000,eHIS,HIS_COLLECTION,3101491 HIS_COLLECTION 3358005YT7JQCWYLTG43,500177234,Journal Import 2591655:,/CASH/RECEIPT,2,,,,,0,500,Posted
21-09-2024,01.12102.000.0000.000.3706008.00000.000,eHIS,HIS_COLLECTION,3101521 HIS_COLLECTION 3358005YT7JQCWYLTG43,500177145,Journal Import 2591655:,/EFT/RECEIPT,2,,,,,0,1850,Posted
21-09-2024,01.12102.000.0000.000.3706008.00000.000,eHIS,HIS_COLLECTION,3101533 HIS_COLLECTION 3358005YT7JQCWYLTG43,500177139,Journal Import 2591655:,/EFT/RECEIPT,2,,,,,0,500,Posted
21-09-2024,01.12102.000.0000.000.3706008.00000.000,eHIS,HIS_COLLECTION,3101543 HIS_COLLECTION 3358005YT7JQCWYLTG43,500177052,Journal Import 2591655:,/EFT/RECEIPT,2,,,,,0,3080,Posted
21-09-2024,01.12102.000.0000.000.3706008.00000.000,eHIS,HIS_COLLECTION,3101545 HIS_COLLECTION 3358005YT7JQCWYLTG43,500177235,Journal Import 2591655:,/CASH/RECEIPT,2,,,,,0,500,Posted
21-09-2024,01.12102.000.0000.000.3706008.00000.000,eHIS,HIS_COLLECTION,3101552 HIS_COLLECTION 3358005YT7JQCWYLTG43,500177171,Journal Import 2591655:,/EFT/RECEIPT,2,,,,,0,650,Posted
21-09-2024,01.12102.000.0000.000.3706008.00000.000,eHIS,HIS_COLLECTION,3101563 HIS_COLLECTION 3358005YT7JQCWYLTG43,500177294,Journal Import 2591655:,/EFT/RECEIPT,2,,,,,0,1100,Posted
21-09-2024,01.12102.000.0000.000.3706008.00000.000,eHIS,HIS_COLLECTION,3101567 HIS_COLLECTION 3358005YT7JQCWYLTG43,500177067,Journal Import 2591655:,/CARD/RECEIPT,2,,,,,0,3410,Posted
22-09-2024,01.12102.000.0000.000.3706008.00000.000,eHIS,HIS_COLLECTION,3101571 HIS_COLLECTION 3358005YT7JQCWYLTG43,500177628,Journal Import 2599930:,/EFT/RECEIPT,2,,,,,0,450,Posted
21-09-2024,01.12102.000.0000.000.3706008.00000.000,eHIS,HIS_COLLECTION,3101587 HIS_COLLECTION 3358005YT7JQCWYLTG43,500177270,Journal Import 2591655:,/CARD/RECEIPT,2,,,,,0,1000,Posted
21-09-2024,01.12102.000.0000.000.3706008.00000.000,eHIS,HIS_COLLECTION,3101596 HIS_COLLECTION 3358005YT7JQCWYLTG43,500177115,Journal Import 2591655:,/CASH/RECEIPT,2,,,,,0,1850,Posted
21-09-2024,01.12102.000.0000.000.3706008.00000.000,eHIS,HIS_COLLECTION,3101602 HIS_COLLECTION 3358005YT7JQCWYLTG43,500177207,Journal Import 2591655:,/EFT/RECEIPT,2,,,,,0,1300,Posted
21-09-2024,01.12102.000.0000.000.3706008.00000.000,eHIS,HIS_COLLECTION,3101604 HIS_COLLECTION 3358005YT7JQCWYLTG43,500177225,Journal Import 2591655:,/EFT/RECEIPT,2,,,,,0,1500,Posted
21-09-2024,01.12102.000.0000.000.3706008.00000.000,eHIS,HIS_COLLECTION,3101608 HIS_COLLECTION 3358005YT7JQCWYLTG43,500176981,Journal Import 2591655:,/CASH/RECEIPT,2,,,,,0,800,Posted
21-09-2024,01.12102.000.0000.000.3706008.00000.000,eHIS,HIS_COLLECTION,3101616 HIS_COLLECTION 3358005YT7JQCWYLTG43,500177295,Journal Import 2591655:,/EFT/RECEIPT,2,,,,,0,1100,Posted
21-09-2024,01.12102.000.0000.000.3706008.00000.000,eHIS,HIS_COLLECTION,3101635 HIS_COLLECTION 3358005YT7JQCWYLTG43,500176982,Journal Import 2591655:,/CASH/RECEIPT,2,,,,,0,800,Posted
21-09-2024,01.12102.000.0000.000.3706008.00000.000,eHIS,HIS_COLLECTION,3101647 HIS_COLLECTION 3358005YT7JQCWYLTG43,500177165,Journal Import 2591655:,/CASH/RECEIPT,2,,,,,0,750,Posted
21-09-2024,01.12102.000.0000.000.3706008.00000.000,eHIS,HIS_COLLECTION,3101651 HIS_COLLECTION 3358005YT7JQCWYLTG43,500177032,Journal Import 2591655:,/EFT/RECEIPT,2,,,,,0,900,Posted
21-09-2024,01.12102.000.0000.000.3706008.00000.000,eHIS,HIS_COLLECTION,3101661 HIS_COLLECTION 3358005YT7JQCWYLTG43,500177049,Journal Import 2591655:,/EFT/RECEIPT,2,,,,,0,3000,Posted
21-09-2024,01.12102.000.0000.000.3706008.00000.000,eHIS,HIS_COLLECTION,3101665 HIS_COLLECTION 3358005YT7JQCWYLTG43,500176983,Journal Import 2591655:,/CASH/RECEIPT,2,,,,,0,800,Posted
21-09-2024,01.12102.000.0000.000.3706008.00000.000,eHIS,HIS_COLLECTION,3101673 HIS_COLLECTION 3358005YT7JQCWYLTG43,500176984,Journal Import 2591655:,/CASH/RECEIPT,2,,,,,0,800,Posted
21-09-2024,01.12102.000.0000.000.3706008.00000.000,eHIS,HIS_COLLECTION,3101675 HIS_COLLECTION 3358005YT7JQCWYLTG43,500177150,Journal Import 2591655:,/CASH/RECEIPT,2,,,,,0,3640,Posted
21-09-2024,01.12102.000.0000.000.3706008.00000.000,eHIS,HIS_COLLECTION,3101677 HIS_COLLECTION 3358005YT7JQCWYLTG43,500177069,Journal Import 2591655:,/EFT/RECEIPT,2,,,,,0,3500,Posted
21-09-2024,01.12102.000.0000.000.3706008.00000.000,eHIS,HIS_COLLECTION,3101690 HIS_COLLECTION 3358005YT7JQCWYLTG43,500176985,Journal Import 2591655:,/CASH/RECEIPT,2,,,,,0,800,Posted
21-09-2024,01.12102.000.0000.000.3706008.00000.000,eHIS,HIS_COLLECTION,3101698 HIS_COLLECTION 3358005YT7JQCWYLTG43,500176986,Journal Import 2591655:,/CASH/RECEIPT,2,,,,,0,800,Posted
21-09-2024,01.12102.000.0000.000.3706008.00000.000,eHIS,HIS_COLLECTION,3101700 HIS_COLLECTION 3358005YT7JQCWYLTG43,500177062,Journal Import 2591655:,/CASH/RECEIPT,2,,,,,0,5700,Posted
21-09-2024,01.12102.000.0000.000.3706008.00000.000,eHIS,HIS_COLLECTION,3101712 HIS_COLLECTION 3358005YT7JQCWYLTG43,500177261,Journal Import 2591655:,/CASH/RECEIPT,2,,,,,0,1100,Posted
21-09-2024,01.12102.000.0000.000.3706008.00000.000,eHIS,HIS_COLLECTION,3101716 HIS_COLLECTION 3358005YT7JQCWYLTG43,500177108,Journal Import 2591655:,/CASH/RECEIPT,2,,,,,0,500,Posted
21-09-2024,01.12102.000.0000.000.3706008.00000.000,eHIS,HIS_COLLECTION,3101724 HIS_COLLECTION 3358005YT7JQCWYLTG43,500177193,Journal Import 2591655:,/CASH/RECEIPT,2,,,,,0,1300,Posted
21-09-2024,01.12102.000.0000.000.3706008.00000.000,eHIS,HIS_COLLECTION,3101726 HIS_COLLECTION 3358005YT7JQCWYLTG43,500177259,Journal Import 2591655:,/CASH/RECEIPT,2,,,,,0,1000,Posted
21-09-2024,01.12102.000.0000.000.3706008.00000.000,eHIS,HIS_COLLECTION,3101728 HIS_COLLECTION 3358005YT7JQCWYLTG43,500177133,Journal Import 2591655:,/CASH/RECEIPT,2,,,,,0,650,Posted
22-09-2024,01.12102.000.0000.000.3706008.00000.000,eHIS,HIS_COLLECTION,3101730 HIS_COLLECTION 3358005YT7JQCWYLTG43,500177631,Journal Import 2599930:,/EFT/RECEIPT,2,,,,,0,4426,Posted
21-09-2024,01.12102.000.0000.000.3706008.00000.000,eHIS,HIS_COLLECTION,3101739 HIS_COLLECTION 3358005YT7JQCWYLTG43,500177184,Journal Import 2591655:,/CARD/RECEIPT,2,,,,,0,250,Posted
21-09-2024,01.12102.000.0000.000.3706008.00000.000,eHIS,HIS_COLLECTION,3101745 HIS_COLLECTION 3358005YT7JQCWYLTG43,500177020,Journal Import 2591655:,/CARD/RECEIPT,2,,,,,0,6200,Posted
21-09-2024,01.12102.000.0000.000.3706008.00000.000,eHIS,HIS_COLLECTION,3101747 HIS_COLLECTION 3358005YT7JQCWYLTG43,500176987,Journal Import 2591655:,/CASH/RECEIPT,2,,,,,0,800,Posted
21-09-2024,01.12102.000.0000.000.3706008.00000.000,eHIS,HIS_COLLECTION,3101749 HIS_COLLECTION 3358005YT7JQCWYLTG43,500177180,Journal Import 2591655:,/CASH/RECEIPT,2,,,,,0,1200,Posted
21-09-2024,01.12102.000.0000.000.3706008.00000.000,eHIS,HIS_COLLECTION,3101751 HIS_COLLECTION 3358005YT7JQCWYLTG43,500176988,Journal Import 2591655:,/CASH/RECEIPT,2,,,,,0,800,Posted
21-09-2024,01.12102.000.0000.000.3706008.00000.000,eHIS,HIS_COLLECTION,3101764 HIS_COLLECTION 3358005YT7JQCWYLTG43,500177015,Journal Import 2591655:,/CASH/RECEIPT,2,,,,,0,900,Posted
21-09-2024,01.12102.000.0000.000.3706008.00000.000,eHIS,HIS_COLLECTION,3101768 HIS_COLLECTION 3358005YT7JQCWYLTG43,500177009,Journal Import 2591655:,/CASH/RECEIPT,2,,,,,0,100,Posted
21-09-2024,01.12102.000.0000.000.3706008.00000.000,eHIS,HIS_COLLECTION,3101770 HIS_COLLECTION 3358005YT7JQCWYLTG43,500177194,Journal Import 2591655:,/CASH/RECEIPT,2,,,,,0,1300,Posted
22-09-2024,01.12102.000.0000.000.3706008.00000.000,eHIS,HIS_COLLECTION,3101772 HIS_COLLECTION 3358005YT7JQCWYLTG43,500177630,Journal Import 2599930:,/EFT/RECEIPT,2,,,,,0,2888,Posted
21-09-2024,01.12102.000.0000.000.3706008.00000.000,eHIS,HIS_COLLECTION,3101777 HIS_COLLECTION 3358005YT7JQCWYLTG43,500177109,Journal Import 2591655:,/CASH/RECEIPT,2,,,,,0,500,Posted
21-09-2024,01.12102.000.0000.000.3706008.00000.000,eHIS,HIS_COLLECTION,3101790 HIS_COLLECTION 3358005YT7JQCWYLTG43,500177201,Journal Import 2591655:,/EFT/RECEIPT,2,,,,,0,1200,Posted
21-09-2024,01.12102.000.0000.000.3706008.00000.000,eHIS,HIS_COLLECTION,3101792 HIS_COLLECTION 3358005YT7JQCWYLTG43,500177271,Journal Import 2591655:,/EFT/RECEIPT,2,,,,,0,1000,Posted
21-09-2024,01.12102.000.0000.000.3706008.00000.000,eHIS,HIS_COLLECTION,3101799 HIS_COLLECTION 3358005YT7JQCWYLTG43,500177110,Journal Import 2591655:,/CASH/RECEIPT,2,,,,,0,500,Posted
21-09-2024,01.12102.000.0000.000.3706008.00000.000,eHIS,HIS_COLLECTION,3101809 HIS_COLLECTION 3358005YT7JQCWYLTG43,500177140,Journal Import 2591655:,/EFT/RECEIPT,2,,,,,0,500,Posted
21-09-2024,01.12102.000.0000.000.3706008.00000.000,eHIS,HIS_COLLECTION,3101816 HIS_COLLECTION 3358005YT7JQCWYLTG43,500177141,Journal Import 2591655:,/EFT/RECEIPT,2,,,,,0,500,Posted
21-09-2024,01.12102.000.0000.000.3706008.00000.000,eHIS,HIS_COLLECTION,3101824 HIS_COLLECTION 3358005YT7JQCWYLTG43,500177121,Journal Import 2591655:,/EFT/RECEIPT,2,,,,,0,1800,Posted
21-09-2024,01.12102.000.0000.000.3706008.00000.000,eHIS,HIS_COLLECTION,3101828 HIS_COLLECTION 3358005YT7JQCWYLTG43,500177142,Journal Import 2591655:,/EFT/RECEIPT,2,,,,,0,500,Posted
21-09-2024,01.12102.000.0000.000.3706008.00000.000,eHIS,HIS_COLLECTION,3101844 HIS_COLLECTION 3358005YT7JQCWYLTG43,500177116,Journal Import 2591655:,/CASH/RECEIPT,2,,,,,0,1850,Posted
21-09-2024,01.12102.000.0000.000.3706008.00000.000,eHIS,HIS_COLLECTION,3101858 HIS_COLLECTION 3358005YT7JQCWYLTG43,500177202,Journal Import 2591655:,/CARD/RECEIPT,2,,,,,0,1200,Posted
21-09-2024,01.12102.000.0000.000.3706008.00000.000,eHIS,HIS_COLLECTION,3101860 HIS_COLLECTION 3358005YT7JQCWYLTG43,500177111,Journal Import 2591655:,/CASH/RECEIPT,2,,,,,0,500,Posted
21-09-2024,01.12102.000.0000.000.3706008.00000.000,eHIS,HIS_COLLECTION,3101864 HIS_COLLECTION 3358005YT7JQCWYLTG43,500177033,Journal Import 2591655:,/EFT/RECEIPT,2,,,,,0,900,Posted
21-09-2024,01.12102.000.0000.000.3706008.00000.000,eHIS,HIS_COLLECTION,3101874 HIS_COLLECTION 3358005YT7JQCWYLTG43,500176993,Journal Import 2591655:,/CARD/RECEIPT,2,,,,,0,800,Posted
21-09-2024,01.12102.000.0000.000.3706008.00000.000,eHIS,HIS_COLLECTION,3101877 HIS_COLLECTION 3358005YT7JQCWYLTG43,500177143,Journal Import 2591655:,/CARD/RECEIPT,2,,,,,0,500,Posted
21-09-2024,01.12102.000.0000.000.3706008.00000.000,eHIS,HIS_COLLECTION,3101888 HIS_COLLECTION 3358005YT7JQCWYLTG43,500177218,Journal Import 2591655:,/CASH/RECEIPT,2,,,,,0,1400,Posted
21-09-2024,01.12102.000.0000.000.3706008.00000.000,eHIS,HIS_COLLECTION,3101890 HIS_COLLECTION 3358005YT7JQCWYLTG43,500177010,Journal Import 2591655:,/CASH/RECEIPT,2,,,,,0,100,Posted
21-09-2024,01.12102.000.0000.000.3706008.00000.000,eHIS,HIS_COLLECTION,3101898 HIS_COLLECTION 3358005YT7JQCWYLTG43,500177262,Journal Import 2591655:,/CASH/RECEIPT,2,,,,,0,1100,Posted
21-09-2024,01.12102.000.0000.000.3706008.00000.000,eHIS,HIS_COLLECTION,3101905 HIS_COLLECTION 3358005YT7JQCWYLTG43,500177034,Journal Import 2591655:,/CARD/RECEIPT,2,,,,,0,900,Posted
21-09-2024,01.12102.000.0000.000.3706008.00000.000,eHIS,HIS_COLLECTION,3101913 HIS_COLLECTION 3358005YT7JQCWYLTG43,500176994,Journal Import 2591655:,/CARD/RECEIPT,2,,,,,0,800,Posted
21-09-2024,01.12102.000.0000.000.3706008.00000.000,eHIS,HIS_COLLECTION,3101920 HIS_COLLECTION 3358005YT7JQCWYLTG43,500177260,Journal Import 2591655:,/CASH/RECEIPT,2,,,,,0,1000,Posted
21-09-2024,01.12102.000.0000.000.3706008.00000.000,eHIS,HIS_COLLECTION,3101926 HIS_COLLECTION 3358005YT7JQCWYLTG43,500177065,Journal Import 2591655:,/EFT/RECEIPT,2,,,,,0,750,Posted
21-09-2024,01.12102.000.0000.000.3706008.00000.000,eHIS,HIS_COLLECTION,3101935 HIS_COLLECTION 3358005YT7JQCWYLTG43,500177203,Journal Import 2591655:,/EFT/RECEIPT,2,,,,,0,1200,Posted
21-09-2024,01.12102.000.0000.000.3706008.00000.000,eHIS,HIS_COLLECTION,3101945 HIS_COLLECTION 3358005YT7JQCWYLTG43,500177035,Journal Import 2591655:,/EFT/RECEIPT,2,,,,,0,900,Posted
21-09-2024,01.12102.000.0000.000.3706008.00000.000,eHIS,HIS_COLLECTION,3101953 HIS_COLLECTION 3358005YT7JQCWYLTG43,500177268,Journal Import 2591655:,/EFT/RECEIPT,2,,,,,0,199,Posted
21-09-2024,01.12102.000.0000.000.3706008.00000.000,eHIS,HIS_COLLECTION,3101962 HIS_COLLECTION 3358005YT7JQCWYLTG43,500177186,Journal Import 2591655:,/CARD/RECEIPT,2,,,,,0,350,Posted
21-09-2024,01.12102.000.0000.000.3706008.00000.000,eHIS,HIS_COLLECTION,3101964 HIS_COLLECTION 3358005YT7JQCWYLTG43,500177011,Journal Import 2591655:,/CASH/RECEIPT,2,,,,,0,100,Posted
21-09-2024,01.12102.000.0000.000.3706008.00000.000,eHIS,HIS_COLLECTION,3101974 HIS_COLLECTION 3358005YT7JQCWYLTG43,500177023,Journal Import 2591655:,/CASH/RECEIPT,2,,,,,0,105,Posted
21-09-2024,01.12102.000.0000.000.3706008.00000.000,eHIS,HIS_COLLECTION,3102002 HIS_COLLECTION 3358005YT7JQCWYLTG43,500177016,Journal Import 2591655:,/CASH/RECEIPT,2,,,,,0,900,Posted
21-09-2024,01.12102.000.0000.000.3706008.00000.000,eHIS,HIS_COLLECTION,3102007 HIS_COLLECTION 3358005YT7JQCWYLTG43,500177118,Journal Import 2591655:,/CASH/RECEIPT,2,,,,,0,2000,Posted
21-09-2024,01.12102.000.0000.000.3706008.00000.000,eHIS,HIS_COLLECTION,3102019 HIS_COLLECTION 3358005YT7JQCWYLTG43,500177196,Journal Import 2591655:,/CARD/RECEIPT,2,,,,,0,400,Posted
21-09-2024,01.12102.000.0000.000.3706008.00000.000,eHIS,HIS_COLLECTION,3102025 HIS_COLLECTION 3358005YT7JQCWYLTG43,500177037,Journal Import 2591655:,/EFT/RECEIPT,2,,,,,0,950,Posted
21-09-2024,01.12102.000.0000.000.3706008.00000.000,eHIS,HIS_COLLECTION,3102031 HIS_COLLECTION 3358005YT7JQCWYLTG43,500177119,Journal Import 2591655:,/CASH/RECEIPT,2,,,,,0,2000,Posted
21-09-2024,01.12102.000.0000.000.3706008.00000.000,eHIS,HIS_COLLECTION,3102035 HIS_COLLECTION 3358005YT7JQCWYLTG43,500177204,Journal Import 2591655:,/EFT/RECEIPT,2,,,,,0,1200,Posted
21-09-2024,01.12102.000.0000.000.3706008.00000.000,eHIS,HIS_COLLECTION,3102044 HIS_COLLECTION 3358005YT7JQCWYLTG43,500177181,Journal Import 2591655:,/CASH/RECEIPT,2,,,,,0,1200,Posted
21-09-2024,01.12102.000.0000.000.3706008.00000.000,eHIS,HIS_COLLECTION,3102052 HIS_COLLECTION 3358005YT7JQCWYLTG43,500177045,Journal Import 2591655:,/EFT/RECEIPT,2,,,,,0,700,Posted
21-09-2024,01.12102.000.0000.000.3706008.00000.000,eHIS,HIS_COLLECTION,3102071 HIS_COLLECTION 3358005YT7JQCWYLTG43,500177012,Journal Import 2591655:,/CASH/RECEIPT,2,,,,,0,100,Posted
21-09-2024,01.12102.000.0000.000.3706008.00000.000,eHIS,HIS_COLLECTION,3102073 HIS_COLLECTION 3358005YT7JQCWYLTG43,500177296,Journal Import 2591655:,/CARD/RECEIPT,2,,,,,0,1100,Posted
21-09-2024,01.12102.000.0000.000.3706008.00000.000,eHIS,HIS_COLLECTION,3102076 HIS_COLLECTION 3358005YT7JQCWYLTG43,500177013,Journal Import 2591655:,/CASH/RECEIPT,2,,,,,0,100,Posted
21-09-2024,01.12102.000.0000.000.3706008.00000.000,eHIS,HIS_COLLECTION,3102078 HIS_COLLECTION 3358005YT7JQCWYLTG43,500176989,Journal Import 2591655:,/CASH/RECEIPT,2,,,,,0,800,Posted
21-09-2024,01.12102.000.0000.000.3706008.00000.000,eHIS,HIS_COLLECTION,3102086 HIS_COLLECTION 3358005YT7JQCWYLTG43,500177222,Journal Import 2591655:,/EFT/RECEIPT,2,,,,,0,1300,Posted
21-09-2024,01.12102.000.0000.000.3706008.00000.000,eHIS,HIS_COLLECTION,3102088 HIS_COLLECTION 3358005YT7JQCWYLTG43,500177112,Journal Import 2591655:,/CASH/RECEIPT,2,,,,,0,500,Posted
21-09-2024,01.12102.000.0000.000.3706008.00000.000,eHIS,HIS_COLLECTION,3102093 HIS_COLLECTION 3358005YT7JQCWYLTG43,500176964,Journal Import 2591655:,/CASH/RECEIPT,2,,,,,0,250,Posted
21-09-2024,01.12102.000.0000.000.3706008.00000.000,eHIS,HIS_COLLECTION,3102102 HIS_COLLECTION 3358005YT7JQCWYLTG43,500176965,Journal Import 2591655:,/CASH/RECEIPT,2,,,,,0,299,Posted
21-09-2024,01.12102.000.0000.000.3706008.00000.000,eHIS,HIS_COLLECTION,3102106 HIS_COLLECTION 3358005YT7JQCWYLTG43,500177106,Journal Import 2591655:,/EFT/RECEIPT,2,,,,,0,4880,Posted
21-09-2024,01.12102.000.0000.000.3706008.00000.000,eHIS,HIS_COLLECTION,3102108 HIS_COLLECTION 3358005YT7JQCWYLTG43,500177182,Journal Import 2591655:,/CASH/RECEIPT,2,,,,,0,1200,Posted
21-09-2024,01.12102.000.0000.000.3706008.00000.000,eHIS,HIS_COLLECTION,3102114 HIS_COLLECTION 3358005YT7JQCWYLTG43,500177205,Journal Import 2591655:,/EFT/RECEIPT,2,,,,,0,1200,Posted
21-09-2024,01.12102.000.0000.000.3706008.00000.000,eHIS,HIS_COLLECTION,3102116 HIS_COLLECTION 3358005YT7JQCWYLTG43,500177206,Journal Import 2591655:,/CARD/RECEIPT,2,,,,,0,1200,Posted
21-09-2024,01.12102.000.0000.000.3706008.00000.000,eHIS,HIS_COLLECTION,3102124 HIS_COLLECTION 3358005YT7JQCWYLTG43,500177288,Journal Import 2591655:,/CASH/RECEIPT,2,,,,,0,410,Posted
21-09-2024,01.12102.000.0000.000.3706008.00000.000,eHIS,HIS_COLLECTION,3102133 HIS_COLLECTION 3358005YT7JQCWYLTG43,500176995,Journal Import 2591655:,/EFT/RECEIPT,2,,,,,0,800,Posted
21-09-2024,01.12102.000.0000.000.3706008.00000.000,eHIS,HIS_COLLECTION,3102136 HIS_COLLECTION 3358005YT7JQCWYLTG43,500177197,Journal Import 2591655:,/EFT/RECEIPT,2,,,,,0,400,Posted
21-09-2024,01.12102.000.0000.000.3706008.00000.000,eHIS,HIS_COLLECTION,3102139 HIS_COLLECTION 3358005YT7JQCWYLTG43,500177166,Journal Import 2591655:,/CASH/RECEIPT,2,,,,,0,750,Posted
22-09-2024,01.12102.000.0000.000.3706008.00000.000,eHIS,HIS_COLLECTION,3102159 HIS_COLLECTION 3358005YT7JQCWYLTG43,500177627,Journal Import 2599930:,/EFT/RECEIPT,2,,,,,0,175,Posted
21-09-2024,01.12102.000.0000.000.3706008.00000.000,eHIS,HIS_COLLECTION,3102163 HIS_COLLECTION 3358005YT7JQCWYLTG43,500177266,Journal Import 2591655:,/EFT/RECEIPT,2,,,,,0,100,Posted
21-09-2024,01.12102.000.0000.000.3706008.00000.000,eHIS,HIS_COLLECTION,3102174 HIS_COLLECTION 3358005YT7JQCWYLTG43,500177096,Journal Import 2591655:,/EFT/RECEIPT,2,,,,,0,4470,Posted
21-09-2024,01.12102.000.0000.000.3706008.00000.000,eHIS,HIS_COLLECTION,3102179 HIS_COLLECTION 3358005YT7JQCWYLTG43,500177146,Journal Import 2591655:,/EFT/RECEIPT,2,,,,,0,1850,Posted
21-09-2024,01.12102.000.0000.000.3706008.00000.000,eHIS,HIS_COLLECTION,3102181 HIS_COLLECTION 3358005YT7JQCWYLTG43,500177223,Journal Import 2591655:,/EFT/RECEIPT,2,,,,,0,1300,Posted
21-09-2024,01.12102.000.0000.000.3706008.00000.000,eHIS,HIS_COLLECTION,3102190 HIS_COLLECTION 3358005YT7JQCWYLTG43,500177272,Journal Import 2591655:,/EFT/RECEIPT,2,,,,,0,1000,Posted
21-09-2024,01.12102.000.0000.000.3706008.00000.000,eHIS,HIS_COLLECTION,3102195 HIS_COLLECTION 3358005YT7JQCWYLTG43,500177046,Journal Import 2591655:,/CARD/RECEIPT,2,,,,,0,700,Posted
21-09-2024,01.12102.000.0000.000.3706008.00000.000,eHIS,HIS_COLLECTION,3102198 HIS_COLLECTION 3358005YT7JQCWYLTG43,500177273,Journal Import 2591655:,/EFT/RECEIPT,2,,,,,0,1000,Posted
21-09-2024,01.12102.000.0000.000.3706008.00000.000,eHIS,HIS_COLLECTION,3102202 HIS_COLLECTION 3358005YT7JQCWYLTG43,500177024,Journal Import 2591655:,/CASH/RECEIPT,2,,,,,0,200,Posted
21-09-2024,01.12102.000.0000.000.3706008.00000.000,eHIS,HIS_COLLECTION,3102206 HIS_COLLECTION 3358005YT7JQCWYLTG43,500177135,Journal Import 2591655:,/CASH/RECEIPT,2,,,,,0,2350,Posted
21-09-2024,01.12102.000.0000.000.3706008.00000.000,eHIS,HIS_COLLECTION,3102221 HIS_COLLECTION 3358005YT7JQCWYLTG43,500177095,Journal Import 2591655:,/EFT/RECEIPT,2,,,,,0,4450,Posted
21-09-2024,01.12102.000.0000.000.3706008.00000.000,eHIS,HIS_COLLECTION,3102223 HIS_COLLECTION 3358005YT7JQCWYLTG43,500177044,Journal Import 2591655:,/EFT/RECEIPT,2,,,,,0,650,Posted
21-09-2024,01.12102.000.0000.000.3706008.00000.000,eHIS,HIS_COLLECTION,3102232 HIS_COLLECTION 3358005YT7JQCWYLTG43,500177164,Journal Import 2591655:,/CASH/RECEIPT,2,,,,,0,700,Posted
21-09-2024,01.12102.000.0000.000.3706008.00000.000,eHIS,HIS_COLLECTION,3102234 HIS_COLLECTION 3358005YT7JQCWYLTG43,500177066,Journal Import 2591655:,/EFT/RECEIPT,2,,,,,0,750,Posted
21-09-2024,01.12102.000.0000.000.3706008.00000.000,eHIS,HIS_COLLECTION,3102253 HIS_COLLECTION 3358005YT7JQCWYLTG43,500177297,Journal Import 2591655:,/EFT/RECEIPT,2,,,,,0,1100,Posted
21-09-2024,01.12102.000.0000.000.3706008.00000.000,eHIS,HIS_COLLECTION,3102268 HIS_COLLECTION 3358005YT7JQCWYLTG43,500177221,Journal Import 2591655:,/CASH/RECEIPT,2,,,,,0,1800,Posted
21-09-2024,01.12102.000.0000.000.3706008.00000.000,eHIS,HIS_COLLECTION,3102269 HIS_COLLECTION 3358005YT7JQCWYLTG43,500177028,Journal Import 2591655:,/EFT/RECEIPT,2,,,,,0,50,Posted
21-09-2024,01.12102.000.0000.000.3706008.00000.000,eHIS,HIS_COLLECTION,3102292 HIS_COLLECTION 3358005YT7JQCWYLTG43,500177134,Journal Import 2591655:,/CASH/RECEIPT,2,,,,,0,2300,Posted
21-09-2024,01.12102.000.0000.000.3706008.00000.000,eHIS,HIS_COLLECTION,3102294 HIS_COLLECTION 3358005YT7JQCWYLTG43,500177117,Journal Import 2591655:,/CASH/RECEIPT,2,,,,,0,1850,Posted
22-09-2024,01.12102.000.0000.000.3706008.00000.000,eHIS,HIS_COLLECTION,3102320 HIS_COLLECTION 3358005YT7JQCWYLTG43,500177680,Journal Import 2591655:,/EFT/RECEIPT,2,,,,,0,450,Posted
22-09-2024,01.12102.000.0000.000.3706008.00000.000,eHIS,HIS_COLLECTION,3102322 HIS_COLLECTION 3358005YT7JQCWYLTG43,500177681,Journal Import 2591655:,/EFT/RECEIPT,2,,,,,0,450,Posted
22-09-2024,01.12102.000.0000.000.3706008.00000.000,eHIS,HIS_COLLECTION,3102334 HIS_COLLECTION 3358005YT7JQCWYLTG43,500177688,Journal Import 2591655:,/EFT/RECEIPT,2,,,,,0,550,Posted
22-09-2024,01.12102.000.0000.000.3706008.00000.000,eHIS,HIS_COLLECTION,3102336 HIS_COLLECTION 3358005YT7JQCWYLTG43,500177678,Journal Import 2591655:,/EFT/RECEIPT,2,,,,,0,13900,Posted
22-09-2024,01.12102.000.0000.000.3706008.00000.000,eHIS,HIS_COLLECTION,3102357 HIS_COLLECTION 3358005YT7JQCWYLTG43,500177671,Journal Import 2591655:,/EFT/RECEIPT,2,,,,,0,100,Posted
22-09-2024,01.12102.000.0000.000.3706008.00000.000,eHIS,HIS_COLLECTION,3102365 HIS_COLLECTION 3358005YT7JQCWYLTG43,500177696,Journal Import 2591655:,/CASH/RECEIPT,2,,,,,0,100,Posted
22-09-2024,01.12102.000.0000.000.3706008.00000.000,eHIS,HIS_COLLECTION,3102370 HIS_COLLECTION 3358005YT7JQCWYLTG43,500177672,Journal Import 2591655:,/EFT/RECEIPT,2,,,,,0,100,Posted
22-09-2024,01.12102.000.0000.000.3706008.00000.000,eHIS,HIS_COLLECTION,3102373 HIS_COLLECTION 3358005YT7JQCWYLTG43,500177684,Journal Import 2591655:,/CASH/RECEIPT,2,,,,,0,1850,Posted
22-09-2024,01.12102.000.0000.000.3706008.00000.000,eHIS,HIS_COLLECTION,3102375 HIS_COLLECTION 3358005YT7JQCWYLTG43,500177685,Journal Import 2591655:,/CASH/RECEIPT,2,,,,,0,1850,Posted
22-09-2024,01.12102.000.0000.000.3706008.00000.000,eHIS,HIS_COLLECTION,3102387 HIS_COLLECTION 3358005YT7JQCWYLTG43,500177620,Journal Import 2591655:,/CASH/RECEIPT,2,,,,,0,100,Posted
22-09-2024,01.12102.000.0000.000.3706008.00000.000,eHIS,HIS_COLLECTION,3102389 HIS_COLLECTION 3358005YT7JQCWYLTG43,500177698,Journal Import 2591676:,/CASH/RECEIPT,2,,,,,0,344,Posted
22-09-2024,01.12102.000.0000.000.3706008.00000.000,eHIS,HIS_COLLECTION,3102390 HIS_COLLECTION 3358005YT7JQCWYLTG43,500177721,Journal Import 2591676:,/EFT/RECEIPT,2,,,,,0,1949,Posted
22-09-2024,01.12102.000.0000.000.3706008.00000.000,eHIS,HIS_COLLECTION,3102412 HIS_COLLECTION 3358005YT7JQCWYLTG43,500177708,Journal Import 2591676:,/CARD/RECEIPT,2,,,,,0,1850,Posted
22-09-2024,01.12102.000.0000.000.3706008.00000.000,eHIS,HIS_COLLECTION,3102414 HIS_COLLECTION 3358005YT7JQCWYLTG43,500177759,Journal Import 2591676:,/CASH/RECEIPT,2,,,,,0,843,Posted
22-09-2024,01.12102.000.0000.000.3706008.00000.000,eHIS,HIS_COLLECTION,3102416 HIS_COLLECTION 3358005YT7JQCWYLTG43,500177752,Journal Import 2591676:,/CARD/RECEIPT,2,,,,,0,3999,Posted
22-09-2024,01.12102.000.0000.000.3706008.00000.000,eHIS,HIS_COLLECTION,3102421 HIS_COLLECTION 3358005YT7JQCWYLTG43,500177822,Journal Import 2591676:,/CASH/RECEIPT,2,,,,,0,200,Posted
22-09-2024,01.12102.000.0000.000.3706008.00000.000,eHIS,HIS_COLLECTION,3102424 HIS_COLLECTION 3358005YT7JQCWYLTG43,500177804,Journal Import 2591676:,/CASH/RECEIPT,2,,,,,0,1850,Posted
22-09-2024,01.12102.000.0000.000.3706008.00000.000,eHIS,HIS_COLLECTION,3102434 HIS_COLLECTION 3358005YT7JQCWYLTG43,500177716,Journal Import 2591676:,/EFT/RECEIPT,2,,,,,0,100,Posted
22-09-2024,01.12102.000.0000.000.3706008.00000.000,eHIS,HIS_COLLECTION,3102436 HIS_COLLECTION 3358005YT7JQCWYLTG43,500177760,Journal Import 2591676:,/EFT/RECEIPT,2,,,,,0,450,Posted
22-09-2024,01.12102.000.0000.000.3706008.00000.000,eHIS,HIS_COLLECTION,3102438 HIS_COLLECTION 3358005YT7JQCWYLTG43,500177709,Journal Import 2591676:,/EFT/RECEIPT,2,,,,,0,1850,Posted
22-09-2024,01.12102.000.0000.000.3706008.00000.000,eHIS,HIS_COLLECTION,3102440 HIS_COLLECTION 3358005YT7JQCWYLTG43,500177710,Journal Import 2591676:,/EFT/RECEIPT,2,,,,,0,1850,Posted
22-09-2024,01.12102.000.0000.000.3706008.00000.000,eHIS,HIS_COLLECTION,3102453 HIS_COLLECTION 3358005YT7JQCWYLTG43,500177739,Journal Import 2591676:,/EFT/RECEIPT,2,,,,,0,220,Posted
22-09-2024,01.12102.000.0000.000.3706008.00000.000,eHIS,HIS_COLLECTION,3102454 HIS_COLLECTION 3358005YT7JQCWYLTG43,500177805,Journal Import 2591676:,/CASH/RECEIPT,2,,,,,0,1850,Posted
22-09-2024,01.12102.000.0000.000.3706008.00000.000,eHIS,HIS_COLLECTION,3102459 HIS_COLLECTION 3358005YT7JQCWYLTG43,500177711,Journal Import 2591676:,/EFT/RECEIPT,2,,,,,0,1850,Posted
22-09-2024,01.12102.000.0000.000.3706008.00000.000,eHIS,HIS_COLLECTION,3102463 HIS_COLLECTION 3358005YT7JQCWYLTG43,500177751,Journal Import 2591676:,/EFT/RECEIPT,2,,,,,0,410,Posted
22-09-2024,01.12102.000.0000.000.3706008.00000.000,eHIS,HIS_COLLECTION,3102483 HIS_COLLECTION 3358005YT7JQCWYLTG43,500177783,Journal Import 2591676:,/EFT/RECEIPT,2,,,,,0,750,Posted
22-09-2024,01.12102.000.0000.000.3706008.00000.000,eHIS,HIS_COLLECTION,3102486 HIS_COLLECTION 3358005YT7JQCWYLTG43,500177821,Journal Import 2591676:,/CASH/RECEIPT,2,,,,,0,175,Posted
22-09-2024,01.12102.000.0000.000.3706008.00000.000,eHIS,HIS_COLLECTION,3102488 HIS_COLLECTION 3358005YT7JQCWYLTG43,500177717,Journal Import 2591676:,/EFT/RECEIPT,2,,,,,0,100,Posted
23-09-2024,01.12102.000.0000.000.3706008.00000.000,eHIS,HIS_COLLECTION,3102491 HIS_COLLECTION 3358005YT7JQCWYLTG43,500177850,Journal Import 2599930:,/EFT/RECEIPT,2,,,,,0,255,Posted
22-09-2024,01.12102.000.0000.000.3706008.00000.000,eHIS,HIS_COLLECTION,3102493 HIS_COLLECTION 3358005YT7JQCWYLTG43,500177742,Journal Import 2591676:,/CARD/RECEIPT,2,,,,,0,3500,Posted
22-09-2024,01.12102.000.0000.000.3706008.00000.000,eHIS,HIS_COLLECTION,3102507 HIS_COLLECTION 3358005YT7JQCWYLTG43,500177754,Journal Import 2591676:,/CARD/RECEIPT,2,,,,,0,4375,Posted
22-09-2024,01.12102.000.0000.000.3706008.00000.000,eHIS,HIS_COLLECTION,3102511 HIS_COLLECTION 3358005YT7JQCWYLTG43,500177743,Journal Import 2591676:,/EFT/RECEIPT,2,,,,,0,3500,Posted
22-09-2024,01.12102.000.0000.000.3706008.00000.000,eHIS,HIS_COLLECTION,3102522 HIS_COLLECTION 3358005YT7JQCWYLTG43,500177753,Journal Import 2591676:,/CARD/RECEIPT,2,,,,,0,4312,Posted
22-09-2024,01.12102.000.0000.000.3706008.00000.000,eHIS,HIS_COLLECTION,3102524 HIS_COLLECTION 3358005YT7JQCWYLTG43,500177718,Journal Import 2591676:,/CARD/RECEIPT,2,,,,,0,100,Posted
22-09-2024,01.12102.000.0000.000.3706008.00000.000,eHIS,HIS_COLLECTION,3102529 HIS_COLLECTION 3358005YT7JQCWYLTG43,500177719,Journal Import 2591676:,/EFT/RECEIPT,2,,,,,0,100,Posted
22-09-2024,01.12102.000.0000.000.3706008.00000.000,eHIS,HIS_COLLECTION,3102541 HIS_COLLECTION 3358005YT7JQCWYLTG43,500177813,Journal Import 2591676:,/CASH/RECEIPT,2,,,,,0,2180,Posted
22-09-2024,01.12102.000.0000.000.3706008.00000.000,eHIS,HIS_COLLECTION,3102544 HIS_COLLECTION 3358005YT7JQCWYLTG43,500177819,Journal Import 2591676:,/CASH/RECEIPT,2,,,,,0,100,Posted
22-09-2024,01.12102.000.0000.000.3706008.00000.000,eHIS,HIS_COLLECTION,3102551 HIS_COLLECTION 3358005YT7JQCWYLTG43,500177740,Journal Import 2591676:,/EFT/RECEIPT,2,,,,,0,2852,Posted
22-09-2024,01.12102.000.0000.000.3706008.00000.000,eHIS,HIS_COLLECTION,3102583 HIS_COLLECTION 3358005YT7JQCWYLTG43,500177720,Journal Import 2591676:,/EFT/RECEIPT,2,,,,,0,100,Posted
22-09-2024,01.12102.000.0000.000.3706008.00000.000,eHIS,HIS_COLLECTION,3102587 HIS_COLLECTION 3358005YT7JQCWYLTG43,500177712,Journal Import 2591676:,/EFT/RECEIPT,2,,,,,0,1850,Posted
23-09-2024,01.12102.000.0000.000.3706008.00000.000,eHIS,HIS_COLLECTION,3102604 HIS_COLLECTION 3358005YT7JQCWYLTG43,500178121,Journal Import 2591676:,/EFT/RECEIPT,2,,,,,0,2137,Posted
23-09-2024,01.12102.000.0000.000.3706008.00000.000,eHIS,HIS_COLLECTION,3102605 HIS_COLLECTION 3358005YT7JQCWYLTG43,500178410,Journal Import 2591676:,/CASH/RECEIPT,2,,,,,0,100,Posted
23-09-2024,01.12102.000.0000.000.3706008.00000.000,eHIS,HIS_COLLECTION,3102611 HIS_COLLECTION 3358005YT7JQCWYLTG43,500178201,Journal Import 2591676:,/EFT/RECEIPT,2,,,,,0,100,Posted
23-09-2024,01.12102.000.0000.000.3706008.00000.000,eHIS,HIS_COLLECTION,3102616 HIS_COLLECTION 3358005YT7JQCWYLTG43,500178044,Journal Import 2591676:,/EFT/RECEIPT,2,,,,,0,3140,Posted
23-09-2024,01.12102.000.0000.000.3706008.00000.000,eHIS,HIS_COLLECTION,3102623 HIS_COLLECTION 3358005YT7JQCWYLTG43,500178168,Journal Import 2591676:,/EFT/RECEIPT,2,,,,,0,220,Posted
23-09-2024,01.12102.000.0000.000.3706008.00000.000,eHIS,HIS_COLLECTION,3102630 HIS_COLLECTION 3358005YT7JQCWYLTG43,500178171,Journal Import 2591676:,/CARD/RECEIPT,2,,,,,0,2807,Posted
23-09-2024,01.12102.000.0000.000.3706008.00000.000,eHIS,HIS_COLLECTION,3102632 HIS_COLLECTION 3358005YT7JQCWYLTG43,500178169,Journal Import 2591676:,/CARD/RECEIPT,2,,,,,0,2610,Posted
23-09-2024,01.12102.000.0000.000.3706008.00000.000,eHIS,HIS_COLLECTION,3102640 HIS_COLLECTION 3358005YT7JQCWYLTG43,500178411,Journal Import 2591676:,/CASH/RECEIPT,2,,,,,0,100,Posted
23-09-2024,01.12102.000.0000.000.3706008.00000.000,eHIS,HIS_COLLECTION,3102663 HIS_COLLECTION 3358005YT7JQCWYLTG43,500178202,Journal Import 2591676:,/EFT/RECEIPT,2,,,,,0,100,Posted
23-09-2024,01.12102.000.0000.000.3706008.00000.000,eHIS,HIS_COLLECTION,3102667 HIS_COLLECTION 3358005YT7JQCWYLTG43,500178412,Journal Import 2591676:,/CASH/RECEIPT,2,,,,,0,100,Posted
23-09-2024,01.12102.000.0000.000.3706008.00000.000,eHIS,HIS_COLLECTION,3102669 HIS_COLLECTION 3358005YT7JQCWYLTG43,500178204,Journal Import 2591676:,/EFT/RECEIPT,2,,,,,0,1959,Posted
23-09-2024,01.12102.000.0000.000.3706008.00000.000,eHIS,HIS_COLLECTION,3102672 HIS_COLLECTION 3358005YT7JQCWYLTG43,500178254,Journal Import 2591676:,/CASH/RECEIPT,2,,,,,0,7255,Posted
23-09-2024,01.12102.000.0000.000.3706008.00000.000,eHIS,HIS_COLLECTION,3102673 HIS_COLLECTION 3358005YT7JQCWYLTG43,500178413,Journal Import 2591676:,/CASH/RECEIPT,2,,,,,0,100,Posted
23-09-2024,01.12102.000.0000.000.3706008.00000.000,eHIS,HIS_COLLECTION,3102675 HIS_COLLECTION 3358005YT7JQCWYLTG43,500178001,Journal Import 2591676:,/EFT/RECEIPT,2,,,,,0,460,Posted
23-09-2024,01.12102.000.0000.000.3706008.00000.000,eHIS,HIS_COLLECTION,3102691 HIS_COLLECTION 3358005YT7JQCWYLTG43,500178383,Journal Import 2591676:,/CASH/RECEIPT,2,,,,,0,2600,Posted
23-09-2024,01.12102.000.0000.000.3706008.00000.000,eHIS,HIS_COLLECTION,3102696 HIS_COLLECTION 3358005YT7JQCWYLTG43,500178417,Journal Import 2591676:,/CASH/RECEIPT,2,,,,,0,3500,Posted
24-09-2024,01.12102.000.0000.000.3706008.00000.000,eHIS,HIS_COLLECTION,3102702 HIS_COLLECTION 3358005YT7JQCWYLTG43,500178608,Journal Import 2599930:,/EFT/RECEIPT,2,,,,,0,710,Posted
23-09-2024,01.12102.000.0000.000.3706008.00000.000,eHIS,HIS_COLLECTION,3102704 HIS_COLLECTION 3358005YT7JQCWYLTG43,500178418,Journal Import 2591676:,/CASH/RECEIPT,2,,,,,0,3500,Posted
23-09-2024,01.12102.000.0000.000.3706008.00000.000,eHIS,HIS_COLLECTION,3102715 HIS_COLLECTION 3358005YT7JQCWYLTG43,500178419,Journal Import 2591676:,/CASH/RECEIPT,2,,,,,0,3500,Posted
23-09-2024,01.12102.000.0000.000.3706008.00000.000,eHIS,HIS_COLLECTION,3102719 HIS_COLLECTION 3358005YT7JQCWYLTG43,500177909,Journal Import 2591676:,/CASH/RECEIPT,2,,,,,0,1118,Posted
23-09-2024,01.12102.000.0000.000.3706008.00000.000,eHIS,HIS_COLLECTION,3102721 HIS_COLLECTION 3358005YT7JQCWYLTG43,500178046,Journal Import 2591676:,/EFT/RECEIPT,2,,,,,0,3500,Posted
23-09-2024,01.12102.000.0000.000.3706008.00000.000,eHIS,HIS_COLLECTION,3102726 HIS_COLLECTION 3358005YT7JQCWYLTG43,500178246,Journal Import 2591676:,/CASH/RECEIPT,2,,,,,0,220,Posted
23-09-2024,01.12102.000.0000.000.3706008.00000.000,eHIS,HIS_COLLECTION,3102733 HIS_COLLECTION 3358005YT7JQCWYLTG43,500178009,Journal Import 2591676:,/EFT/RECEIPT,2,,,,,0,4600,Posted
23-09-2024,01.12102.000.0000.000.3706008.00000.000,eHIS,HIS_COLLECTION,3102739 HIS_COLLECTION 3358005YT7JQCWYLTG43,500177994,Journal Import 2591676:,/CASH/RECEIPT,2,,,,,0,900,Posted
23-09-2024,01.12102.000.0000.000.3706008.00000.000,eHIS,HIS_COLLECTION,3102756 HIS_COLLECTION 3358005YT7JQCWYLTG43,500178440,Journal Import 2591676:,/CARD/RECEIPT,2,,,,,0,10750,Posted
23-09-2024,01.12102.000.0000.000.3706008.00000.000,eHIS,HIS_COLLECTION,3102758 HIS_COLLECTION 3358005YT7JQCWYLTG43,500178277,Journal Import 2591676:,/CASH/RECEIPT,2,,,,,0,450,Posted
23-09-2024,01.12102.000.0000.000.3706008.00000.000,eHIS,HIS_COLLECTION,3102770 HIS_COLLECTION 3358005YT7JQCWYLTG43,500178155,Journal Import 2591676:,/CASH/RECEIPT,2,,,,,0,800,Posted
23-09-2024,01.12102.000.0000.000.3706008.00000.000,eHIS,HIS_COLLECTION,3102807 HIS_COLLECTION 3358005YT7JQCWYLTG43,500178122,Journal Import 2591676:,/EFT/RECEIPT,2,,,,,0,2200,Posted
23-09-2024,01.12102.000.0000.000.3706008.00000.000,eHIS,HIS_COLLECTION,3102811 HIS_COLLECTION 3358005YT7JQCWYLTG43,500178123,Journal Import 2591676:,/EFT/RECEIPT,2,,,,,0,2200,Posted
23-09-2024,01.12102.000.0000.000.3706008.00000.000,eHIS,HIS_COLLECTION,3102819 HIS_COLLECTION 3358005YT7JQCWYLTG43,500178124,Journal Import 2591676:,/EFT/RECEIPT,2,,,,,0,2200,Posted
23-09-2024,01.12102.000.0000.000.3706008.00000.000,eHIS,HIS_COLLECTION,3102821 HIS_COLLECTION 3358005YT7JQCWYLTG43,500178125,Journal Import 2591676:,/EFT/RECEIPT,2,,,,,0,2200,Posted
23-09-2024,01.12102.000.0000.000.3706008.00000.000,eHIS,HIS_COLLECTION,3102823 HIS_COLLECTION 3358005YT7JQCWYLTG43,500178126,Journal Import 2591676:,/EFT/RECEIPT,2,,,,,0,2200,Posted
23-09-2024,01.12102.000.0000.000.3706008.00000.000,eHIS,HIS_COLLECTION,3102857 HIS_COLLECTION 3358005YT7JQCWYLTG43,500178003,Journal Import 2591676:,/EFT/RECEIPT,2,,,,,0,500,Posted
23-09-2024,01.12102.000.0000.000.3706008.00000.000,eHIS,HIS_COLLECTION,3102871 HIS_COLLECTION 3358005YT7JQCWYLTG43,500178184,Journal Import 2591676:,/CARD/RECEIPT,2,,,,,0,1850,Posted
23-09-2024,01.12102.000.0000.000.3706008.00000.000,eHIS,HIS_COLLECTION,3102877 HIS_COLLECTION 3358005YT7JQCWYLTG43,500178109,Journal Import 2591676:,/CASH/RECEIPT,2,,,,,0,720,Posted
23-09-2024,01.12102.000.0000.000.3706008.00000.000,eHIS,HIS_COLLECTION,3102891 HIS_COLLECTION 3358005YT7JQCWYLTG43,500177910,Journal Import 2591676:,/CASH/RECEIPT,2,,,,,0,1200,Posted
23-09-2024,01.12102.000.0000.000.3706008.00000.000,eHIS,HIS_COLLECTION,3102908 HIS_COLLECTION 3358005YT7JQCWYLTG43,500178156,Journal Import 2591676:,/CASH/RECEIPT,2,,,,,0,800,Posted
23-09-2024,01.12102.000.0000.000.3706008.00000.000,eHIS,HIS_COLLECTION,3102910 HIS_COLLECTION 3358005YT7JQCWYLTG43,500178157,Journal Import 2591676:,/CASH/RECEIPT,2,,,,,0,800,Posted
23-09-2024,01.12102.000.0000.000.3706008.00000.000,eHIS,HIS_COLLECTION,3102914 HIS_COLLECTION 3358005YT7JQCWYLTG43,500178158,Journal Import 2591676:,/CASH/RECEIPT,2,,,,,0,800,Posted
23-09-2024,01.12102.000.0000.000.3706008.00000.000,eHIS,HIS_COLLECTION,3102953 HIS_COLLECTION 3358005YT7JQCWYLTG43,500178471,Journal Import 2591676:,/CASH/RECEIPT,2,,,,,0,1850,Posted
23-09-2024,01.12102.000.0000.000.3706008.00000.000,eHIS,HIS_COLLECTION,3102967 HIS_COLLECTION 3358005YT7JQCWYLTG43,500178431,Journal Import 2591676:,/CASH/RECEIPT,2,,,,,0,1450,Posted
23-09-2024,01.12102.000.0000.000.3706008.00000.000,eHIS,HIS_COLLECTION,3102991 HIS_COLLECTION 3358005YT7JQCWYLTG43,500177914,Journal Import 2591676:,/CARD/RECEIPT,2,,,,,0,700,Posted
23-09-2024,01.12102.000.0000.000.3706008.00000.000,eHIS,HIS_COLLECTION,3102995 HIS_COLLECTION 3358005YT7JQCWYLTG43,500178433,Journal Import 2591676:,/EFT/RECEIPT,2,,,,,0,800,Posted
23-09-2024,01.12102.000.0000.000.3706008.00000.000,eHIS,HIS_COLLECTION,3103001 HIS_COLLECTION 3358005YT7JQCWYLTG43,500178339,Journal Import 2591676:,/CARD/RECEIPT,2,,,,,0,1100,Posted
23-09-2024,01.12102.000.0000.000.3706008.00000.000,eHIS,HIS_COLLECTION,3103023 HIS_COLLECTION 3358005YT7JQCWYLTG43,500178199,Journal Import 2591676:,/CASH/RECEIPT,2,,,,,0,600,Posted
23-09-2024,01.12102.000.0000.000.3706008.00000.000,eHIS,HIS_COLLECTION,3103035 HIS_COLLECTION 3358005YT7JQCWYLTG43,500178089,Journal Import 2591676:,/EFT/RECEIPT,2,,,,,0,400,Posted
23-09-2024,01.12102.000.0000.000.3706008.00000.000,eHIS,HIS_COLLECTION,3103059 HIS_COLLECTION 3358005YT7JQCWYLTG43,500178095,Journal Import 2591676:,/EFT/RECEIPT,2,,,,,0,4210,Posted
23-09-2024,01.12102.000.0000.000.3706008.00000.000,eHIS,HIS_COLLECTION,3103081 HIS_COLLECTION 3358005YT7JQCWYLTG43,500178159,Journal Import 2591676:,/CASH/RECEIPT,2,,,,,0,800,Posted
23-09-2024,01.12102.000.0000.000.3706008.00000.000,eHIS,HIS_COLLECTION,3103095 HIS_COLLECTION 3358005YT7JQCWYLTG43,500178434,Journal Import 2591676:,/EFT/RECEIPT,2,,,,,0,800,Posted
23-09-2024,01.12102.000.0000.000.3706008.00000.000,eHIS,HIS_COLLECTION,3103103 HIS_COLLECTION 3358005YT7JQCWYLTG43,500178386,Journal Import 2591676:,/EFT/RECEIPT,2,,,,,0,900,Posted
23-09-2024,01.12102.000.0000.000.3706008.00000.000,eHIS,HIS_COLLECTION,3103105 HIS_COLLECTION 3358005YT7JQCWYLTG43,500177915,Journal Import 2591676:,/CARD/RECEIPT,2,,,,,0,700,Posted
23-09-2024,01.12102.000.0000.000.3706008.00000.000,eHIS,HIS_COLLECTION,3103123 HIS_COLLECTION 3358005YT7JQCWYLTG43,500177927,Journal Import 2591676:,/CASH/RECEIPT,2,,,,,0,1000,Posted
23-09-2024,01.12102.000.0000.000.3706008.00000.000,eHIS,HIS_COLLECTION,3103131 HIS_COLLECTION 3358005YT7JQCWYLTG43,500178422,Journal Import 2591676:,/EFT/RECEIPT,2,,,,,0,1000,Posted
23-09-2024,01.12102.000.0000.000.3706008.00000.000,eHIS,HIS_COLLECTION,3103143 HIS_COLLECTION 3358005YT7JQCWYLTG43,500178000,Journal Import 2591676:,/CARD/RECEIPT,2,,,,,0,450,Posted
23-09-2024,01.12102.000.0000.000.3706008.00000.000,eHIS,HIS_COLLECTION,3103147 HIS_COLLECTION 3358005YT7JQCWYLTG43,500177995,Journal Import 2591676:,/CASH/RECEIPT,2,,,,,0,900,Posted
23-09-2024,01.12102.000.0000.000.3706008.00000.000,eHIS,HIS_COLLECTION,3103160 HIS_COLLECTION 3358005YT7JQCWYLTG43,500177911,Journal Import 2591676:,/CARD/RECEIPT,2,,,,,0,638,Posted
23-09-2024,01.12102.000.0000.000.3706008.00000.000,eHIS,HIS_COLLECTION,3103162 HIS_COLLECTION 3358005YT7JQCWYLTG43,500177996,Journal Import 2591676:,/CASH/RECEIPT,2,,,,,0,900,Posted
23-09-2024,01.12102.000.0000.000.3706008.00000.000,eHIS,HIS_COLLECTION,3103166 HIS_COLLECTION 3358005YT7JQCWYLTG43,500177928,Journal Import 2591676:,/CASH/RECEIPT,2,,,,,0,1000,Posted
23-09-2024,01.12102.000.0000.000.3706008.00000.000,eHIS,HIS_COLLECTION,3103167 HIS_COLLECTION 3358005YT7JQCWYLTG43,500178203,Journal Import 2591676:,/EFT/RECEIPT,2,,,,,0,100,Posted
23-09-2024,01.12102.000.0000.000.3706008.00000.000,eHIS,HIS_COLLECTION,3103175 HIS_COLLECTION 3358005YT7JQCWYLTG43,500177929,Journal Import 2591676:,/CASH/RECEIPT,2,,,,,0,1000,Posted
23-09-2024,01.12102.000.0000.000.3706008.00000.000,eHIS,HIS_COLLECTION,3103187 HIS_COLLECTION 3358005YT7JQCWYLTG43,500178090,Journal Import 2591676:,/EFT/RECEIPT,2,,,,,0,400,Posted
23-09-2024,01.12102.000.0000.000.3706008.00000.000,eHIS,HIS_COLLECTION,3103210 HIS_COLLECTION 3358005YT7JQCWYLTG43,500178004,Journal Import 2591676:,/EFT/RECEIPT,2,,,,,0,500,Posted
23-09-2024,01.12102.000.0000.000.3706008.00000.000,eHIS,HIS_COLLECTION,3103229 HIS_COLLECTION 3358005YT7JQCWYLTG43,500178423,Journal Import 2591676:,/EFT/RECEIPT,2,,,,,0,1000,Posted
23-09-2024,01.12102.000.0000.000.3706008.00000.000,eHIS,HIS_COLLECTION,3103235 HIS_COLLECTION 3358005YT7JQCWYLTG43,500177858,Journal Import 2591676:,/CASH/RECEIPT,2,,,,,0,1100,Posted
23-09-2024,01.12102.000.0000.000.3706008.00000.000,eHIS,HIS_COLLECTION,3103245 HIS_COLLECTION 3358005YT7JQCWYLTG43,500177863,Journal Import 2591676:,/EFT/RECEIPT,2,,,,,0,600,Posted
23-09-2024,01.12102.000.0000.000.3706008.00000.000,eHIS,HIS_COLLECTION,3103249 HIS_COLLECTION 3358005YT7JQCWYLTG43,500178278,Journal Import 2591676:,/CASH/RECEIPT,2,,,,,0,500,Posted
23-09-2024,01.12102.000.0000.000.3706008.00000.000,eHIS,HIS_COLLECTION,3103257 HIS_COLLECTION 3358005YT7JQCWYLTG43,500178287,Journal Import 2591676:,/EFT/RECEIPT,2,,,,,0,1300,Posted
23-09-2024,01.12102.000.0000.000.3706008.00000.000,eHIS,HIS_COLLECTION,3103272 HIS_COLLECTION 3358005YT7JQCWYLTG43,500177930,Journal Import 2591676:,/CASH/RECEIPT,2,,,,,0,1000,Posted
23-09-2024,01.12102.000.0000.000.3706008.00000.000,eHIS,HIS_COLLECTION,3103273 HIS_COLLECTION 3358005YT7JQCWYLTG43,500178118,Journal Import 2591676:,/EFT/RECEIPT,2,,,,,0,200,Posted
23-09-2024,01.12102.000.0000.000.3706008.00000.000,eHIS,HIS_COLLECTION,3103285 HIS_COLLECTION 3358005YT7JQCWYLTG43,500178420,Journal Import 2591676:,/CASH/RECEIPT,2,,,,,0,4000,Posted
23-09-2024,01.12102.000.0000.000.3706008.00000.000,eHIS,HIS_COLLECTION,3103293 HIS_COLLECTION 3358005YT7JQCWYLTG43,500178554,Journal Import 2591676:,/CASH/RECEIPT,2,,,,,0,1300,Posted
23-09-2024,01.12102.000.0000.000.3706008.00000.000,eHIS,HIS_COLLECTION,3103318 HIS_COLLECTION 3358005YT7JQCWYLTG43,500178435,Journal Import 2591676:,/EFT/RECEIPT,2,,,,,0,800,Posted
23-09-2024,01.12102.000.0000.000.3706008.00000.000,eHIS,HIS_COLLECTION,3103322 HIS_COLLECTION 3358005YT7JQCWYLTG43,500178387,Journal Import 2591676:,/EFT/RECEIPT,2,,,,,0,900,Posted
23-09-2024,01.12102.000.0000.000.3706008.00000.000,eHIS,HIS_COLLECTION,3103328 HIS_COLLECTION 3358005YT7JQCWYLTG43,500178424,Journal Import 2591676:,/EFT/RECEIPT,2,,,,,0,1000,Posted
23-09-2024,01.12102.000.0000.000.3706008.00000.000,eHIS,HIS_COLLECTION,3103336 HIS_COLLECTION 3358005YT7JQCWYLTG43,500177912,Journal Import 2591676:,/EFT/RECEIPT,2,,,,,0,650,Posted
23-09-2024,01.12102.000.0000.000.3706008.00000.000,eHIS,HIS_COLLECTION,3103344 HIS_COLLECTION 3358005YT7JQCWYLTG43,500178472,Journal Import 2591676:,/CASH/RECEIPT,2,,,,,0,1850,Posted
23-09-2024,01.12102.000.0000.000.3706008.00000.000,eHIS,HIS_COLLECTION,3103346 HIS_COLLECTION 3358005YT7JQCWYLTG43,500177947,Journal Import 2591676:,/CARD/RECEIPT,2,,,,,0,6550,Posted
23-09-2024,01.12102.000.0000.000.3706008.00000.000,eHIS,HIS_COLLECTION,3103369 HIS_COLLECTION 3358005YT7JQCWYLTG43,500178160,Journal Import 2591676:,/CASH/RECEIPT,2,,,,,0,800,Posted
23-09-2024,01.12102.000.0000.000.3706008.00000.000,eHIS,HIS_COLLECTION,3103371 HIS_COLLECTION 3358005YT7JQCWYLTG43,500178279,Journal Import 2591676:,/CASH/RECEIPT,2,,,,,0,500,Posted
23-09-2024,01.12102.000.0000.000.3706008.00000.000,eHIS,HIS_COLLECTION,3103398 HIS_COLLECTION 3358005YT7JQCWYLTG43,500177859,Journal Import 2591676:,/CASH/RECEIPT,2,,,,,0,1100,Posted
23-09-2024,01.12102.000.0000.000.3706008.00000.000,eHIS,HIS_COLLECTION,3103400 HIS_COLLECTION 3358005YT7JQCWYLTG43,500178436,Journal Import 2591676:,/EFT/RECEIPT,2,,,,,0,800,Posted
24-09-2024,01.12102.000.0000.000.3706008.00000.000,eHIS,HIS_COLLECTION,3103402 HIS_COLLECTION 3358005YT7JQCWYLTG43,500178609,Journal Import 2599930:,/EFT/RECEIPT,2,,,,,0,4000,Posted
23-09-2024,01.12102.000.0000.000.3706008.00000.000,eHIS,HIS_COLLECTION,3103409 HIS_COLLECTION 3358005YT7JQCWYLTG43,500178384,Journal Import 2591676:,/CASH/RECEIPT,2,,,,,0,2770,Posted
23-09-2024,01.12102.000.0000.000.3706008.00000.000,eHIS,HIS_COLLECTION,3103417 HIS_COLLECTION 3358005YT7JQCWYLTG43,500178127,Journal Import 2591676:,/CARD/RECEIPT,2,,,,,0,2300,Posted
23-09-2024,01.12102.000.0000.000.3706008.00000.000,eHIS,HIS_COLLECTION,3103423 HIS_COLLECTION 3358005YT7JQCWYLTG43,500178005,Journal Import 2591676:,/EFT/RECEIPT,2,,,,,0,500,Posted
23-09-2024,01.12102.000.0000.000.3706008.00000.000,eHIS,HIS_COLLECTION,3103433 HIS_COLLECTION 3358005YT7JQCWYLTG43,500177931,Journal Import 2591676:,/CASH/RECEIPT,2,,,,,0,1000,Posted
23-09-2024,01.12102.000.0000.000.3706008.00000.000,eHIS,HIS_COLLECTION,3103434 HIS_COLLECTION 3358005YT7JQCWYLTG43,500178088,Journal Import 2591676:,/EFT/RECEIPT,2,,,,,0,300,Posted
23-09-2024,01.12102.000.0000.000.3706008.00000.000,eHIS,HIS_COLLECTION,3103444 HIS_COLLECTION 3358005YT7JQCWYLTG43,500178094,Journal Import 2591676:,/CARD/RECEIPT,2,,,,,0,3900,Posted
23-09-2024,01.12102.000.0000.000.3706008.00000.000,eHIS,HIS_COLLECTION,3103459 HIS_COLLECTION 3358005YT7JQCWYLTG43,500178247,Journal Import 2591676:,/CASH/RECEIPT,2,,,,,0,250,Posted
24-09-2024,01.12102.000.0000.000.3706008.00000.000,eHIS,HIS_COLLECTION,3103490 HIS_COLLECTION 3358005YT7JQCWYLTG43,500178604,Journal Import 2599930:,/EFT/RECEIPT,2,,,,,0,350,Posted
23-09-2024,01.12102.000.0000.000.3706008.00000.000,eHIS,HIS_COLLECTION,3103496 HIS_COLLECTION 3358005YT7JQCWYLTG43,500178340,Journal Import 2591676:,/CARD/RECEIPT,2,,,,,0,1100,Posted
23-09-2024,01.12102.000.0000.000.3706008.00000.000,eHIS,HIS_COLLECTION,3103500 HIS_COLLECTION 3358005YT7JQCWYLTG43,500177932,Journal Import 2591676:,/CASH/RECEIPT,2,,,,,0,1000,Posted
23-09-2024,01.12102.000.0000.000.3706008.00000.000,eHIS,HIS_COLLECTION,3103509 HIS_COLLECTION 3358005YT7JQCWYLTG43,500178161,Journal Import 2591676:,/CASH/RECEIPT,2,,,,,0,800,Posted
23-09-2024,01.12102.000.0000.000.3706008.00000.000,eHIS,HIS_COLLECTION,3103521 HIS_COLLECTION 3358005YT7JQCWYLTG43,500178091,Journal Import 2591676:,/EFT/RECEIPT,2,,,,,0,400,Posted
23-09-2024,01.12102.000.0000.000.3706008.00000.000,eHIS,HIS_COLLECTION,3103523 HIS_COLLECTION 3358005YT7JQCWYLTG43,500178162,Journal Import 2591676:,/CASH/RECEIPT,2,,,,,0,800,Posted
23-09-2024,01.12102.000.0000.000.3706008.00000.000,eHIS,HIS_COLLECTION,3103527 HIS_COLLECTION 3358005YT7JQCWYLTG43,500178185,Journal Import 2591676:,/EFT/RECEIPT,2,,,,,0,1850,Posted
23-09-2024,01.12102.000.0000.000.3706008.00000.000,eHIS,HIS_COLLECTION,3103531 HIS_COLLECTION 3358005YT7JQCWYLTG43,500178388,Journal Import 2591676:,/CARD/RECEIPT,2,,,,,0,900,Posted
23-09-2024,01.12102.000.0000.000.3706008.00000.000,eHIS,HIS_COLLECTION,3103539 HIS_COLLECTION 3358005YT7JQCWYLTG43,500178006,Journal Import 2591676:,/EFT/RECEIPT,2,,,,,0,500,Posted
23-09-2024,01.12102.000.0000.000.3706008.00000.000,eHIS,HIS_COLLECTION,3103556 HIS_COLLECTION 3358005YT7JQCWYLTG43,500177864,Journal Import 2591676:,/EFT/RECEIPT,2,,,,,0,9900,Posted
23-09-2024,01.12102.000.0000.000.3706008.00000.000,eHIS,HIS_COLLECTION,3103572 HIS_COLLECTION 3358005YT7JQCWYLTG43,500178280,Journal Import 2591676:,/CASH/RECEIPT,2,,,,,0,500,Posted
23-09-2024,01.12102.000.0000.000.3706008.00000.000,eHIS,HIS_COLLECTION,3103574 HIS_COLLECTION 3358005YT7JQCWYLTG43,500178007,Journal Import 2591676:,/EFT/RECEIPT,2,,,,,0,500,Posted
23-09-2024,01.12102.000.0000.000.3706008.00000.000,eHIS,HIS_COLLECTION,3103593 HIS_COLLECTION 3358005YT7JQCWYLTG43,500178257,Journal Import 2591676:,/CARD/RECEIPT,2,,,,,0,1200,Posted
23-09-2024,01.12102.000.0000.000.3706008.00000.000,eHIS,HIS_COLLECTION,3103607 HIS_COLLECTION 3358005YT7JQCWYLTG43,500178186,Journal Import 2591676:,/CARD/RECEIPT,2,,,,,0,1850,Posted
23-09-2024,01.12102.000.0000.000.3706008.00000.000,eHIS,HIS_COLLECTION,3103621 HIS_COLLECTION 3358005YT7JQCWYLTG43,500177945,Journal Import 2591676:,/EFT/RECEIPT,2,,,,,0,5900,Posted
23-09-2024,01.12102.000.0000.000.3706008.00000.000,eHIS,HIS_COLLECTION,3103629 HIS_COLLECTION 3358005YT7JQCWYLTG43,500178341,Journal Import 2591676:,/EFT/RECEIPT,2,,,,,0,1100,Posted
23-09-2024,01.12102.000.0000.000.3706008.00000.000,eHIS,HIS_COLLECTION,3103633 HIS_COLLECTION 3358005YT7JQCWYLTG43,500178256,Journal Import 2591676:,/EFT/RECEIPT,2,,,,,0,1125,Posted
23-09-2024,01.12102.000.0000.000.3706008.00000.000,eHIS,HIS_COLLECTION,3103635 HIS_COLLECTION 3358005YT7JQCWYLTG43,500178183,Journal Import 2591676:,/EFT/RECEIPT,2,,,,,0,1845,Posted
23-09-2024,01.12102.000.0000.000.3706008.00000.000,eHIS,HIS_COLLECTION,3103639 HIS_COLLECTION 3358005YT7JQCWYLTG43,500178235,Journal Import 2591676:,/CASH/RECEIPT,2,,,,,0,650,Posted
23-09-2024,01.12102.000.0000.000.3706008.00000.000,eHIS,HIS_COLLECTION,3103651 HIS_COLLECTION 3358005YT7JQCWYLTG43,500178274,Journal Import 2591676:,/CASH/RECEIPT,2,,,,,0,400,Posted
23-09-2024,01.12102.000.0000.000.3706008.00000.000,eHIS,HIS_COLLECTION,3103678 HIS_COLLECTION 3358005YT7JQCWYLTG43,500178281,Journal Import 2591676:,/CASH/RECEIPT,2,,,,,0,500,Posted
23-09-2024,01.12102.000.0000.000.3706008.00000.000,eHIS,HIS_COLLECTION,3103693 HIS_COLLECTION 3358005YT7JQCWYLTG43,500177946,Journal Import 2591676:,/EFT/RECEIPT,2,,,,,0,6390,Posted
23-09-2024,01.12102.000.0000.000.3706008.00000.000,eHIS,HIS_COLLECTION,3103697 HIS_COLLECTION 3358005YT7JQCWYLTG43,500177857,Journal Import 2591676:,/CASH/RECEIPT,2,,,,,0,1080,Posted
23-09-2024,01.12102.000.0000.000.3706008.00000.000,eHIS,HIS_COLLECTION,3103709 HIS_COLLECTION 3358005YT7JQCWYLTG43,500178108,Journal Import 2591676:,/CASH/RECEIPT,2,,,,,0,665,Posted
23-09-2024,01.12102.000.0000.000.3706008.00000.000,eHIS,HIS_COLLECTION,3103713 HIS_COLLECTION 3358005YT7JQCWYLTG43,500178110,Journal Import 2591676:,/CASH/RECEIPT,2,,,,,0,750,Posted
23-09-2024,01.12102.000.0000.000.3706008.00000.000,eHIS,HIS_COLLECTION,3103719 HIS_COLLECTION 3358005YT7JQCWYLTG43,500178163,Journal Import 2591676:,/CASH/RECEIPT,2,,,,,0,800,Posted
23-09-2024,01.12102.000.0000.000.3706008.00000.000,eHIS,HIS_COLLECTION,3103728 HIS_COLLECTION 3358005YT7JQCWYLTG43,500177997,Journal Import 2591676:,/CASH/RECEIPT,2,,,,,0,900,Posted
23-09-2024,01.12102.000.0000.000.3706008.00000.000,eHIS,HIS_COLLECTION,3103730 HIS_COLLECTION 3358005YT7JQCWYLTG43,500178248,Journal Import 2591676:,/CASH/RECEIPT,2,,,,,0,250,Posted
23-09-2024,01.12102.000.0000.000.3706008.00000.000,eHIS,HIS_COLLECTION,3103740 HIS_COLLECTION 3358005YT7JQCWYLTG43,500178252,Journal Import 2591676:,/CASH/RECEIPT,2,,,,,0,350,Posted
23-09-2024,01.12102.000.0000.000.3706008.00000.000,eHIS,HIS_COLLECTION,3103744 HIS_COLLECTION 3358005YT7JQCWYLTG43,500178430,Journal Import 2591676:,/CASH/RECEIPT,2,,,,,0,1400,Posted
23-09-2024,01.12102.000.0000.000.3706008.00000.000,eHIS,HIS_COLLECTION,3103748 HIS_COLLECTION 3358005YT7JQCWYLTG43,500178342,Journal Import 2591676:,/EFT/RECEIPT,2,,,,,0,1100,Posted
23-09-2024,01.12102.000.0000.000.3706008.00000.000,eHIS,HIS_COLLECTION,3103750 HIS_COLLECTION 3358005YT7JQCWYLTG43,500178008,Journal Import 2591676:,/EFT/RECEIPT,2,,,,,0,500,Posted
23-09-2024,01.12102.000.0000.000.3706008.00000.000,eHIS,HIS_COLLECTION,3103756 HIS_COLLECTION 3358005YT7JQCWYLTG43,500178432,Journal Import 2591676:,/CASH/RECEIPT,2,,,,,0,1500,Posted
23-09-2024,01.12102.000.0000.000.3706008.00000.000,eHIS,HIS_COLLECTION,3103768 HIS_COLLECTION 3358005YT7JQCWYLTG43,500178385,Journal Import 2591676:,/CASH/RECEIPT,2,,,,,0,3000,Posted
23-09-2024,01.12102.000.0000.000.3706008.00000.000,eHIS,HIS_COLLECTION,3103769 HIS_COLLECTION 3358005YT7JQCWYLTG43,500178170,Journal Import 2591676:,/EFT/RECEIPT,2,,,,,0,2700,Posted
23-09-2024,01.12102.000.0000.000.3706008.00000.000,eHIS,HIS_COLLECTION,3103775 HIS_COLLECTION 3358005YT7JQCWYLTG43,500178164,Journal Import 2591676:,/CASH/RECEIPT,2,,,,,0,800,Posted
23-09-2024,01.12102.000.0000.000.3706008.00000.000,eHIS,HIS_COLLECTION,3103792 HIS_COLLECTION 3358005YT7JQCWYLTG43,500178249,Journal Import 2591676:,/CASH/RECEIPT,2,,,,,0,250,Posted
23-09-2024,01.12102.000.0000.000.3706008.00000.000,eHIS,HIS_COLLECTION,3103813 HIS_COLLECTION 3358005YT7JQCWYLTG43,500178111,Journal Import 2591676:,/CASH/RECEIPT,2,,,,,0,750,Posted
23-09-2024,01.12102.000.0000.000.3706008.00000.000,eHIS,HIS_COLLECTION,3103815 HIS_COLLECTION 3358005YT7JQCWYLTG43,500178187,Journal Import 2591676:,/CARD/RECEIPT,2,,,,,0,1850,Posted
23-09-2024,01.12102.000.0000.000.3706008.00000.000,eHIS,HIS_COLLECTION,3103821 HIS_COLLECTION 3358005YT7JQCWYLTG43,500178258,Journal Import 2591676:,/CARD/RECEIPT,2,,,,,0,1200,Posted
23-09-2024,01.12102.000.0000.000.3706008.00000.000,eHIS,HIS_COLLECTION,3103829 HIS_COLLECTION 3358005YT7JQCWYLTG43,500178253,Journal Import 2591676:,/CASH/RECEIPT,2,,,,,0,350,Posted
23-09-2024,01.12102.000.0000.000.3706008.00000.000,eHIS,HIS_COLLECTION,3103831 HIS_COLLECTION 3358005YT7JQCWYLTG43,500178112,Journal Import 2591676:,/CASH/RECEIPT,2,,,,,0,750,Posted
23-09-2024,01.12102.000.0000.000.3706008.00000.000,eHIS,HIS_COLLECTION,3103833 HIS_COLLECTION 3358005YT7JQCWYLTG43,500177933,Journal Import 2591676:,/CASH/RECEIPT,2,,,,,0,1000,Posted
23-09-2024,01.12102.000.0000.000.3706008.00000.000,eHIS,HIS_COLLECTION,3103852 HIS_COLLECTION 3358005YT7JQCWYLTG43,500178343,Journal Import 2591676:,/EFT/RECEIPT,2,,,,,0,1100,Posted
23-09-2024,01.12102.000.0000.000.3706008.00000.000,eHIS,HIS_COLLECTION,3103855 HIS_COLLECTION 3358005YT7JQCWYLTG43,500178344,Journal Import 2591676:,/CARD/RECEIPT,2,,,,,0,1100,Posted
23-09-2024,01.12102.000.0000.000.3706008.00000.000,eHIS,HIS_COLLECTION,3103865 HIS_COLLECTION 3358005YT7JQCWYLTG43,500178286,Journal Import 2591676:,/EFT/RECEIPT,2,,,,,0,1210,Posted
24-09-2024,01.12102.000.0000.000.3706008.00000.000,eHIS,HIS_COLLECTION,3103867 HIS_COLLECTION 3358005YT7JQCWYLTG43,500178605,Journal Import 2599930:,/EFT/RECEIPT,2,,,,,0,350,Posted
23-09-2024,01.12102.000.0000.000.3706008.00000.000,eHIS,HIS_COLLECTION,3103873 HIS_COLLECTION 3358005YT7JQCWYLTG43,500177999,Journal Import 2591676:,/EFT/RECEIPT,2,,,,,0,410,Posted
23-09-2024,01.12102.000.0000.000.3706008.00000.000,eHIS,HIS_COLLECTION,3103875 HIS_COLLECTION 3358005YT7JQCWYLTG43,500178437,Journal Import 2591676:,/EFT/RECEIPT,2,,,,,0,800,Posted
23-09-2024,01.12102.000.0000.000.3706008.00000.000,eHIS,HIS_COLLECTION,3103884 HIS_COLLECTION 3358005YT7JQCWYLTG43,500178438,Journal Import 2591676:,/EFT/RECEIPT,2,,,,,0,800,Posted
23-09-2024,01.12102.000.0000.000.3706008.00000.000,eHIS,HIS_COLLECTION,3103886 HIS_COLLECTION 3358005YT7JQCWYLTG43,500177935,Journal Import 2591676:,/EFT/RECEIPT,2,,,,,0,500,Posted
23-09-2024,01.12102.000.0000.000.3706008.00000.000,eHIS,HIS_COLLECTION,3103898 HIS_COLLECTION 3358005YT7JQCWYLTG43,500178288,Journal Import 2591676:,/EFT/RECEIPT,2,,,,,0,1300,Posted
23-09-2024,01.12102.000.0000.000.3706008.00000.000,eHIS,HIS_COLLECTION,3103903 HIS_COLLECTION 3358005YT7JQCWYLTG43,500178555,Journal Import 2591676:,/CASH/RECEIPT,2,,,,,0,1300,Posted
23-09-2024,01.12102.000.0000.000.3706008.00000.000,eHIS,HIS_COLLECTION,3103916 HIS_COLLECTION 3358005YT7JQCWYLTG43,500177998,Journal Import 2591676:,/CASH/RECEIPT,2,,,,,0,900,Posted
23-09-2024,01.12102.000.0000.000.3706008.00000.000,eHIS,HIS_COLLECTION,3103923 HIS_COLLECTION 3358005YT7JQCWYLTG43,500178119,Journal Import 2591676:,/EFT/RECEIPT,2,,,,,0,200,Posted
23-09-2024,01.12102.000.0000.000.3706008.00000.000,eHIS,HIS_COLLECTION,3103925 HIS_COLLECTION 3358005YT7JQCWYLTG43,500178114,Journal Import 2591676:,/EFT/RECEIPT,2,,,,,0,100,Posted
23-09-2024,01.12102.000.0000.000.3706008.00000.000,eHIS,HIS_COLLECTION,3103941 HIS_COLLECTION 3358005YT7JQCWYLTG43,500178282,Journal Import 2591676:,/CASH/RECEIPT,2,,,,,0,500,Posted
23-09-2024,01.12102.000.0000.000.3706008.00000.000,eHIS,HIS_COLLECTION,3103947 HIS_COLLECTION 3358005YT7JQCWYLTG43,500178439,Journal Import 2591676:,/EFT/RECEIPT,2,,,,,0,800,Posted
23-09-2024,01.12102.000.0000.000.3706008.00000.000,eHIS,HIS_COLLECTION,3103949 HIS_COLLECTION 3358005YT7JQCWYLTG43,500178476,Journal Import 2591676:,/CARD/RECEIPT,2,,,,,0,800,Posted
23-09-2024,01.12102.000.0000.000.3706008.00000.000,eHIS,HIS_COLLECTION,3103957 HIS_COLLECTION 3358005YT7JQCWYLTG43,500178477,Journal Import 2591676:,/EFT/RECEIPT,2,,,,,0,800,Posted
23-09-2024,01.12102.000.0000.000.3706008.00000.000,eHIS,HIS_COLLECTION,3103961 HIS_COLLECTION 3358005YT7JQCWYLTG43,500178478,Journal Import 2591676:,/CARD/RECEIPT,2,,,,,0,800,Posted
23-09-2024,01.12102.000.0000.000.3706008.00000.000,eHIS,HIS_COLLECTION,3103964 HIS_COLLECTION 3358005YT7JQCWYLTG43,500177936,Journal Import 2591676:,/EFT/RECEIPT,2,,,,,0,500,Posted
23-09-2024,01.12102.000.0000.000.3706008.00000.000,eHIS,HIS_COLLECTION,3103982 HIS_COLLECTION 3358005YT7JQCWYLTG43,500178087,Journal Import 2591676:,/EFT/RECEIPT,2,,,,,0,299,Posted
23-09-2024,01.12102.000.0000.000.3706008.00000.000,eHIS,HIS_COLLECTION,3103988 HIS_COLLECTION 3358005YT7JQCWYLTG43,500178428,Journal Import 2591676:,/CASH/RECEIPT,2,,,,,0,1300,Posted
23-09-2024,01.12102.000.0000.000.3706008.00000.000,eHIS,HIS_COLLECTION,3103993 HIS_COLLECTION 3358005YT7JQCWYLTG43,500178283,Journal Import 2591676:,/CASH/RECEIPT,2,,,,,0,500,Posted
24-09-2024,01.12102.000.0000.000.3706008.00000.000,eHIS,HIS_COLLECTION,3103995 HIS_COLLECTION 3358005YT7JQCWYLTG43,500178607,Journal Import 2599930:,/EFT/RECEIPT,2,,,,,0,450,Posted
23-09-2024,01.12102.000.0000.000.3706008.00000.000,eHIS,HIS_COLLECTION,3104000 HIS_COLLECTION 3358005YT7JQCWYLTG43,500178425,Journal Import 2591676:,/CARD/RECEIPT,2,,,,,0,1000,Posted
23-09-2024,01.12102.000.0000.000.3706008.00000.000,eHIS,HIS_COLLECTION,3104002 HIS_COLLECTION 3358005YT7JQCWYLTG43,500178250,Journal Import 2591676:,/CASH/RECEIPT,2,,,,,0,299,Posted
23-09-2024,01.12102.000.0000.000.3706008.00000.000,eHIS,HIS_COLLECTION,3104004 HIS_COLLECTION 3358005YT7JQCWYLTG43,500178335,Journal Import 2591676:,/CASH/RECEIPT,2,,,,,0,4900,Posted
23-09-2024,01.12102.000.0000.000.3706008.00000.000,eHIS,HIS_COLLECTION,3104008 HIS_COLLECTION 3358005YT7JQCWYLTG43,500178251,Journal Import 2591676:,/CASH/RECEIPT,2,,,,,0,299,Posted
23-09-2024,01.12102.000.0000.000.3706008.00000.000,eHIS,HIS_COLLECTION,3104010 HIS_COLLECTION 3358005YT7JQCWYLTG43,500177825,Journal Import 2591676:,/EFT/RECEIPT,2,,,,,0,700,Posted
23-09-2024,01.12102.000.0000.000.3706008.00000.000,eHIS,HIS_COLLECTION,3104036 HIS_COLLECTION 3358005YT7JQCWYLTG43,500178345,Journal Import 2591676:,/EFT/RECEIPT,2,,,,,0,1100,Posted
23-09-2024,01.12102.000.0000.000.3706008.00000.000,eHIS,HIS_COLLECTION,3104040 HIS_COLLECTION 3358005YT7JQCWYLTG43,500177860,Journal Import 2591676:,/CASH/RECEIPT,2,,,,,0,1100,Posted
23-09-2024,01.12102.000.0000.000.3706008.00000.000,eHIS,HIS_COLLECTION,3104044 HIS_COLLECTION 3358005YT7JQCWYLTG43,500177937,Journal Import 2591676:,/EFT/RECEIPT,2,,,,,0,500,Posted
23-09-2024,01.12102.000.0000.000.3706008.00000.000,eHIS,HIS_COLLECTION,3104052 HIS_COLLECTION 3358005YT7JQCWYLTG43,500177938,Journal Import 2591676:,/EFT/RECEIPT,2,,,,,0,500,Posted
23-09-2024,01.12102.000.0000.000.3706008.00000.000,eHIS,HIS_COLLECTION,3104056 HIS_COLLECTION 3358005YT7JQCWYLTG43,500178479,Journal Import 2591676:,/EFT/RECEIPT,2,,,,,0,800,Posted
23-09-2024,01.12102.000.0000.000.3706008.00000.000,eHIS,HIS_COLLECTION,3104060 HIS_COLLECTION 3358005YT7JQCWYLTG43,500178414,Journal Import 2591676:,/CASH/RECEIPT,2,,,,,0,100,Posted
23-09-2024,01.12102.000.0000.000.3706008.00000.000,eHIS,HIS_COLLECTION,3104063 HIS_COLLECTION 3358005YT7JQCWYLTG43,500177939,Journal Import 2591676:,/EFT/RECEIPT,2,,,,,0,500,Posted
23-09-2024,01.12102.000.0000.000.3706008.00000.000,eHIS,HIS_COLLECTION,3104071 HIS_COLLECTION 3358005YT7JQCWYLTG43,500178290,Journal Import 2591676:,/EFT/RECEIPT,2,,,,,0,1650,Posted
23-09-2024,01.12102.000.0000.000.3706008.00000.000,eHIS,HIS_COLLECTION,3104073 HIS_COLLECTION 3358005YT7JQCWYLTG43,500177940,Journal Import 2591676:,/EFT/RECEIPT,2,,,,,0,500,Posted
23-09-2024,01.12102.000.0000.000.3706008.00000.000,eHIS,HIS_COLLECTION,3104081 HIS_COLLECTION 3358005YT7JQCWYLTG43,500178113,Journal Import 2591676:,/CASH/RECEIPT,2,,,,,0,750,Posted
23-09-2024,01.12102.000.0000.000.3706008.00000.000,eHIS,HIS_COLLECTION,3104083 HIS_COLLECTION 3358005YT7JQCWYLTG43,500178284,Journal Import 2591676:,/CASH/RECEIPT,2,,,,,0,500,Posted
23-09-2024,01.12102.000.0000.000.3706008.00000.000,eHIS,HIS_COLLECTION,3104100 HIS_COLLECTION 3358005YT7JQCWYLTG43,500177826,Journal Import 2591676:,/EFT/RECEIPT,2,,,,,0,700,Posted
23-09-2024,01.12102.000.0000.000.3706008.00000.000,eHIS,HIS_COLLECTION,3104106 HIS_COLLECTION 3358005YT7JQCWYLTG43,500178165,Journal Import 2591676:,/CASH/RECEIPT,2,,,,,0,800,Posted
23-09-2024,01.12102.000.0000.000.3706008.00000.000,eHIS,HIS_COLLECTION,3104118 HIS_COLLECTION 3358005YT7JQCWYLTG43,500178441,Journal Import 2591676:,/EFT/RECEIPT,2,,,,,0,15100,Posted
23-09-2024,01.12102.000.0000.000.3706008.00000.000,eHIS,HIS_COLLECTION,3104122 HIS_COLLECTION 3358005YT7JQCWYLTG43,500178473,Journal Import 2591676:,/CASH/RECEIPT,2,,,,,0,1850,Posted
23-09-2024,01.12102.000.0000.000.3706008.00000.000,eHIS,HIS_COLLECTION,3104128 HIS_COLLECTION 3358005YT7JQCWYLTG43,500178275,Journal Import 2591676:,/CASH/RECEIPT,2,,,,,0,400,Posted
23-09-2024,01.12102.000.0000.000.3706008.00000.000,eHIS,HIS_COLLECTION,3104131 HIS_COLLECTION 3358005YT7JQCWYLTG43,500178045,Journal Import 2591676:,/EFT/RECEIPT,2,,,,,0,3300,Posted
23-09-2024,01.12102.000.0000.000.3706008.00000.000,eHIS,HIS_COLLECTION,3104137 HIS_COLLECTION 3358005YT7JQCWYLTG43,500178182,Journal Import 2591676:,/EFT/RECEIPT,2,,,,,0,1800,Posted
23-09-2024,01.12102.000.0000.000.3706008.00000.000,eHIS,HIS_COLLECTION,3104141 HIS_COLLECTION 3358005YT7JQCWYLTG43,500178474,Journal Import 2591676:,/CASH/RECEIPT,2,,,,,0,1850,Posted
23-09-2024,01.12102.000.0000.000.3706008.00000.000,eHIS,HIS_COLLECTION,3104153 HIS_COLLECTION 3358005YT7JQCWYLTG43,500178092,Journal Import 2591676:,/EFT/RECEIPT,2,,,,,0,400,Posted
23-09-2024,01.12102.000.0000.000.3706008.00000.000,eHIS,HIS_COLLECTION,3104155 HIS_COLLECTION 3358005YT7JQCWYLTG43,500178200,Journal Import 2591676:,/CASH/RECEIPT,2,,,,,0,600,Posted
23-09-2024,01.12102.000.0000.000.3706008.00000.000,eHIS,HIS_COLLECTION,3104168 HIS_COLLECTION 3358005YT7JQCWYLTG43,500177941,Journal Import 2591676:,/EFT/RECEIPT,2,,,,,0,500,Posted
23-09-2024,01.12102.000.0000.000.3706008.00000.000,eHIS,HIS_COLLECTION,3104174 HIS_COLLECTION 3358005YT7JQCWYLTG43,500178332,Journal Import 2591676:,/CASH/RECEIPT,2,,,,,0,200,Posted
24-09-2024,01.12102.000.0000.000.3706008.00000.000,eHIS,HIS_COLLECTION,3104177 HIS_COLLECTION 3358005YT7JQCWYLTG43,500178606,Journal Import 2599930:,/EFT/RECEIPT,2,,,,,0,350,Posted
23-09-2024,01.12102.000.0000.000.3706008.00000.000,eHIS,HIS_COLLECTION,3104180 HIS_COLLECTION 3358005YT7JQCWYLTG43,500177861,Journal Import 2591676:,/CASH/RECEIPT,2,,,,,0,1100,Posted
23-09-2024,01.12102.000.0000.000.3706008.00000.000,eHIS,HIS_COLLECTION,3104184 HIS_COLLECTION 3358005YT7JQCWYLTG43,500178421,Journal Import 2591676:,/CASH/RECEIPT,2,,,,,0,4200,Posted
23-09-2024,01.12102.000.0000.000.3706008.00000.000,eHIS,HIS_COLLECTION,3104188 HIS_COLLECTION 3358005YT7JQCWYLTG43,500178166,Journal Import 2591676:,/CASH/RECEIPT,2,,,,,0,800,Posted
23-09-2024,01.12102.000.0000.000.3706008.00000.000,eHIS,HIS_COLLECTION,3104198 HIS_COLLECTION 3358005YT7JQCWYLTG43,500178128,Journal Import 2591676:,/EFT/RECEIPT,2,,,,,0,2300,Posted
23-09-2024,01.12102.000.0000.000.3706008.00000.000,eHIS,HIS_COLLECTION,3104206 HIS_COLLECTION 3358005YT7JQCWYLTG43,500178047,Journal Import 2591676:,/EFT/RECEIPT,2,,,,,0,3500,Posted
23-09-2024,01.12102.000.0000.000.3706008.00000.000,eHIS,HIS_COLLECTION,3104221 HIS_COLLECTION 3358005YT7JQCWYLTG43,500178285,Journal Import 2591676:,/CASH/REFUND,2,,,,,250,0,Posted
23-09-2024,01.12102.000.0000.000.3706008.00000.000,eHIS,HIS_COLLECTION,3104239 HIS_COLLECTION 3358005YT7JQCWYLTG43,500177934,Journal Import 2591676:,/CASH/RECEIPT,2,,,,,0,1000,Posted
23-09-2024,01.12102.000.0000.000.3706008.00000.000,eHIS,HIS_COLLECTION,3104241 HIS_COLLECTION 3358005YT7JQCWYLTG43,500178415,Journal Import 2591676:,/CASH/RECEIPT,2,,,,,0,100,Posted
23-09-2024,01.12102.000.0000.000.3706008.00000.000,eHIS,HIS_COLLECTION,3104244 HIS_COLLECTION 3358005YT7JQCWYLTG43,500178480,Journal Import 2591676:,/EFT/RECEIPT,2,,,,,0,800,Posted
23-09-2024,01.12102.000.0000.000.3706008.00000.000,eHIS,HIS_COLLECTION,3104246 HIS_COLLECTION 3358005YT7JQCWYLTG43,500178188,Journal Import 2591676:,/EFT/RECEIPT,2,,,,,0,1850,Posted
23-09-2024,01.12102.000.0000.000.3706008.00000.000,eHIS,HIS_COLLECTION,3104251 HIS_COLLECTION 3358005YT7JQCWYLTG43,500178338,Journal Import 2591676:,/CASH/RECEIPT,2,,,,,0,5200,Posted
23-09-2024,01.12102.000.0000.000.3706008.00000.000,eHIS,HIS_COLLECTION,3104253 HIS_COLLECTION 3358005YT7JQCWYLTG43,500178481,Journal Import 2591676:,/EFT/RECEIPT,2,,,,,0,800,Posted
23-09-2024,01.12102.000.0000.000.3706008.00000.000,eHIS,HIS_COLLECTION,3104291 HIS_COLLECTION 3358005YT7JQCWYLTG43,500178426,Journal Import 2591676:,/EFT/RECEIPT,2,,,,,0,1000,Posted
23-09-2024,01.12102.000.0000.000.3706008.00000.000,eHIS,HIS_COLLECTION,3104294 HIS_COLLECTION 3358005YT7JQCWYLTG43,500178167,Journal Import 2591676:,/EFT/RECEIPT,2,,,,,0,200,Posted
23-09-2024,01.12102.000.0000.000.3706008.00000.000,eHIS,HIS_COLLECTION,3104307 HIS_COLLECTION 3358005YT7JQCWYLTG43,500177942,Journal Import 2591676:,/EFT/RECEIPT,2,,,,,0,500,Posted
23-09-2024,01.12102.000.0000.000.3706008.00000.000,eHIS,HIS_COLLECTION,3104309 HIS_COLLECTION 3358005YT7JQCWYLTG43,500178333,Journal Import 2591676:,/CASH/RECEIPT,2,,,,,0,200,Posted
23-09-2024,01.12102.000.0000.000.3706008.00000.000,eHIS,HIS_COLLECTION,3104313 HIS_COLLECTION 3358005YT7JQCWYLTG43,500178273,Journal Import 2591676:,/CASH/RECEIPT,2,,,,,0,375,Posted
23-09-2024,01.12102.000.0000.000.3706008.00000.000,eHIS,HIS_COLLECTION,3104315 HIS_COLLECTION 3358005YT7JQCWYLTG43,500177943,Journal Import 2591676:,/EFT/RECEIPT,2,,,,,0,500,Posted
23-09-2024,01.12102.000.0000.000.3706008.00000.000,eHIS,HIS_COLLECTION,3104333 HIS_COLLECTION 3358005YT7JQCWYLTG43,500178093,Journal Import 2591676:,/CARD/RECEIPT,2,,,,,0,3820,Posted
23-09-2024,01.12102.000.0000.000.3706008.00000.000,eHIS,HIS_COLLECTION,3104337 HIS_COLLECTION 3358005YT7JQCWYLTG43,500178276,Journal Import 2591676:,/CASH/RECEIPT,2,,,,,0,400,Posted
23-09-2024,01.12102.000.0000.000.3706008.00000.000,eHIS,HIS_COLLECTION,3104339 HIS_COLLECTION 3358005YT7JQCWYLTG43,500178427,Journal Import 2591676:,/EFT/RECEIPT,2,,,,,0,1000,Posted
23-09-2024,01.12102.000.0000.000.3706008.00000.000,eHIS,HIS_COLLECTION,3104342 HIS_COLLECTION 3358005YT7JQCWYLTG43,500177944,Journal Import 2591676:,/EFT/RECEIPT,2,,,,,0,500,Posted
23-09-2024,01.12102.000.0000.000.3706008.00000.000,eHIS,HIS_COLLECTION,3104344 HIS_COLLECTION 3358005YT7JQCWYLTG43,500177913,Journal Import 2591676:,/EFT/RECEIPT,2,,,,,0,650,Posted
23-09-2024,01.12102.000.0000.000.3706008.00000.000,eHIS,HIS_COLLECTION,3104348 HIS_COLLECTION 3358005YT7JQCWYLTG43,500178115,Journal Import 2591676:,/CARD/RECEIPT,2,,,,,0,100,Posted
23-09-2024,01.12102.000.0000.000.3706008.00000.000,eHIS,HIS_COLLECTION,3104352 HIS_COLLECTION 3358005YT7JQCWYLTG43,500177862,Journal Import 2591676:,/EFT/RECEIPT,2,,,,,0,550,Posted
23-09-2024,01.12102.000.0000.000.3706008.00000.000,eHIS,HIS_COLLECTION,3104354 HIS_COLLECTION 3358005YT7JQCWYLTG43,500178409,Journal Import 2591676:,/CASH/RECEIPT,2,,,,,0,25,Posted
23-09-2024,01.12102.000.0000.000.3706008.00000.000,eHIS,HIS_COLLECTION,3104355 HIS_COLLECTION 3358005YT7JQCWYLTG43,500178117,Journal Import 2591676:,/EFT/RECEIPT,2,,,,,0,175,Posted
23-09-2024,01.12102.000.0000.000.3706008.00000.000,eHIS,HIS_COLLECTION,3104358 HIS_COLLECTION 3358005YT7JQCWYLTG43,500178002,Journal Import 2591676:,/CARD/RECEIPT,2,,,,,0,483,Posted
23-09-2024,01.12102.000.0000.000.3706008.00000.000,eHIS,HIS_COLLECTION,3104361 HIS_COLLECTION 3358005YT7JQCWYLTG43,500178120,Journal Import 2591676:,/EFT/RECEIPT,2,,,,,0,2100,Posted
23-09-2024,01.12102.000.0000.000.3706008.00000.000,eHIS,HIS_COLLECTION,3104363 HIS_COLLECTION 3358005YT7JQCWYLTG43,500178416,Journal Import 2591676:,/CASH/RECEIPT,2,,,,,0,100,Posted
23-09-2024,01.12102.000.0000.000.3706008.00000.000,eHIS,HIS_COLLECTION,3104365 HIS_COLLECTION 3358005YT7JQCWYLTG43,500178429,Journal Import 2591676:,/CASH/RECEIPT,2,,,,,0,1300,Posted
23-09-2024,01.12102.000.0000.000.3706008.00000.000,eHIS,HIS_COLLECTION,3104374 HIS_COLLECTION 3358005YT7JQCWYLTG43,500178475,Journal Import 2591676:,/CASH/RECEIPT,2,,,,,0,1850,Posted
23-09-2024,01.12102.000.0000.000.3706008.00000.000,eHIS,HIS_COLLECTION,3104405 HIS_COLLECTION 3358005YT7JQCWYLTG43,500178116,Journal Import 2591676:,/EFT/RECEIPT,2,,,,,0,100,Posted
24-09-2024,01.12102.000.0000.000.3706008.00000.000,eHIS,HIS_COLLECTION,3104424 HIS_COLLECTION 3358005YT7JQCWYLTG43,500178999,Journal Import 2591676:,/EFT/RECEIPT,2,,,,,0,1850,Posted
24-09-2024,01.12102.000.0000.000.3706008.00000.000,eHIS,HIS_COLLECTION,3104433 HIS_COLLECTION 3358005YT7JQCWYLTG43,500178911,Journal Import 2591676:,/EFT/RECEIPT,2,,,,,0,2000,Posted
24-09-2024,01.12102.000.0000.000.3706008.00000.000,eHIS,HIS_COLLECTION,3104435 HIS_COLLECTION 3358005YT7JQCWYLTG43,500178865,Journal Import 2591676:,/EFT/RECEIPT,2,,,,,0,200,Posted
24-09-2024,01.12102.000.0000.000.3706008.00000.000,eHIS,HIS_COLLECTION,3104449 HIS_COLLECTION 3358005YT7JQCWYLTG43,500178866,Journal Import 2591676:,/EFT/RECEIPT,2,,,,,0,200,Posted
24-09-2024,01.12102.000.0000.000.3706008.00000.000,eHIS,HIS_COLLECTION,3104454 HIS_COLLECTION 3358005YT7JQCWYLTG43,500178960,Journal Import 2591676:,/EFT/RECEIPT,2,,,,,0,1250,Posted
24-09-2024,01.12102.000.0000.000.3706008.00000.000,eHIS,HIS_COLLECTION,3104462 HIS_COLLECTION 3358005YT7JQCWYLTG43,500179079,Journal Import 2591676:,/EFT/RECEIPT,2,,,,,0,800,Posted
24-09-2024,01.12102.000.0000.000.3706008.00000.000,eHIS,HIS_COLLECTION,3104464 HIS_COLLECTION 3358005YT7JQCWYLTG43,500178954,Journal Import 2591676:,/CASH/RECEIPT,2,,,,,0,500,Posted
24-09-2024,01.12102.000.0000.000.3706008.00000.000,eHIS,HIS_COLLECTION,3104471 HIS_COLLECTION 3358005YT7JQCWYLTG43,500178581,Journal Import 2591676:,/EFT/RECEIPT,2,,,,,0,10000,Posted
24-09-2024,01.12102.000.0000.000.3706008.00000.000,eHIS,HIS_COLLECTION,3104478 HIS_COLLECTION 3358005YT7JQCWYLTG43,500179122,Journal Import 2591676:,/CASH/RECEIPT,2,,,,,0,100,Posted
24-09-2024,01.12102.000.0000.000.3706008.00000.000,eHIS,HIS_COLLECTION,3104480 HIS_COLLECTION 3358005YT7JQCWYLTG43,500179123,Journal Import 2591676:,/CASH/RECEIPT,2,,,,,0,100,Posted
24-09-2024,01.12102.000.0000.000.3706008.00000.000,eHIS,HIS_COLLECTION,3104487 HIS_COLLECTION 3358005YT7JQCWYLTG43,500179000,Journal Import 2591676:,/CARD/RECEIPT,2,,,,,0,1850,Posted
24-09-2024,01.12102.000.0000.000.3706008.00000.000,eHIS,HIS_COLLECTION,3104493 HIS_COLLECTION 3358005YT7JQCWYLTG43,500179077,Journal Import 2591676:,/CASH/RECEIPT,2,,,,,0,1850,Posted
24-09-2024,01.12102.000.0000.000.3706008.00000.000,eHIS,HIS_COLLECTION,3104512 HIS_COLLECTION 3358005YT7JQCWYLTG43,500178910,Journal Import 2591676:,/EFT/RECEIPT,2,,,,,0,1995,Posted
24-09-2024,01.12102.000.0000.000.3706008.00000.000,eHIS,HIS_COLLECTION,3104573 HIS_COLLECTION 3358005YT7JQCWYLTG43,500179124,Journal Import 2591676:,/CASH/RECEIPT,2,,,,,0,100,Posted
24-09-2024,01.12102.000.0000.000.3706008.00000.000,eHIS,HIS_COLLECTION,3104583 HIS_COLLECTION 3358005YT7JQCWYLTG43,500178961,Journal Import 2591676:,/CARD/RECEIPT,2,,,,,0,1300,Posted
25-09-2024,01.12102.000.0000.000.3706008.00000.000,eHIS,HIS_COLLECTION,3104601 HIS_COLLECTION 3358005YT7JQCWYLTG43,500179298,Journal Import 2599930:,/EFT/RECEIPT,2,,,,,0,304,Posted
24-09-2024,01.12102.000.0000.000.3706008.00000.000,eHIS,HIS_COLLECTION,3104604 HIS_COLLECTION 3358005YT7JQCWYLTG43,500178907,Journal Import 2591676:,/EFT/RECEIPT,2,,,,,0,1850,Posted
25-09-2024,01.12102.000.0000.000.3706008.00000.000,eHIS,HIS_COLLECTION,3104619 HIS_COLLECTION 3358005YT7JQCWYLTG43,500179304,Journal Import 2599930:,/EFT/RECEIPT,2,,,,,0,2700,Posted
24-09-2024,01.12102.000.0000.000.3706008.00000.000,eHIS,HIS_COLLECTION,3104621 HIS_COLLECTION 3358005YT7JQCWYLTG43,500178576,Journal Import 2591676:,/EFT/RECEIPT,2,,,,,0,630,Posted
24-09-2024,01.12102.000.0000.000.3706008.00000.000,eHIS,HIS_COLLECTION,3104627 HIS_COLLECTION 3358005YT7JQCWYLTG43,500179179,Journal Import 2591676:,/CARD/RECEIPT,2,,,,,0,14800,Posted
24-09-2024,01.12102.000.0000.000.3706008.00000.000,eHIS,HIS_COLLECTION,3104631 HIS_COLLECTION 3358005YT7JQCWYLTG43,500179020,Journal Import 2591676:,/CASH/RECEIPT,2,,,,,0,5488,Posted
24-09-2024,01.12102.000.0000.000.3706008.00000.000,eHIS,HIS_COLLECTION,3104659 HIS_COLLECTION 3358005YT7JQCWYLTG43,500178730,Journal Import 2591676:,/EFT/RECEIPT,2,,,,,0,500,Posted
24-09-2024,01.12102.000.0000.000.3706008.00000.000,eHIS,HIS_COLLECTION,3104672 HIS_COLLECTION 3358005YT7JQCWYLTG43,500178747,Journal Import 2591676:,/EFT/RECEIPT,2,,,,,0,2730,Posted
24-09-2024,01.12102.000.0000.000.3706008.00000.000,eHIS,HIS_COLLECTION,3104679 HIS_COLLECTION 3358005YT7JQCWYLTG43,500178824,Journal Import 2591676:,/EFT/RECEIPT,2,,,,,0,2348,Posted
24-09-2024,01.12102.000.0000.000.3706008.00000.000,eHIS,HIS_COLLECTION,3104685 HIS_COLLECTION 3358005YT7JQCWYLTG43,500179002,Journal Import 2591676:,/CASH/RECEIPT,2,,,,,0,3700,Posted
24-09-2024,01.12102.000.0000.000.3706008.00000.000,eHIS,HIS_COLLECTION,3104695 HIS_COLLECTION 3358005YT7JQCWYLTG43,500178966,Journal Import 2591676:,/CARD/RECEIPT,2,,,,,0,1552,Posted
24-09-2024,01.12102.000.0000.000.3706008.00000.000,eHIS,HIS_COLLECTION,3104703 HIS_COLLECTION 3358005YT7JQCWYLTG43,500178955,Journal Import 2591676:,/CASH/RECEIPT,2,,,,,0,500,Posted
24-09-2024,01.12102.000.0000.000.3706008.00000.000,eHIS,HIS_COLLECTION,3104704 HIS_COLLECTION 3358005YT7JQCWYLTG43,500178731,Journal Import 2591676:,/EFT/RECEIPT,2,,,,,0,500,Posted
24-09-2024,01.12102.000.0000.000.3706008.00000.000,eHIS,HIS_COLLECTION,3104708 HIS_COLLECTION 3358005YT7JQCWYLTG43,500179169,Journal Import 2591676:,/CASH/RECEIPT,2,,,,,0,1400,Posted
24-09-2024,01.12102.000.0000.000.3706008.00000.000,eHIS,HIS_COLLECTION,3104709 HIS_COLLECTION 3358005YT7JQCWYLTG43,500178906,Journal Import 2591676:,/EFT/RECEIPT,2,,,,,0,80,Posted
24-09-2024,01.12102.000.0000.000.3706008.00000.000,eHIS,HIS_COLLECTION,3104718 HIS_COLLECTION 3358005YT7JQCWYLTG43,500178898,Journal Import 2591676:,/CASH/RECEIPT,2,,,,,0,600,Posted
24-09-2024,01.12102.000.0000.000.3706008.00000.000,eHIS,HIS_COLLECTION,3104742 HIS_COLLECTION 3358005YT7JQCWYLTG43,500179125,Journal Import 2591676:,/CASH/RECEIPT,2,,,,,0,100,Posted
24-09-2024,01.12102.000.0000.000.3706008.00000.000,eHIS,HIS_COLLECTION,3104748 HIS_COLLECTION 3358005YT7JQCWYLTG43,500178740,Journal Import 2591676:,/EFT/RECEIPT,2,,,,,0,7080,Posted
24-09-2024,01.12102.000.0000.000.3706008.00000.000,eHIS,HIS_COLLECTION,3104781 HIS_COLLECTION 3358005YT7JQCWYLTG43,500179056,Journal Import 2591676:,/CASH/RECEIPT,2,,,,,0,13410,Posted
24-09-2024,01.12102.000.0000.000.3706008.00000.000,eHIS,HIS_COLLECTION,3104792 HIS_COLLECTION 3358005YT7JQCWYLTG43,500178787,Journal Import 2591676:,/EFT/RECEIPT,2,,,,,0,350,Posted
24-09-2024,01.12102.000.0000.000.3706008.00000.000,eHIS,HIS_COLLECTION,3104796 HIS_COLLECTION 3358005YT7JQCWYLTG43,500178658,Journal Import 2591676:,/EFT/RECEIPT,2,,,,,0,8754,Posted
24-09-2024,01.12102.000.0000.000.3706008.00000.000,eHIS,HIS_COLLECTION,3104802 HIS_COLLECTION 3358005YT7JQCWYLTG43,500178659,Journal Import 2591676:,/EFT/RECEIPT,2,,,,,0,8754,Posted
24-09-2024,01.12102.000.0000.000.3706008.00000.000,eHIS,HIS_COLLECTION,3104804 HIS_COLLECTION 3358005YT7JQCWYLTG43,500178868,Journal Import 2591676:,/EFT/RECEIPT,2,,,,,0,250,Posted
24-09-2024,01.12102.000.0000.000.3706008.00000.000,eHIS,HIS_COLLECTION,3104806 HIS_COLLECTION 3358005YT7JQCWYLTG43,500179096,Journal Import 2591676:,/CASH/RECEIPT,2,,,,,0,2500,Posted
25-09-2024,01.12102.000.0000.000.3706008.00000.000,eHIS,HIS_COLLECTION,3104807 HIS_COLLECTION 3358005YT7JQCWYLTG43,500179297,Journal Import 2599930:,/EFT/RECEIPT,2,,,,,0,158,Posted
24-09-2024,01.12102.000.0000.000.3706008.00000.000,eHIS,HIS_COLLECTION,3104811 HIS_COLLECTION 3358005YT7JQCWYLTG43,500178660,Journal Import 2591676:,/EFT/RECEIPT,2,,,,,0,8754,Posted
24-09-2024,01.12102.000.0000.000.3706008.00000.000,eHIS,HIS_COLLECTION,3104815 HIS_COLLECTION 3358005YT7JQCWYLTG43,500179059,Journal Import 2591676:,/EFT/RECEIPT,2,,,,,0,1200,Posted
24-09-2024,01.12102.000.0000.000.3706008.00000.000,eHIS,HIS_COLLECTION,3104819 HIS_COLLECTION 3358005YT7JQCWYLTG43,500178661,Journal Import 2591676:,/EFT/RECEIPT,2,,,,,0,8754,Posted
24-09-2024,01.12102.000.0000.000.3706008.00000.000,eHIS,HIS_COLLECTION,3104824 HIS_COLLECTION 3358005YT7JQCWYLTG43,500178662,Journal Import 2591676:,/EFT/RECEIPT,2,,,,,0,8754,Posted
24-09-2024,01.12102.000.0000.000.3706008.00000.000,eHIS,HIS_COLLECTION,3104828 HIS_COLLECTION 3358005YT7JQCWYLTG43,500179013,Journal Import 2591676:,/CASH/RECEIPT,2,,,,,0,104,Posted
24-09-2024,01.12102.000.0000.000.3706008.00000.000,eHIS,HIS_COLLECTION,3104836 HIS_COLLECTION 3358005YT7JQCWYLTG43,500178663,Journal Import 2591676:,/EFT/RECEIPT,2,,,,,0,8754,Posted
24-09-2024,01.12102.000.0000.000.3706008.00000.000,eHIS,HIS_COLLECTION,3104840 HIS_COLLECTION 3358005YT7JQCWYLTG43,500178664,Journal Import 2591676:,/EFT/RECEIPT,2,,,,,0,8754,Posted
24-09-2024,01.12102.000.0000.000.3706008.00000.000,eHIS,HIS_COLLECTION,3104845 HIS_COLLECTION 3358005YT7JQCWYLTG43,500178665,Journal Import 2591676:,/EFT/RECEIPT,2,,,,,0,8754,Posted
24-09-2024,01.12102.000.0000.000.3706008.00000.000,eHIS,HIS_COLLECTION,3104848 HIS_COLLECTION 3358005YT7JQCWYLTG43,500178869,Journal Import 2591676:,/EFT/RECEIPT,2,,,,,0,250,Posted
24-09-2024,01.12102.000.0000.000.3706008.00000.000,eHIS,HIS_COLLECTION,3104852 HIS_COLLECTION 3358005YT7JQCWYLTG43,500178953,Journal Import 2591676:,/CASH/RECEIPT,2,,,,,0,375,Posted
24-09-2024,01.12102.000.0000.000.3706008.00000.000,eHIS,HIS_COLLECTION,3104858 HIS_COLLECTION 3358005YT7JQCWYLTG43,500178666,Journal Import 2591676:,/EFT/RECEIPT,2,,,,,0,8754,Posted
24-09-2024,01.12102.000.0000.000.3706008.00000.000,eHIS,HIS_COLLECTION,3104864 HIS_COLLECTION 3358005YT7JQCWYLTG43,500178870,Journal Import 2591676:,/EFT/RECEIPT,2,,,,,0,250,Posted
24-09-2024,01.12102.000.0000.000.3706008.00000.000,eHIS,HIS_COLLECTION,3104872 HIS_COLLECTION 3358005YT7JQCWYLTG43,500178819,Journal Import 2591676:,/CASH/RECEIPT,2,,,,,0,650,Posted
24-09-2024,01.12102.000.0000.000.3706008.00000.000,eHIS,HIS_COLLECTION,3104880 HIS_COLLECTION 3358005YT7JQCWYLTG43,500179060,Journal Import 2591676:,/CARD/RECEIPT,2,,,,,0,1200,Posted
24-09-2024,01.12102.000.0000.000.3706008.00000.000,eHIS,HIS_COLLECTION,3104893 HIS_COLLECTION 3358005YT7JQCWYLTG43,500178863,Journal Import 2591676:,/CASH/RECEIPT,2,,,,,0,800,Posted
24-09-2024,01.12102.000.0000.000.3706008.00000.000,eHIS,HIS_COLLECTION,3104899 HIS_COLLECTION 3358005YT7JQCWYLTG43,500179049,Journal Import 2591676:,/CASH/RECEIPT,2,,,,,0,250,Posted
24-09-2024,01.12102.000.0000.000.3706008.00000.000,eHIS,HIS_COLLECTION,3104903 HIS_COLLECTION 3358005YT7JQCWYLTG43,500178748,Journal Import 2591676:,/EFT/RECEIPT,2,,,,,0,3500,Posted
24-09-2024,01.12102.000.0000.000.3706008.00000.000,eHIS,HIS_COLLECTION,3104927 HIS_COLLECTION 3358005YT7JQCWYLTG43,500179099,Journal Import 2591676:,/EFT/RECEIPT,2,,,,,0,900,Posted
24-09-2024,01.12102.000.0000.000.3706008.00000.000,eHIS,HIS_COLLECTION,3104929 HIS_COLLECTION 3358005YT7JQCWYLTG43,500179076,Journal Import 2591676:,/CASH/RECEIPT,2,,,,,0,1800,Posted
24-09-2024,01.12102.000.0000.000.3706008.00000.000,eHIS,HIS_COLLECTION,3104930 HIS_COLLECTION 3358005YT7JQCWYLTG43,500178903,Journal Import 2591676:,/EFT/RECEIPT,2,,,,,0,50,Posted
24-09-2024,01.12102.000.0000.000.3706008.00000.000,eHIS,HIS_COLLECTION,3104944 HIS_COLLECTION 3358005YT7JQCWYLTG43,500178649,Journal Import 2591676:,/CASH/RECEIPT,2,,,,,0,1100,Posted
24-09-2024,01.12102.000.0000.000.3706008.00000.000,eHIS,HIS_COLLECTION,3104957 HIS_COLLECTION 3358005YT7JQCWYLTG43,500178998,Journal Import 2591676:,/EFT/RECEIPT,2,,,,,0,1700,Posted
24-09-2024,01.12102.000.0000.000.3706008.00000.000,eHIS,HIS_COLLECTION,3104960 HIS_COLLECTION 3358005YT7JQCWYLTG43,500179050,Journal Import 2591676:,/CASH/RECEIPT,2,,,,,0,250,Posted
24-09-2024,01.12102.000.0000.000.3706008.00000.000,eHIS,HIS_COLLECTION,3104964 HIS_COLLECTION 3358005YT7JQCWYLTG43,500179100,Journal Import 2591676:,/EFT/RECEIPT,2,,,,,0,900,Posted
25-09-2024,01.12102.000.0000.000.3706008.00000.000,eHIS,HIS_COLLECTION,3104978 HIS_COLLECTION 3358005YT7JQCWYLTG43,500179301,Journal Import 2599930:,/EFT/RECEIPT,2,,,,,0,750,Posted
24-09-2024,01.12102.000.0000.000.3706008.00000.000,eHIS,HIS_COLLECTION,3104982 HIS_COLLECTION 3358005YT7JQCWYLTG43,500179126,Journal Import 2591676:,/CASH/RECEIPT,2,,,,,0,100,Posted
24-09-2024,01.12102.000.0000.000.3706008.00000.000,eHIS,HIS_COLLECTION,3104993 HIS_COLLECTION 3358005YT7JQCWYLTG43,500178864,Journal Import 2591676:,/CASH/RECEIPT,2,,,,,0,800,Posted
24-09-2024,01.12102.000.0000.000.3706008.00000.000,eHIS,HIS_COLLECTION,3104995 HIS_COLLECTION 3358005YT7JQCWYLTG43,500178871,Journal Import 2591676:,/EFT/RECEIPT,2,,,,,0,250,Posted
24-09-2024,01.12102.000.0000.000.3706008.00000.000,eHIS,HIS_COLLECTION,3105007 HIS_COLLECTION 3358005YT7JQCWYLTG43,500178908,Journal Import 2591676:,/CARD/RECEIPT,2,,,,,0,1850,Posted
24-09-2024,01.12102.000.0000.000.3706008.00000.000,eHIS,HIS_COLLECTION,3105017 HIS_COLLECTION 3358005YT7JQCWYLTG43,500179101,Journal Import 2591676:,/CARD/RECEIPT,2,,,,,0,900,Posted
24-09-2024,01.12102.000.0000.000.3706008.00000.000,eHIS,HIS_COLLECTION,3105030 HIS_COLLECTION 3358005YT7JQCWYLTG43,500179102,Journal Import 2591676:,/EFT/RECEIPT,2,,,,,0,900,Posted
24-09-2024,01.12102.000.0000.000.3706008.00000.000,eHIS,HIS_COLLECTION,3105043 HIS_COLLECTION 3358005YT7JQCWYLTG43,500179015,Journal Import 2591676:,/CASH/RECEIPT,2,,,,,0,200,Posted
24-09-2024,01.12102.000.0000.000.3706008.00000.000,eHIS,HIS_COLLECTION,3105055 HIS_COLLECTION 3358005YT7JQCWYLTG43,500178965,Journal Import 2591676:,/EFT/RECEIPT,2,,,,,0,1520,Posted
24-09-2024,01.12102.000.0000.000.3706008.00000.000,eHIS,HIS_COLLECTION,3105061 HIS_COLLECTION 3358005YT7JQCWYLTG43,500179103,Journal Import 2591676:,/EFT/RECEIPT,2,,,,,0,900,Posted
24-09-2024,01.12102.000.0000.000.3706008.00000.000,eHIS,HIS_COLLECTION,3105071 HIS_COLLECTION 3358005YT7JQCWYLTG43,500178732,Journal Import 2591676:,/EFT/RECEIPT,2,,,,,0,500,Posted
25-09-2024,01.12102.000.0000.000.3706008.00000.000,eHIS,HIS_COLLECTION,3105076 HIS_COLLECTION 3358005YT7JQCWYLTG43,500179305,Journal Import 2599930:,/EFT/RECEIPT,2,,,,,0,4048,Posted
24-09-2024,01.12102.000.0000.000.3706008.00000.000,eHIS,HIS_COLLECTION,3105079 HIS_COLLECTION 3358005YT7JQCWYLTG43,500178650,Journal Import 2591676:,/CASH/RECEIPT,2,,,,,0,1100,Posted
24-09-2024,01.12102.000.0000.000.3706008.00000.000,eHIS,HIS_COLLECTION,3105081 HIS_COLLECTION 3358005YT7JQCWYLTG43,500178694,Journal Import 2591676:,/CASH/RECEIPT,2,,,,,0,900,Posted
24-09-2024,01.12102.000.0000.000.3706008.00000.000,eHIS,HIS_COLLECTION,3105085 HIS_COLLECTION 3358005YT7JQCWYLTG43,500178726,Journal Import 2591676:,/CASH/RECEIPT,2,,,,,0,1000,Posted
25-09-2024,01.12102.000.0000.000.3706008.00000.000,eHIS,HIS_COLLECTION,3105087 HIS_COLLECTION 3358005YT7JQCWYLTG43,500179303,Journal Import 2599930:,/EFT/RECEIPT,2,,,,,0,900,Posted
24-09-2024,01.12102.000.0000.000.3706008.00000.000,eHIS,HIS_COLLECTION,3105102 HIS_COLLECTION 3358005YT7JQCWYLTG43,500178867,Journal Import 2591676:,/EFT/RECEIPT,2,,,,,0,200,Posted
24-09-2024,01.12102.000.0000.000.3706008.00000.000,eHIS,HIS_COLLECTION,3105104 HIS_COLLECTION 3358005YT7JQCWYLTG43,500179127,Journal Import 2591676:,/CASH/RECEIPT,2,,,,,0,100,Posted
24-09-2024,01.12102.000.0000.000.3706008.00000.000,eHIS,HIS_COLLECTION,3105123 HIS_COLLECTION 3358005YT7JQCWYLTG43,500178695,Journal Import 2591676:,/CASH/RECEIPT,2,,,,,0,900,Posted
24-09-2024,01.12102.000.0000.000.3706008.00000.000,eHIS,HIS_COLLECTION,3105136 HIS_COLLECTION 3358005YT7JQCWYLTG43,500179173,Journal Import 2591676:,/CARD/RECEIPT,2,,,,,0,750,Posted
24-09-2024,01.12102.000.0000.000.3706008.00000.000,eHIS,HIS_COLLECTION,3105142 HIS_COLLECTION 3358005YT7JQCWYLTG43,500178733,Journal Import 2591676:,/EFT/RECEIPT,2,,,,,0,500,Posted
24-09-2024,01.12102.000.0000.000.3706008.00000.000,eHIS,HIS_COLLECTION,3105147 HIS_COLLECTION 3358005YT7JQCWYLTG43,500178779,Journal Import 2591676:,/CASH/RECEIPT,2,,,,,0,800,Posted
24-09-2024,01.12102.000.0000.000.3706008.00000.000,eHIS,HIS_COLLECTION,3105149 HIS_COLLECTION 3358005YT7JQCWYLTG43,500179097,Journal Import 2591676:,/CASH/RECEIPT,2,,,,,0,2500,Posted
24-09-2024,01.12102.000.0000.000.3706008.00000.000,eHIS,HIS_COLLECTION,3105150 HIS_COLLECTION 3358005YT7JQCWYLTG43,500178823,Journal Import 2591676:,/CARD/RECEIPT,2,,,,,0,2000,Posted
24-09-2024,01.12102.000.0000.000.3706008.00000.000,eHIS,HIS_COLLECTION,3105160 HIS_COLLECTION 3358005YT7JQCWYLTG43,500178872,Journal Import 2591676:,/EFT/RECEIPT,2,,,,,0,250,Posted
24-09-2024,01.12102.000.0000.000.3706008.00000.000,eHIS,HIS_COLLECTION,3105165 HIS_COLLECTION 3358005YT7JQCWYLTG43,500179174,Journal Import 2591676:,/CARD/RECEIPT,2,,,,,0,750,Posted
24-09-2024,01.12102.000.0000.000.3706008.00000.000,eHIS,HIS_COLLECTION,3105194 HIS_COLLECTION 3358005YT7JQCWYLTG43,500178780,Journal Import 2591676:,/CASH/RECEIPT,2,,,,,0,800,Posted
24-09-2024,01.12102.000.0000.000.3706008.00000.000,eHIS,HIS_COLLECTION,3105205 HIS_COLLECTION 3358005YT7JQCWYLTG43,500178987,Journal Import 2591676:,/CASH/RECEIPT,2,,,,,0,500,Posted
24-09-2024,01.12102.000.0000.000.3706008.00000.000,eHIS,HIS_COLLECTION,3105211 HIS_COLLECTION 3358005YT7JQCWYLTG43,500178727,Journal Import 2591676:,/CASH/RECEIPT,2,,,,,0,1000,Posted
24-09-2024,01.12102.000.0000.000.3706008.00000.000,eHIS,HIS_COLLECTION,3105213 HIS_COLLECTION 3358005YT7JQCWYLTG43,500179165,Journal Import 2591676:,/CASH/RECEIPT,2,,,,,0,1300,Posted
24-09-2024,01.12102.000.0000.000.3706008.00000.000,eHIS,HIS_COLLECTION,3105216 HIS_COLLECTION 3358005YT7JQCWYLTG43,500178651,Journal Import 2591676:,/CASH/RECEIPT,2,,,,,0,1100,Posted
24-09-2024,01.12102.000.0000.000.3706008.00000.000,eHIS,HIS_COLLECTION,3105222 HIS_COLLECTION 3358005YT7JQCWYLTG43,500178734,Journal Import 2591676:,/EFT/RECEIPT,2,,,,,0,500,Posted
24-09-2024,01.12102.000.0000.000.3706008.00000.000,eHIS,HIS_COLLECTION,3105224 HIS_COLLECTION 3358005YT7JQCWYLTG43,500178781,Journal Import 2591676:,/CASH/RECEIPT,2,,,,,0,800,Posted
24-09-2024,01.12102.000.0000.000.3706008.00000.000,eHIS,HIS_COLLECTION,3105230 HIS_COLLECTION 3358005YT7JQCWYLTG43,500178735,Journal Import 2591676:,/EFT/RECEIPT,2,,,,,0,500,Posted
24-09-2024,01.12102.000.0000.000.3706008.00000.000,eHIS,HIS_COLLECTION,3105236 HIS_COLLECTION 3358005YT7JQCWYLTG43,500178988,Journal Import 2591676:,/CASH/RECEIPT,2,,,,,0,500,Posted
24-09-2024,01.12102.000.0000.000.3706008.00000.000,eHIS,HIS_COLLECTION,3105248 HIS_COLLECTION 3358005YT7JQCWYLTG43,500178579,Journal Import 2591676:,/EFT/RECEIPT,2,,,,,0,700,Posted
24-09-2024,01.12102.000.0000.000.3706008.00000.000,eHIS,HIS_COLLECTION,3105254 HIS_COLLECTION 3358005YT7JQCWYLTG43,500178789,Journal Import 2591676:,/EFT/RECEIPT,2,,,,,0,400,Posted
24-09-2024,01.12102.000.0000.000.3706008.00000.000,eHIS,HIS_COLLECTION,3105257 HIS_COLLECTION 3358005YT7JQCWYLTG43,500179061,Journal Import 2591676:,/EFT/RECEIPT,2,,,,,0,1200,Posted
24-09-2024,01.12102.000.0000.000.3706008.00000.000,eHIS,HIS_COLLECTION,3105263 HIS_COLLECTION 3358005YT7JQCWYLTG43,500178736,Journal Import 2591676:,/EFT/RECEIPT,2,,,,,0,500,Posted
24-09-2024,01.12102.000.0000.000.3706008.00000.000,eHIS,HIS_COLLECTION,3105267 HIS_COLLECTION 3358005YT7JQCWYLTG43,500179001,Journal Import 2591676:,/CASH/RECEIPT,2,,,,,0,3500,Posted
24-09-2024,01.12102.000.0000.000.3706008.00000.000,eHIS,HIS_COLLECTION,3105269 HIS_COLLECTION 3358005YT7JQCWYLTG43,500179175,Journal Import 2591676:,/EFT/RECEIPT,2,,,,,0,750,Posted
24-09-2024,01.12102.000.0000.000.3706008.00000.000,eHIS,HIS_COLLECTION,3105273 HIS_COLLECTION 3358005YT7JQCWYLTG43,500179062,Journal Import 2591676:,/EFT/RECEIPT,2,,,,,0,1200,Posted
24-09-2024,01.12102.000.0000.000.3706008.00000.000,eHIS,HIS_COLLECTION,3105277 HIS_COLLECTION 3358005YT7JQCWYLTG43,500178820,Journal Import 2591676:,/EFT/RECEIPT,2,,,,,0,100,Posted
24-09-2024,01.12102.000.0000.000.3706008.00000.000,eHIS,HIS_COLLECTION,3105289 HIS_COLLECTION 3358005YT7JQCWYLTG43,500179104,Journal Import 2591676:,/EFT/RECEIPT,2,,,,,0,900,Posted
24-09-2024,01.12102.000.0000.000.3706008.00000.000,eHIS,HIS_COLLECTION,3105300 HIS_COLLECTION 3358005YT7JQCWYLTG43,500178745,Journal Import 2591676:,/CARD/RECEIPT,2,,,,,0,250,Posted
24-09-2024,01.12102.000.0000.000.3706008.00000.000,eHIS,HIS_COLLECTION,3105304 HIS_COLLECTION 3358005YT7JQCWYLTG43,500178989,Journal Import 2591676:,/CASH/RECEIPT,2,,,,,0,500,Posted
24-09-2024,01.12102.000.0000.000.3706008.00000.000,eHIS,HIS_COLLECTION,3105311 HIS_COLLECTION 3358005YT7JQCWYLTG43,500179166,Journal Import 2591676:,/CASH/RECEIPT,2,,,,,0,1300,Posted
24-09-2024,01.12102.000.0000.000.3706008.00000.000,eHIS,HIS_COLLECTION,3105321 HIS_COLLECTION 3358005YT7JQCWYLTG43,500178818,Journal Import 2591676:,/CASH/RECEIPT,2,,,,,0,620,Posted
24-09-2024,01.12102.000.0000.000.3706008.00000.000,eHIS,HIS_COLLECTION,3105323 HIS_COLLECTION 3358005YT7JQCWYLTG43,500178786,Journal Import 2591676:,/EFT/RECEIPT,2,,,,,0,300,Posted
24-09-2024,01.12102.000.0000.000.3706008.00000.000,eHIS,HIS_COLLECTION,3105328 HIS_COLLECTION 3358005YT7JQCWYLTG43,500179167,Journal Import 2591676:,/CASH/RECEIPT,2,,,,,0,1300,Posted
24-09-2024,01.12102.000.0000.000.3706008.00000.000,eHIS,HIS_COLLECTION,3105338 HIS_COLLECTION 3358005YT7JQCWYLTG43,500178737,Journal Import 2591676:,/EFT/RECEIPT,2,,,,,0,500,Posted
24-09-2024,01.12102.000.0000.000.3706008.00000.000,eHIS,HIS_COLLECTION,3105340 HIS_COLLECTION 3358005YT7JQCWYLTG43,500178738,Journal Import 2591676:,/EFT/RECEIPT,2,,,,,0,500,Posted
24-09-2024,01.12102.000.0000.000.3706008.00000.000,eHIS,HIS_COLLECTION,3105343 HIS_COLLECTION 3358005YT7JQCWYLTG43,500179105,Journal Import 2591676:,/EFT/RECEIPT,2,,,,,0,900,Posted
24-09-2024,01.12102.000.0000.000.3706008.00000.000,eHIS,HIS_COLLECTION,3105358 HIS_COLLECTION 3358005YT7JQCWYLTG43,500178654,Journal Import 2591676:,/EFT/RECEIPT,2,,,,,0,500,Posted
24-09-2024,01.12102.000.0000.000.3706008.00000.000,eHIS,HIS_COLLECTION,3105366 HIS_COLLECTION 3358005YT7JQCWYLTG43,500179052,Journal Import 2591676:,/CASH/RECEIPT,2,,,,,0,350,Posted
24-09-2024,01.12102.000.0000.000.3706008.00000.000,eHIS,HIS_COLLECTION,3105376 HIS_COLLECTION 3358005YT7JQCWYLTG43,500178782,Journal Import 2591676:,/CASH/RECEIPT,2,,,,,0,800,Posted
24-09-2024,01.12102.000.0000.000.3706008.00000.000,eHIS,HIS_COLLECTION,3105382 HIS_COLLECTION 3358005YT7JQCWYLTG43,500178570,Journal Import 2591676:,/CASH/RECEIPT,2,,,,,0,1200,Posted
24-09-2024,01.12102.000.0000.000.3706008.00000.000,eHIS,HIS_COLLECTION,3105396 HIS_COLLECTION 3358005YT7JQCWYLTG43,500178698,Journal Import 2591676:,/CARD/RECEIPT,2,,,,,0,4900,Posted
24-09-2024,01.12102.000.0000.000.3706008.00000.000,eHIS,HIS_COLLECTION,3105398 HIS_COLLECTION 3358005YT7JQCWYLTG43,500178861,Journal Import 2591676:,/CASH/RECEIPT,2,,,,,0,750,Posted
24-09-2024,01.12102.000.0000.000.3706008.00000.000,eHIS,HIS_COLLECTION,3105410 HIS_COLLECTION 3358005YT7JQCWYLTG43,500178825,Journal Import 2591676:,/EFT/RECEIPT,2,,,,,0,2373,Posted
24-09-2024,01.12102.000.0000.000.3706008.00000.000,eHIS,HIS_COLLECTION,3105413 HIS_COLLECTION 3358005YT7JQCWYLTG43,500178826,Journal Import 2591676:,/EFT/RECEIPT,2,,,,,0,2400,Posted
24-09-2024,01.12102.000.0000.000.3706008.00000.000,eHIS,HIS_COLLECTION,3105421 HIS_COLLECTION 3358005YT7JQCWYLTG43,500178862,Journal Import 2591676:,/CASH/RECEIPT,2,,,,,0,750,Posted
24-09-2024,01.12102.000.0000.000.3706008.00000.000,eHIS,HIS_COLLECTION,3105447 HIS_COLLECTION 3358005YT7JQCWYLTG43,500179016,Journal Import 2591676:,/CASH/RECEIPT,2,,,,,0,4900,Posted
24-09-2024,01.12102.000.0000.000.3706008.00000.000,eHIS,HIS_COLLECTION,3105449 HIS_COLLECTION 3358005YT7JQCWYLTG43,500178580,Journal Import 2591676:,/EFT/RECEIPT,2,,,,,0,700,Posted
24-09-2024,01.12102.000.0000.000.3706008.00000.000,eHIS,HIS_COLLECTION,3105451 HIS_COLLECTION 3358005YT7JQCWYLTG43,500179106,Journal Import 2591676:,/EFT/RECEIPT,2,,,,,0,900,Posted
24-09-2024,01.12102.000.0000.000.3706008.00000.000,eHIS,HIS_COLLECTION,3105457 HIS_COLLECTION 3358005YT7JQCWYLTG43,500178728,Journal Import 2591676:,/CASH/RECEIPT,2,,,,,0,1000,Posted
24-09-2024,01.12102.000.0000.000.3706008.00000.000,eHIS,HIS_COLLECTION,3105463 HIS_COLLECTION 3358005YT7JQCWYLTG43,500178655,Journal Import 2591676:,/EFT/RECEIPT,2,,,,,0,500,Posted
24-09-2024,01.12102.000.0000.000.3706008.00000.000,eHIS,HIS_COLLECTION,3105472 HIS_COLLECTION 3358005YT7JQCWYLTG43,500178783,Journal Import 2591676:,/CASH/RECEIPT,2,,,,,0,800,Posted
24-09-2024,01.12102.000.0000.000.3706008.00000.000,eHIS,HIS_COLLECTION,3105483 HIS_COLLECTION 3358005YT7JQCWYLTG43,500178699,Journal Import 2591676:,/EFT/RECEIPT,2,,,,,0,4900,Posted
24-09-2024,01.12102.000.0000.000.3706008.00000.000,eHIS,HIS_COLLECTION,3105497 HIS_COLLECTION 3358005YT7JQCWYLTG43,500179170,Journal Import 2591676:,/CASH/RECEIPT,2,,,,,0,1499,Posted
24-09-2024,01.12102.000.0000.000.3706008.00000.000,eHIS,HIS_COLLECTION,3105501 HIS_COLLECTION 3358005YT7JQCWYLTG43,500179023,Journal Import 2591676:,/EFT/RECEIPT,2,,,,,0,1100,Posted
24-09-2024,01.12102.000.0000.000.3706008.00000.000,eHIS,HIS_COLLECTION,3105511 HIS_COLLECTION 3358005YT7JQCWYLTG43,500178899,Journal Import 2591676:,/CASH/RECEIPT,2,,,,,0,600,Posted
24-09-2024,01.12102.000.0000.000.3706008.00000.000,eHIS,HIS_COLLECTION,3105523 HIS_COLLECTION 3358005YT7JQCWYLTG43,500178696,Journal Import 2591676:,/EFT/RECEIPT,2,,,,,0,410,Posted
24-09-2024,01.12102.000.0000.000.3706008.00000.000,eHIS,HIS_COLLECTION,3105529 HIS_COLLECTION 3358005YT7JQCWYLTG43,500178962,Journal Import 2591676:,/EFT/RECEIPT,2,,,,,0,1300,Posted
24-09-2024,01.12102.000.0000.000.3706008.00000.000,eHIS,HIS_COLLECTION,3105545 HIS_COLLECTION 3358005YT7JQCWYLTG43,500178990,Journal Import 2591676:,/CASH/RECEIPT,2,,,,,0,500,Posted
24-09-2024,01.12102.000.0000.000.3706008.00000.000,eHIS,HIS_COLLECTION,3105556 HIS_COLLECTION 3358005YT7JQCWYLTG43,500179003,Journal Import 2591676:,/EFT/RECEIPT,2,,,,,0,1000,Posted
24-09-2024,01.12102.000.0000.000.3706008.00000.000,eHIS,HIS_COLLECTION,3105582 HIS_COLLECTION 3358005YT7JQCWYLTG43,500178784,Journal Import 2591676:,/CASH/RECEIPT,2,,,,,0,800,Posted
24-09-2024,01.12102.000.0000.000.3706008.00000.000,eHIS,HIS_COLLECTION,3105592 HIS_COLLECTION 3358005YT7JQCWYLTG43,500178571,Journal Import 2591676:,/CASH/RECEIPT,2,,,,,0,1200,Posted
24-09-2024,01.12102.000.0000.000.3706008.00000.000,eHIS,HIS_COLLECTION,3105596 HIS_COLLECTION 3358005YT7JQCWYLTG43,500178572,Journal Import 2591676:,/CASH/RECEIPT,2,,,,,0,1200,Posted
24-09-2024,01.12102.000.0000.000.3706008.00000.000,eHIS,HIS_COLLECTION,3105601 HIS_COLLECTION 3358005YT7JQCWYLTG43,500178739,Journal Import 2591676:,/EFT/RECEIPT,2,,,,,0,5715,Posted
24-09-2024,01.12102.000.0000.000.3706008.00000.000,eHIS,HIS_COLLECTION,3105612 HIS_COLLECTION 3358005YT7JQCWYLTG43,500178991,Journal Import 2591676:,/CASH/RECEIPT,2,,,,,0,500,Posted
24-09-2024,01.12102.000.0000.000.3706008.00000.000,eHIS,HIS_COLLECTION,3105619 HIS_COLLECTION 3358005YT7JQCWYLTG43,500178573,Journal Import 2591676:,/CASH/RECEIPT,2,,,,,0,1200,Posted
24-09-2024,01.12102.000.0000.000.3706008.00000.000,eHIS,HIS_COLLECTION,3105620 HIS_COLLECTION 3358005YT7JQCWYLTG43,500178904,Journal Import 2591676:,/EFT/RECEIPT,2,,,,,0,50,Posted
24-09-2024,01.12102.000.0000.000.3706008.00000.000,eHIS,HIS_COLLECTION,3105627 HIS_COLLECTION 3358005YT7JQCWYLTG43,500179176,Journal Import 2591676:,/EFT/RECEIPT,2,,,,,0,750,Posted
24-09-2024,01.12102.000.0000.000.3706008.00000.000,eHIS,HIS_COLLECTION,3105632 HIS_COLLECTION 3358005YT7JQCWYLTG43,500178963,Journal Import 2591676:,/EFT/RECEIPT,2,,,,,0,1400,Posted
24-09-2024,01.12102.000.0000.000.3706008.00000.000,eHIS,HIS_COLLECTION,3105634 HIS_COLLECTION 3358005YT7JQCWYLTG43,500178992,Journal Import 2591676:,/CASH/RECEIPT,2,,,,,0,500,Posted
24-09-2024,01.12102.000.0000.000.3706008.00000.000,eHIS,HIS_COLLECTION,3105650 HIS_COLLECTION 3358005YT7JQCWYLTG43,500178577,Journal Import 2591676:,/EFT/RECEIPT,2,,,,,0,650,Posted
24-09-2024,01.12102.000.0000.000.3706008.00000.000,eHIS,HIS_COLLECTION,3105654 HIS_COLLECTION 3358005YT7JQCWYLTG43,500179168,Journal Import 2591676:,/CASH/RECEIPT,2,,,,,0,1300,Posted
24-09-2024,01.12102.000.0000.000.3706008.00000.000,eHIS,HIS_COLLECTION,3105661 HIS_COLLECTION 3358005YT7JQCWYLTG43,500178993,Journal Import 2591676:,/CASH/RECEIPT,2,,,,,0,500,Posted
24-09-2024,01.12102.000.0000.000.3706008.00000.000,eHIS,HIS_COLLECTION,3105674 HIS_COLLECTION 3358005YT7JQCWYLTG43,500178788,Journal Import 2591676:,/EFT/RECEIPT,2,,,,,0,375,Posted
24-09-2024,01.12102.000.0000.000.3706008.00000.000,eHIS,HIS_COLLECTION,3105683 HIS_COLLECTION 3358005YT7JQCWYLTG43,500178574,Journal Import 2591676:,/CASH/RECEIPT,2,,,,,0,1200,Posted
24-09-2024,01.12102.000.0000.000.3706008.00000.000,eHIS,HIS_COLLECTION,3105692 HIS_COLLECTION 3358005YT7JQCWYLTG43,500179053,Journal Import 2591676:,/CASH/RECEIPT,2,,,,,0,350,Posted
24-09-2024,01.12102.000.0000.000.3706008.00000.000,eHIS,HIS_COLLECTION,3105694 HIS_COLLECTION 3358005YT7JQCWYLTG43,500178994,Journal Import 2591676:,/CASH/RECEIPT,2,,,,,0,500,Posted
24-09-2024,01.12102.000.0000.000.3706008.00000.000,eHIS,HIS_COLLECTION,3105704 HIS_COLLECTION 3358005YT7JQCWYLTG43,500178652,Journal Import 2591676:,/CASH/RECEIPT,2,,,,,0,1100,Posted
25-09-2024,01.12102.000.0000.000.3706008.00000.000,eHIS,HIS_COLLECTION,3105706 HIS_COLLECTION 3358005YT7JQCWYLTG43,500179302,Journal Import 2599930:,/EFT/RECEIPT,2,,,,,0,800,Posted
24-09-2024,01.12102.000.0000.000.3706008.00000.000,eHIS,HIS_COLLECTION,3105714 HIS_COLLECTION 3358005YT7JQCWYLTG43,500178657,Journal Import 2591676:,/EFT/RECEIPT,2,,,,,0,600,Posted
24-09-2024,01.12102.000.0000.000.3706008.00000.000,eHIS,HIS_COLLECTION,3105716 HIS_COLLECTION 3358005YT7JQCWYLTG43,500179051,Journal Import 2591676:,/CASH/RECEIPT,2,,,,,0,250,Posted
24-09-2024,01.12102.000.0000.000.3706008.00000.000,eHIS,HIS_COLLECTION,3105720 HIS_COLLECTION 3358005YT7JQCWYLTG43,500179063,Journal Import 2591676:,/EFT/RECEIPT,2,,,,,0,1200,Posted
24-09-2024,01.12102.000.0000.000.3706008.00000.000,eHIS,HIS_COLLECTION,3105735 HIS_COLLECTION 3358005YT7JQCWYLTG43,500178729,Journal Import 2591676:,/CASH/RECEIPT,2,,,,,0,1000,Posted
25-09-2024,01.12102.000.0000.000.3706008.00000.000,eHIS,HIS_COLLECTION,3105738 HIS_COLLECTION 3358005YT7JQCWYLTG43,500179300,Journal Import 2599930:,/EFT/RECEIPT,2,,,,,0,720,Posted
24-09-2024,01.12102.000.0000.000.3706008.00000.000,eHIS,HIS_COLLECTION,3105740 HIS_COLLECTION 3358005YT7JQCWYLTG43,500179121,Journal Import 2591676:,/CASH/RECEIPT,2,,,,,0,81,Posted
24-09-2024,01.12102.000.0000.000.3706008.00000.000,eHIS,HIS_COLLECTION,3105742 HIS_COLLECTION 3358005YT7JQCWYLTG43,500178656,Journal Import 2591676:,/CARD/RECEIPT,2,,,,,0,500,Posted
24-09-2024,01.12102.000.0000.000.3706008.00000.000,eHIS,HIS_COLLECTION,3105746 HIS_COLLECTION 3358005YT7JQCWYLTG43,500179098,Journal Import 2591676:,/CASH/RECEIPT,2,,,,,0,2800,Posted
24-09-2024,01.12102.000.0000.000.3706008.00000.000,eHIS,HIS_COLLECTION,3105747 HIS_COLLECTION 3358005YT7JQCWYLTG43,500178586,Journal Import 2591676:,/CARD/RECEIPT,2,,,,,0,10000,Posted
24-09-2024,01.12102.000.0000.000.3706008.00000.000,eHIS,HIS_COLLECTION,3105751 HIS_COLLECTION 3358005YT7JQCWYLTG43,500178964,Journal Import 2591676:,/CARD/RECEIPT,2,,,,,0,1450,Posted
24-09-2024,01.12102.000.0000.000.3706008.00000.000,eHIS,HIS_COLLECTION,3105763 HIS_COLLECTION 3358005YT7JQCWYLTG43,500179014,Journal Import 2591676:,/CASH/RECEIPT,2,,,,,0,150,Posted
24-09-2024,01.12102.000.0000.000.3706008.00000.000,eHIS,HIS_COLLECTION,3105764 HIS_COLLECTION 3358005YT7JQCWYLTG43,500178905,Journal Import 2591676:,/EFT/RECEIPT,2,,,,,0,50,Posted
24-09-2024,01.12102.000.0000.000.3706008.00000.000,eHIS,HIS_COLLECTION,3105768 HIS_COLLECTION 3358005YT7JQCWYLTG43,500178995,Journal Import 2591676:,/CASH/RECEIPT,2,,,,,0,500,Posted
24-09-2024,01.12102.000.0000.000.3706008.00000.000,eHIS,HIS_COLLECTION,3105770 HIS_COLLECTION 3358005YT7JQCWYLTG43,500179171,Journal Import 2591676:,/CASH/RECEIPT,2,,,,,0,1500,Posted
24-09-2024,01.12102.000.0000.000.3706008.00000.000,eHIS,HIS_COLLECTION,3105771 HIS_COLLECTION 3358005YT7JQCWYLTG43,500178575,Journal Import 2591676:,/EFT/RECEIPT,2,,,,,0,600,Posted
24-09-2024,01.12102.000.0000.000.3706008.00000.000,eHIS,HIS_COLLECTION,3105785 HIS_COLLECTION 3358005YT7JQCWYLTG43,500179177,Journal Import 2591676:,/EFT/RECEIPT,2,,,,,0,750,Posted
24-09-2024,01.12102.000.0000.000.3706008.00000.000,eHIS,HIS_COLLECTION,3105787 HIS_COLLECTION 3358005YT7JQCWYLTG43,500179172,Journal Import 2591676:,/CASH/RECEIPT,2,,,,,0,1500,Posted
24-09-2024,01.12102.000.0000.000.3706008.00000.000,eHIS,HIS_COLLECTION,3105788 HIS_COLLECTION 3358005YT7JQCWYLTG43,500178741,Journal Import 2591676:,/EFT/RECEIPT,2,,,,,0,7290,Posted
24-09-2024,01.12102.000.0000.000.3706008.00000.000,eHIS,HIS_COLLECTION,3105795 HIS_COLLECTION 3358005YT7JQCWYLTG43,500178697,Journal Import 2591676:,/EFT/RECEIPT,2,,,,,0,450,Posted
25-09-2024,01.12102.000.0000.000.3706008.00000.000,eHIS,HIS_COLLECTION,3105797 HIS_COLLECTION 3358005YT7JQCWYLTG43,500179299,Journal Import 2599930:,/EFT/RECEIPT,2,,,,,0,350,Posted
24-09-2024,01.12102.000.0000.000.3706008.00000.000,eHIS,HIS_COLLECTION,3105799 HIS_COLLECTION 3358005YT7JQCWYLTG43,500178749,Journal Import 2591676:,/EFT/RECEIPT,2,,,,,0,3500,Posted
24-09-2024,01.12102.000.0000.000.3706008.00000.000,eHIS,HIS_COLLECTION,3105801 HIS_COLLECTION 3358005YT7JQCWYLTG43,500179080,Journal Import 2591676:,/EFT/RECEIPT,2,,,,,0,800,Posted
24-09-2024,01.12102.000.0000.000.3706008.00000.000,eHIS,HIS_COLLECTION,3105812 HIS_COLLECTION 3358005YT7JQCWYLTG43,500178746,Journal Import 2591676:,/EFT/RECEIPT,2,,,,,0,2500,Posted
24-09-2024,01.12102.000.0000.000.3706008.00000.000,eHIS,HIS_COLLECTION,3105824 HIS_COLLECTION 3358005YT7JQCWYLTG43,500178791,Journal Import 2591676:,/EFT/RECEIPT,2,,,,,0,4165,Posted
24-09-2024,01.12102.000.0000.000.3706008.00000.000,eHIS,HIS_COLLECTION,3105833 HIS_COLLECTION 3358005YT7JQCWYLTG43,500179078,Journal Import 2591676:,/CASH/RECEIPT,2,,,,,0,1850,Posted
24-09-2024,01.12102.000.0000.000.3706008.00000.000,eHIS,HIS_COLLECTION,3105845 HIS_COLLECTION 3358005YT7JQCWYLTG43,500178821,Journal Import 2591676:,/EFT/RECEIPT,2,,,,,0,100,Posted
24-09-2024,01.12102.000.0000.000.3706008.00000.000,eHIS,HIS_COLLECTION,3105850 HIS_COLLECTION 3358005YT7JQCWYLTG43,500178909,Journal Import 2591676:,/CARD/RECEIPT,2,,,,,0,1850,Posted
24-09-2024,01.12102.000.0000.000.3706008.00000.000,eHIS,HIS_COLLECTION,3105873 HIS_COLLECTION 3358005YT7JQCWYLTG43,500178578,Journal Import 2591676:,/EFT/RECEIPT,2,,,,,0,650,Posted
24-09-2024,01.12102.000.0000.000.3706008.00000.000,eHIS,HIS_COLLECTION,3105904 HIS_COLLECTION 3358005YT7JQCWYLTG43,500178653,Journal Import 2591676:,/CASH/RECEIPT,2,,,,,0,1100,Posted
24-09-2024,01.12102.000.0000.000.3706008.00000.000,eHIS,HIS_COLLECTION,3105913 HIS_COLLECTION 3358005YT7JQCWYLTG43,500178822,Journal Import 2591676:,/EFT/RECEIPT,2,,,,,0,100,Posted
24-09-2024,01.12102.000.0000.000.3706008.00000.000,eHIS,HIS_COLLECTION,3105921 HIS_COLLECTION 3358005YT7JQCWYLTG43,500178790,Journal Import 2591676:,/EFT/RECEIPT,2,,,,,0,4070,Posted
24-09-2024,01.12102.000.0000.000.3706008.00000.000,eHIS,HIS_COLLECTION,3105925 HIS_COLLECTION 3358005YT7JQCWYLTG43,500179128,Journal Import 2591676:,/CASH/RECEIPT,2,,,,,0,100,Posted
25-09-2024,01.12102.000.0000.000.3706008.00000.000,eHIS,HIS_COLLECTION,3105927 HIS_COLLECTION 3358005YT7JQCWYLTG43,500179645,Journal Import 2591676:,/CASH/RECEIPT,2,,,,,0,100,Posted
25-09-2024,01.12102.000.0000.000.3706008.00000.000,eHIS,HIS_COLLECTION,3105942 HIS_COLLECTION 3358005YT7JQCWYLTG43,500179622,Journal Import 2591676:,/CASH/REFUND,2,,,,,1100,0,Posted
25-09-2024,01.12102.000.0000.000.3706008.00000.000,eHIS,HIS_COLLECTION,3105959 HIS_COLLECTION 3358005YT7JQCWYLTG43,500179343,Journal Import 2591676:,/EFT/RECEIPT,2,,,,,0,500,Posted
25-09-2024,01.12102.000.0000.000.3706008.00000.000,eHIS,HIS_COLLECTION,3105990 HIS_COLLECTION 3358005YT7JQCWYLTG43,500179560,Journal Import 2591676:,/CASH/RECEIPT,2,,,,,0,650,Posted
25-09-2024,01.12102.000.0000.000.3706008.00000.000,eHIS,HIS_COLLECTION,3105994 HIS_COLLECTION 3358005YT7JQCWYLTG43,500179276,Journal Import 2591676:,/EFT/RECEIPT,2,,,,,0,10000,Posted
25-09-2024,01.12102.000.0000.000.3706008.00000.000,eHIS,HIS_COLLECTION,3105995 HIS_COLLECTION 3358005YT7JQCWYLTG43,500179277,Journal Import 2591676:,/DEPOSIT ADJUSTMENT/TRANSFER/RECEIPT,2,,,,,0,10000,Posted
25-09-2024,01.12102.000.0000.000.3706008.00000.000,eHIS,HIS_COLLECTION,3105996 HIS_COLLECTION 3358005YT7JQCWYLTG43,500179308,Journal Import 2600363:,/DEPOSIT ADJUSTMENT/TRANSFER/REFUND,1,,,,,10000,0,Posted
25-09-2024,01.12102.000.0000.000.3706008.00000.000,eHIS,HIS_COLLECTION,3105996 HIS_COLLECTION 3358005YT7JQCWYLTG43,500179308,Journal Import 2600363:,/DEPOSIT ADJUSTMENT/TRANSFER/REFUND,2,,,,,0,10000,Posted
25-09-2024,01.12102.000.0000.000.3706008.00000.000,eHIS,HIS_COLLECTION,3105997 HIS_COLLECTION 3358005YT7JQCWYLTG43,500179468,Journal Import 2591676:,/EFT/RECEIPT,2,,,,,0,2880,Posted
25-09-2024,01.12102.000.0000.000.3706008.00000.000,eHIS,HIS_COLLECTION,3106024 HIS_COLLECTION 3358005YT7JQCWYLTG43,500179563,Journal Import 2591676:,/EFT/RECEIPT,2,,,,,0,100,Posted
25-09-2024,01.12102.000.0000.000.3706008.00000.000,eHIS,HIS_COLLECTION,3106027 HIS_COLLECTION 3358005YT7JQCWYLTG43,500179465,Journal Import 2591676:,/EFT/RECEIPT,2,,,,,0,220,Posted
25-09-2024,01.12102.000.0000.000.3706008.00000.000,eHIS,HIS_COLLECTION,3106033 HIS_COLLECTION 3358005YT7JQCWYLTG43,500179798,Journal Import 2591676:,/CASH/RECEIPT,2,,,,,0,1305,Posted
25-09-2024,01.12102.000.0000.000.3706008.00000.000,eHIS,HIS_COLLECTION,3106039 HIS_COLLECTION 3358005YT7JQCWYLTG43,500179564,Journal Import 2591676:,/EFT/RECEIPT,2,,,,,0,100,Posted
25-09-2024,01.12102.000.0000.000.3706008.00000.000,eHIS,HIS_COLLECTION,3106056 HIS_COLLECTION 3358005YT7JQCWYLTG43,500179352,Journal Import 2591676:,/EFT/RECEIPT,2,,,,,0,8600,Posted
26-09-2024,01.12102.000.0000.000.3706008.00000.000,eHIS,HIS_COLLECTION,3106060 HIS_COLLECTION 3358005YT7JQCWYLTG43,500179903,Journal Import 2599930:,/EFT/RECEIPT,2,,,,,0,3560,Posted
25-09-2024,01.12102.000.0000.000.3706008.00000.000,eHIS,HIS_COLLECTION,3106070 HIS_COLLECTION 3358005YT7JQCWYLTG43,500179708,Journal Import 2591676:,/CASH/RECEIPT,2,,,,,0,1,Posted
25-09-2024,01.12102.000.0000.000.3706008.00000.000,eHIS,HIS_COLLECTION,3106071 HIS_COLLECTION 3358005YT7JQCWYLTG43,500179470,Journal Import 2591676:,/CARD/RECEIPT,2,,,,,0,3499,Posted
25-09-2024,01.12102.000.0000.000.3706008.00000.000,eHIS,HIS_COLLECTION,3106081 HIS_COLLECTION 3358005YT7JQCWYLTG43,500179562,Journal Import 2591676:,/CASH/RECEIPT,2,,,,,0,700,Posted
25-09-2024,01.12102.000.0000.000.3706008.00000.000,eHIS,HIS_COLLECTION,3106083 HIS_COLLECTION 3358005YT7JQCWYLTG43,500179378,Journal Import 2591676:,/EFT/RECEIPT,2,,,,,0,4150,Posted
25-09-2024,01.12102.000.0000.000.3706008.00000.000,eHIS,HIS_COLLECTION,3106087 HIS_COLLECTION 3358005YT7JQCWYLTG43,500179271,Journal Import 2591676:,/EFT/RECEIPT,2,,,,,0,650,Posted
25-09-2024,01.12102.000.0000.000.3706008.00000.000,eHIS,HIS_COLLECTION,3106093 HIS_COLLECTION 3358005YT7JQCWYLTG43,500179375,Journal Import 2591676:,/CARD/RECEIPT,2,,,,,0,3975,Posted
25-09-2024,01.12102.000.0000.000.3706008.00000.000,eHIS,HIS_COLLECTION,3106097 HIS_COLLECTION 3358005YT7JQCWYLTG43,500179376,Journal Import 2591676:,/CARD/RECEIPT,2,,,,,0,3975,Posted
25-09-2024,01.12102.000.0000.000.3706008.00000.000,eHIS,HIS_COLLECTION,3106102 HIS_COLLECTION 3358005YT7JQCWYLTG43,500179377,Journal Import 2591676:,/CARD/RECEIPT,2,,,,,0,3975,Posted
25-09-2024,01.12102.000.0000.000.3706008.00000.000,eHIS,HIS_COLLECTION,3106108 HIS_COLLECTION 3358005YT7JQCWYLTG43,500179657,Journal Import 2591676:,/EFT/RECEIPT,2,,,,,0,1100,Posted
25-09-2024,01.12102.000.0000.000.3706008.00000.000,eHIS,HIS_COLLECTION,3106110 HIS_COLLECTION 3358005YT7JQCWYLTG43,500179736,Journal Import 2591676:,/CASH/RECEIPT,2,,,,,0,3500,Posted
25-09-2024,01.12102.000.0000.000.3706008.00000.000,eHIS,HIS_COLLECTION,3106118 HIS_COLLECTION 3358005YT7JQCWYLTG43,500179737,Journal Import 2591676:,/CASH/RECEIPT,2,,,,,0,3500,Posted
25-09-2024,01.12102.000.0000.000.3706008.00000.000,eHIS,HIS_COLLECTION,3106122 HIS_COLLECTION 3358005YT7JQCWYLTG43,500179430,Journal Import 2591676:,/CARD/RECEIPT,2,,,,,0,5100,Posted
25-09-2024,01.12102.000.0000.000.3706008.00000.000,eHIS,HIS_COLLECTION,3106127 HIS_COLLECTION 3358005YT7JQCWYLTG43,500179738,Journal Import 2591676:,/CASH/RECEIPT,2,,,,,0,3500,Posted
25-09-2024,01.12102.000.0000.000.3706008.00000.000,eHIS,HIS_COLLECTION,3106144 HIS_COLLECTION 3358005YT7JQCWYLTG43,500179342,Journal Import 2591676:,/CASH/RECEIPT,2,,,,,0,1100,Posted
25-09-2024,01.12102.000.0000.000.3706008.00000.000,eHIS,HIS_COLLECTION,3106146 HIS_COLLECTION 3358005YT7JQCWYLTG43,500179341,Journal Import 2591676:,/CASH/RECEIPT,2,,,,,0,1050,Posted
25-09-2024,01.12102.000.0000.000.3706008.00000.000,eHIS,HIS_COLLECTION,3106149 HIS_COLLECTION 3358005YT7JQCWYLTG43,500179379,Journal Import 2591676:,/EFT/RECEIPT,2,,,,,0,4500,Posted
25-09-2024,01.12102.000.0000.000.3706008.00000.000,eHIS,HIS_COLLECTION,3106151 HIS_COLLECTION 3358005YT7JQCWYLTG43,500179714,Journal Import 2591676:,/EFT/RECEIPT,2,,,,,0,900,Posted
25-09-2024,01.12102.000.0000.000.3706008.00000.000,eHIS,HIS_COLLECTION,3106155 HIS_COLLECTION 3358005YT7JQCWYLTG43,500179427,Journal Import 2591676:,/CASH/RECEIPT,2,,,,,0,1000,Posted
25-09-2024,01.12102.000.0000.000.3706008.00000.000,eHIS,HIS_COLLECTION,3106156 HIS_COLLECTION 3358005YT7JQCWYLTG43,500179467,Journal Import 2591676:,/EFT/RECEIPT,2,,,,,0,250,Posted
26-09-2024,01.12102.000.0000.000.3706008.00000.000,eHIS,HIS_COLLECTION,3106179 HIS_COLLECTION 3358005YT7JQCWYLTG43,500179904,Journal Import 2599930:,/EFT/RECEIPT,2,,,,,0,14529,Posted
25-09-2024,01.12102.000.0000.000.3706008.00000.000,eHIS,HIS_COLLECTION,3106183 HIS_COLLECTION 3358005YT7JQCWYLTG43,500179811,Journal Import 2591676:,/CASH/RECEIPT,2,,,,,0,1700,Posted
25-09-2024,01.12102.000.0000.000.3706008.00000.000,eHIS,HIS_COLLECTION,3106189 HIS_COLLECTION 3358005YT7JQCWYLTG43,500179612,Journal Import 2591676:,/CASH/RECEIPT,2,,,,,0,500,Posted
25-09-2024,01.12102.000.0000.000.3706008.00000.000,eHIS,HIS_COLLECTION,3106191 HIS_COLLECTION 3358005YT7JQCWYLTG43,500179428,Journal Import 2591676:,/CASH/RECEIPT,2,,,,,0,1000,Posted
25-09-2024,01.12102.000.0000.000.3706008.00000.000,eHIS,HIS_COLLECTION,3106204 HIS_COLLECTION 3358005YT7JQCWYLTG43,500179263,Journal Import 2591676:,/CASH/RECEIPT,2,,,,,0,1100,Posted
25-09-2024,01.12102.000.0000.000.3706008.00000.000,eHIS,HIS_COLLECTION,3106206 HIS_COLLECTION 3358005YT7JQCWYLTG43,500179429,Journal Import 2591676:,/CASH/RECEIPT,2,,,,,0,1000,Posted
25-09-2024,01.12102.000.0000.000.3706008.00000.000,eHIS,HIS_COLLECTION,3106226 HIS_COLLECTION 3358005YT7JQCWYLTG43,500179613,Journal Import 2591676:,/CASH/RECEIPT,2,,,,,0,500,Posted
25-09-2024,01.12102.000.0000.000.3706008.00000.000,eHIS,HIS_COLLECTION,3106255 HIS_COLLECTION 3358005YT7JQCWYLTG43,500179817,Journal Import 2591676:,/EFT/RECEIPT,2,,,,,0,800,Posted
25-09-2024,01.12102.000.0000.000.3706008.00000.000,eHIS,HIS_COLLECTION,3106259 HIS_COLLECTION 3358005YT7JQCWYLTG43,500179405,Journal Import 2591676:,/CASH/RECEIPT,2,,,,,0,900,Posted
25-09-2024,01.12102.000.0000.000.3706008.00000.000,eHIS,HIS_COLLECTION,3106267 HIS_COLLECTION 3358005YT7JQCWYLTG43,500179493,Journal Import 2591676:,/CASH/RECEIPT,2,,,,,0,800,Posted
25-09-2024,01.12102.000.0000.000.3706008.00000.000,eHIS,HIS_COLLECTION,3106281 HIS_COLLECTION 3358005YT7JQCWYLTG43,500179374,Journal Import 2591676:,/EFT/RECEIPT,2,,,,,0,400,Posted
25-09-2024,01.12102.000.0000.000.3706008.00000.000,eHIS,HIS_COLLECTION,3106285 HIS_COLLECTION 3358005YT7JQCWYLTG43,500179744,Journal Import 2591676:,/EFT/RECEIPT,2,,,,,0,1000,Posted
25-09-2024,01.12102.000.0000.000.3706008.00000.000,eHIS,HIS_COLLECTION,3106296 HIS_COLLECTION 3358005YT7JQCWYLTG43,500179712,Journal Import 2591676:,/CASH/RECEIPT,2,,,,,0,3050,Posted
25-09-2024,01.12102.000.0000.000.3706008.00000.000,eHIS,HIS_COLLECTION,3106306 HIS_COLLECTION 3358005YT7JQCWYLTG43,500179494,Journal Import 2591676:,/CASH/RECEIPT,2,,,,,0,800,Posted
25-09-2024,01.12102.000.0000.000.3706008.00000.000,eHIS,HIS_COLLECTION,3106323 HIS_COLLECTION 3358005YT7JQCWYLTG43,500179812,Journal Import 2591676:,/CASH/RECEIPT,2,,,,,0,1850,Posted
25-09-2024,01.12102.000.0000.000.3706008.00000.000,eHIS,HIS_COLLECTION,3106339 HIS_COLLECTION 3358005YT7JQCWYLTG43,500179406,Journal Import 2591676:,/CASH/RECEIPT,2,,,,,0,900,Posted
25-09-2024,01.12102.000.0000.000.3706008.00000.000,eHIS,HIS_COLLECTION,3106343 HIS_COLLECTION 3358005YT7JQCWYLTG43,500179614,Journal Import 2591676:,/CASH/RECEIPT,2,,,,,0,500,Posted
25-09-2024,01.12102.000.0000.000.3706008.00000.000,eHIS,HIS_COLLECTION,3106384 HIS_COLLECTION 3358005YT7JQCWYLTG43,500179495,Journal Import 2591676:,/CASH/RECEIPT,2,,,,,0,800,Posted
25-09-2024,01.12102.000.0000.000.3706008.00000.000,eHIS,HIS_COLLECTION,3106404 HIS_COLLECTION 3358005YT7JQCWYLTG43,500179745,Journal Import 2591676:,/CARD/RECEIPT,2,,,,,0,1000,Posted
25-09-2024,01.12102.000.0000.000.3706008.00000.000,eHIS,HIS_COLLECTION,3106408 HIS_COLLECTION 3358005YT7JQCWYLTG43,500179265,Journal Import 2591676:,/CASH/RECEIPT,2,,,,,0,1200,Posted
25-09-2024,01.12102.000.0000.000.3706008.00000.000,eHIS,HIS_COLLECTION,3106412 HIS_COLLECTION 3358005YT7JQCWYLTG43,500179344,Journal Import 2591676:,/CARD/RECEIPT,2,,,,,0,500,Posted
25-09-2024,01.12102.000.0000.000.3706008.00000.000,eHIS,HIS_COLLECTION,3106416 HIS_COLLECTION 3358005YT7JQCWYLTG43,500179799,Journal Import 2591676:,/EFT/RECEIPT,2,,,,,0,750,Posted
25-09-2024,01.12102.000.0000.000.3706008.00000.000,eHIS,HIS_COLLECTION,3106424 HIS_COLLECTION 3358005YT7JQCWYLTG43,500179345,Journal Import 2591676:,/EFT/RECEIPT,2,,,,,0,500,Posted
25-09-2024,01.12102.000.0000.000.3706008.00000.000,eHIS,HIS_COLLECTION,3106426 HIS_COLLECTION 3358005YT7JQCWYLTG43,500179746,Journal Import 2591676:,/CARD/RECEIPT,2,,,,,0,1000,Posted
25-09-2024,01.12102.000.0000.000.3706008.00000.000,eHIS,HIS_COLLECTION,3106445 HIS_COLLECTION 3358005YT7JQCWYLTG43,500179658,Journal Import 2591676:,/CARD/RECEIPT,2,,,,,0,1100,Posted
25-09-2024,01.12102.000.0000.000.3706008.00000.000,eHIS,HIS_COLLECTION,3106455 HIS_COLLECTION 3358005YT7JQCWYLTG43,500179680,Journal Import 2591676:,/CARD/RECEIPT,2,,,,,0,1100,Posted
25-09-2024,01.12102.000.0000.000.3706008.00000.000,eHIS,HIS_COLLECTION,3106457 HIS_COLLECTION 3358005YT7JQCWYLTG43,500179681,Journal Import 2591676:,/CARD/RECEIPT,2,,,,,0,1100,Posted
25-09-2024,01.12102.000.0000.000.3706008.00000.000,eHIS,HIS_COLLECTION,3106459 HIS_COLLECTION 3358005YT7JQCWYLTG43,500179615,Journal Import 2591676:,/CASH/RECEIPT,2,,,,,0,500,Posted
25-09-2024,01.12102.000.0000.000.3706008.00000.000,eHIS,HIS_COLLECTION,3106473 HIS_COLLECTION 3358005YT7JQCWYLTG43,500179804,Journal Import 2591676:,/EFT/RECEIPT,2,,,,,0,15510,Posted
25-09-2024,01.12102.000.0000.000.3706008.00000.000,eHIS,HIS_COLLECTION,3106485 HIS_COLLECTION 3358005YT7JQCWYLTG43,500179747,Journal Import 2591676:,/CARD/RECEIPT,2,,,,,0,1000,Posted
25-09-2024,01.12102.000.0000.000.3706008.00000.000,eHIS,HIS_COLLECTION,3106489 HIS_COLLECTION 3358005YT7JQCWYLTG43,500179496,Journal Import 2591676:,/CASH/RECEIPT,2,,,,,0,800,Posted
25-09-2024,01.12102.000.0000.000.3706008.00000.000,eHIS,HIS_COLLECTION,3106500 HIS_COLLECTION 3358005YT7JQCWYLTG43,500179434,Journal Import 2591676:,/EFT/RECEIPT,2,,,,,0,8030,Posted
25-09-2024,01.12102.000.0000.000.3706008.00000.000,eHIS,HIS_COLLECTION,3106508 HIS_COLLECTION 3358005YT7JQCWYLTG43,500179715,Journal Import 2591676:,/CARD/RECEIPT,2,,,,,0,900,Posted
25-09-2024,01.12102.000.0000.000.3706008.00000.000,eHIS,HIS_COLLECTION,3106510 HIS_COLLECTION 3358005YT7JQCWYLTG43,500179338,Journal Import 2591676:,/CASH/RECEIPT,2,,,,,0,1000,Posted
25-09-2024,01.12102.000.0000.000.3706008.00000.000,eHIS,HIS_COLLECTION,3106512 HIS_COLLECTION 3358005YT7JQCWYLTG43,500179346,Journal Import 2591676:,/CARD/RECEIPT,2,,,,,0,500,Posted
25-09-2024,01.12102.000.0000.000.3706008.00000.000,eHIS,HIS_COLLECTION,3106519 HIS_COLLECTION 3358005YT7JQCWYLTG43,500179646,Journal Import 2591676:,/CASH/RECEIPT,2,,,,,0,100,Posted
25-09-2024,01.12102.000.0000.000.3706008.00000.000,eHIS,HIS_COLLECTION,3106525 HIS_COLLECTION 3358005YT7JQCWYLTG43,500179716,Journal Import 2591676:,/CARD/RECEIPT,2,,,,,0,900,Posted
25-09-2024,01.12102.000.0000.000.3706008.00000.000,eHIS,HIS_COLLECTION,3106530 HIS_COLLECTION 3358005YT7JQCWYLTG43,500179264,Journal Import 2591676:,/CASH/RECEIPT,2,,,,,0,1100,Posted
25-09-2024,01.12102.000.0000.000.3706008.00000.000,eHIS,HIS_COLLECTION,3106532 HIS_COLLECTION 3358005YT7JQCWYLTG43,500179273,Journal Import 2591676:,/EFT/RECEIPT,2,,,,,0,700,Posted
25-09-2024,01.12102.000.0000.000.3706008.00000.000,eHIS,HIS_COLLECTION,3106539 HIS_COLLECTION 3358005YT7JQCWYLTG43,500179439,Journal Import 2591676:,/EFT/RECEIPT,2,,,,,0,180,Posted
25-09-2024,01.12102.000.0000.000.3706008.00000.000,eHIS,HIS_COLLECTION,3106542 HIS_COLLECTION 3358005YT7JQCWYLTG43,500179347,Journal Import 2591676:,/EFT/RECEIPT,2,,,,,0,500,Posted
25-09-2024,01.12102.000.0000.000.3706008.00000.000,eHIS,HIS_COLLECTION,3106553 HIS_COLLECTION 3358005YT7JQCWYLTG43,500179739,Journal Import 2591676:,/CASH/RECEIPT,2,,,,,0,3500,Posted
25-09-2024,01.12102.000.0000.000.3706008.00000.000,eHIS,HIS_COLLECTION,3106581 HIS_COLLECTION 3358005YT7JQCWYLTG43,500179431,Journal Import 2591676:,/CARD/RECEIPT,2,,,,,0,5200,Posted
25-09-2024,01.12102.000.0000.000.3706008.00000.000,eHIS,HIS_COLLECTION,3106596 HIS_COLLECTION 3358005YT7JQCWYLTG43,500179616,Journal Import 2591676:,/CASH/RECEIPT,2,,,,,0,500,Posted
25-09-2024,01.12102.000.0000.000.3706008.00000.000,eHIS,HIS_COLLECTION,3106630 HIS_COLLECTION 3358005YT7JQCWYLTG43,500179748,Journal Import 2591676:,/EFT/RECEIPT,2,,,,,0,1000,Posted
25-09-2024,01.12102.000.0000.000.3706008.00000.000,eHIS,HIS_COLLECTION,3106632 HIS_COLLECTION 3358005YT7JQCWYLTG43,500179440,Journal Import 2591676:,/EFT/RECEIPT,2,,,,,0,2000,Posted
25-09-2024,01.12102.000.0000.000.3706008.00000.000,eHIS,HIS_COLLECTION,3106647 HIS_COLLECTION 3358005YT7JQCWYLTG43,500179813,Journal Import 2591676:,/CASH/RECEIPT,2,,,,,0,1850,Posted
25-09-2024,01.12102.000.0000.000.3706008.00000.000,eHIS,HIS_COLLECTION,3106665 HIS_COLLECTION 3358005YT7JQCWYLTG43,500179802,Journal Import 2591676:,/EFT/RECEIPT,2,,,,,0,14168,Posted
25-09-2024,01.12102.000.0000.000.3706008.00000.000,eHIS,HIS_COLLECTION,3106675 HIS_COLLECTION 3358005YT7JQCWYLTG43,500179818,Journal Import 2591676:,/EFT/RECEIPT,2,,,,,0,800,Posted
25-09-2024,01.12102.000.0000.000.3706008.00000.000,eHIS,HIS_COLLECTION,3106687 HIS_COLLECTION 3358005YT7JQCWYLTG43,500179682,Journal Import 2591676:,/CARD/RECEIPT,2,,,,,0,1200,Posted
25-09-2024,01.12102.000.0000.000.3706008.00000.000,eHIS,HIS_COLLECTION,3106735 HIS_COLLECTION 3358005YT7JQCWYLTG43,500179528,Journal Import 2591676:,/CARD/RECEIPT,2,,,,,0,1850,Posted
25-09-2024,01.12102.000.0000.000.3706008.00000.000,eHIS,HIS_COLLECTION,3106749 HIS_COLLECTION 3358005YT7JQCWYLTG43,500179675,Journal Import 2591676:,/CASH/RECEIPT,2,,,,,0,8150,Posted
25-09-2024,01.12102.000.0000.000.3706008.00000.000,eHIS,HIS_COLLECTION,3106761 HIS_COLLECTION 3358005YT7JQCWYLTG43,500179348,Journal Import 2591676:,/CARD/RECEIPT,2,,,,,0,500,Posted
25-09-2024,01.12102.000.0000.000.3706008.00000.000,eHIS,HIS_COLLECTION,3106771 HIS_COLLECTION 3358005YT7JQCWYLTG43,500179803,Journal Import 2591676:,/CARD/RECEIPT,2,,,,,0,14900,Posted
25-09-2024,01.12102.000.0000.000.3706008.00000.000,eHIS,HIS_COLLECTION,3106783 HIS_COLLECTION 3358005YT7JQCWYLTG43,500179529,Journal Import 2591676:,/CARD/RECEIPT,2,,,,,0,1850,Posted
25-09-2024,01.12102.000.0000.000.3706008.00000.000,eHIS,HIS_COLLECTION,3106787 HIS_COLLECTION 3358005YT7JQCWYLTG43,500179339,Journal Import 2591676:,/CASH/RECEIPT,2,,,,,0,1000,Posted
25-09-2024,01.12102.000.0000.000.3706008.00000.000,eHIS,HIS_COLLECTION,3106793 HIS_COLLECTION 3358005YT7JQCWYLTG43,500179497,Journal Import 2591676:,/CASH/RECEIPT,2,,,,,0,800,Posted
25-09-2024,01.12102.000.0000.000.3706008.00000.000,eHIS,HIS_COLLECTION,3106818 HIS_COLLECTION 3358005YT7JQCWYLTG43,500179561,Journal Import 2591676:,/CASH/RECEIPT,2,,,,,0,650,Posted
25-09-2024,01.12102.000.0000.000.3706008.00000.000,eHIS,HIS_COLLECTION,3106841 HIS_COLLECTION 3358005YT7JQCWYLTG43,500179617,Journal Import 2591676:,/CASH/RECEIPT,2,,,,,0,500,Posted
25-09-2024,01.12102.000.0000.000.3706008.00000.000,eHIS,HIS_COLLECTION,3106846 HIS_COLLECTION 3358005YT7JQCWYLTG43,500179349,Journal Import 2591676:,/EFT/RECEIPT,2,,,,,0,500,Posted
25-09-2024,01.12102.000.0000.000.3706008.00000.000,eHIS,HIS_COLLECTION,3106847 HIS_COLLECTION 3358005YT7JQCWYLTG43,500179618,Journal Import 2591676:,/CASH/RECEIPT,2,,,,,0,500,Posted
25-09-2024,01.12102.000.0000.000.3706008.00000.000,eHIS,HIS_COLLECTION,3106851 HIS_COLLECTION 3358005YT7JQCWYLTG43,500179500,Journal Import 2591676:,/EFT/RECEIPT,2,,,,,0,300,Posted
25-09-2024,01.12102.000.0000.000.3706008.00000.000,eHIS,HIS_COLLECTION,3106856 HIS_COLLECTION 3358005YT7JQCWYLTG43,500179819,Journal Import 2591676:,/DEPOSIT ADJUSTMENT/TRANSFER/RECEIPT,2,,,,,0,800,Posted
26-09-2024,01.12102.000.0000.000.3706008.00000.000,eHIS,HIS_COLLECTION,3106857 HIS_COLLECTION 3358005YT7JQCWYLTG43,500179907,Journal Import 2600363:,/DEPOSIT ADJUSTMENT/TRANSFER/REFUND,1,,,,,800,0,Posted
26-09-2024,01.12102.000.0000.000.3706008.00000.000,eHIS,HIS_COLLECTION,3106857 HIS_COLLECTION 3358005YT7JQCWYLTG43,500179907,Journal Import 2600363:,/DEPOSIT ADJUSTMENT/TRANSFER/REFUND,2,,,,,0,800,Posted
25-09-2024,01.12102.000.0000.000.3706008.00000.000,eHIS,HIS_COLLECTION,3106870 HIS_COLLECTION 3358005YT7JQCWYLTG43,500179407,Journal Import 2591676:,/EFT/RECEIPT,2,,,,,0,410,Posted
25-09-2024,01.12102.000.0000.000.3706008.00000.000,eHIS,HIS_COLLECTION,3106878 HIS_COLLECTION 3358005YT7JQCWYLTG43,500179350,Journal Import 2591676:,/EFT/RECEIPT,2,,,,,0,500,Posted
25-09-2024,01.12102.000.0000.000.3706008.00000.000,eHIS,HIS_COLLECTION,3106883 HIS_COLLECTION 3358005YT7JQCWYLTG43,500179717,Journal Import 2591676:,/EFT/RECEIPT,2,,,,,0,900,Posted
25-09-2024,01.12102.000.0000.000.3706008.00000.000,eHIS,HIS_COLLECTION,3106885 HIS_COLLECTION 3358005YT7JQCWYLTG43,500179749,Journal Import 2591676:,/EFT/RECEIPT,2,,,,,0,1000,Posted
25-09-2024,01.12102.000.0000.000.3706008.00000.000,eHIS,HIS_COLLECTION,3106900 HIS_COLLECTION 3358005YT7JQCWYLTG43,500179498,Journal Import 2591676:,/CASH/RECEIPT,2,,,,,0,800,Posted
25-09-2024,01.12102.000.0000.000.3706008.00000.000,eHIS,HIS_COLLECTION,3106906 HIS_COLLECTION 3358005YT7JQCWYLTG43,500179650,Journal Import 2591676:,/CASH/RECEIPT,2,,,,,0,4365,Posted
25-09-2024,01.12102.000.0000.000.3706008.00000.000,eHIS,HIS_COLLECTION,3106947 HIS_COLLECTION 3358005YT7JQCWYLTG43,500179266,Journal Import 2591676:,/CASH/RECEIPT,2,,,,,0,1200,Posted
25-09-2024,01.12102.000.0000.000.3706008.00000.000,eHIS,HIS_COLLECTION,3106958 HIS_COLLECTION 3358005YT7JQCWYLTG43,500179750,Journal Import 2591676:,/EFT/RECEIPT,2,,,,,0,1000,Posted
25-09-2024,01.12102.000.0000.000.3706008.00000.000,eHIS,HIS_COLLECTION,3106966 HIS_COLLECTION 3358005YT7JQCWYLTG43,500179648,Journal Import 2591676:,/CASH/RECEIPT,2,,,,,0,200,Posted
25-09-2024,01.12102.000.0000.000.3706008.00000.000,eHIS,HIS_COLLECTION,3106970 HIS_COLLECTION 3358005YT7JQCWYLTG43,500179820,Journal Import 2591676:,/CARD/RECEIPT,2,,,,,0,800,Posted
25-09-2024,01.12102.000.0000.000.3706008.00000.000,eHIS,HIS_COLLECTION,3106974 HIS_COLLECTION 3358005YT7JQCWYLTG43,500179437,Journal Import 2591676:,/EFT/RECEIPT,2,,,,,0,100,Posted
25-09-2024,01.12102.000.0000.000.3706008.00000.000,eHIS,HIS_COLLECTION,3106976 HIS_COLLECTION 3358005YT7JQCWYLTG43,500179619,Journal Import 2591676:,/CASH/RECEIPT,2,,,,,0,500,Posted
25-09-2024,01.12102.000.0000.000.3706008.00000.000,eHIS,HIS_COLLECTION,3106994 HIS_COLLECTION 3358005YT7JQCWYLTG43,500179589,Journal Import 2591676:,/EFT/RECEIPT,2,,,,,0,1300,Posted
25-09-2024,01.12102.000.0000.000.3706008.00000.000,eHIS,HIS_COLLECTION,3107016 HIS_COLLECTION 3358005YT7JQCWYLTG43,500179590,Journal Import 2591676:,/CARD/RECEIPT,2,,,,,0,1300,Posted
25-09-2024,01.12102.000.0000.000.3706008.00000.000,eHIS,HIS_COLLECTION,3107018 HIS_COLLECTION 3358005YT7JQCWYLTG43,500179432,Journal Import 2591676:,/EFT/RECEIPT,2,,,,,0,5700,Posted
25-09-2024,01.12102.000.0000.000.3706008.00000.000,eHIS,HIS_COLLECTION,3107034 HIS_COLLECTION 3358005YT7JQCWYLTG43,500179620,Journal Import 2591676:,/CASH/RECEIPT,2,,,,,0,500,Posted
25-09-2024,01.12102.000.0000.000.3706008.00000.000,eHIS,HIS_COLLECTION,3107038 HIS_COLLECTION 3358005YT7JQCWYLTG43,500179340,Journal Import 2591676:,/CASH/RECEIPT,2,,,,,0,1000,Posted
25-09-2024,01.12102.000.0000.000.3706008.00000.000,eHIS,HIS_COLLECTION,3107059 HIS_COLLECTION 3358005YT7JQCWYLTG43,500179651,Journal Import 2591676:,/CASH/RECEIPT,2,,,,,0,4800,Posted
25-09-2024,01.12102.000.0000.000.3706008.00000.000,eHIS,HIS_COLLECTION,3107065 HIS_COLLECTION 3358005YT7JQCWYLTG43,500179628,Journal Import 2591676:,/EFT/RECEIPT,2,,,,,0,1800,Posted
25-09-2024,01.12102.000.0000.000.3706008.00000.000,eHIS,HIS_COLLECTION,3107067 HIS_COLLECTION 3358005YT7JQCWYLTG43,500179353,Journal Import 2591676:,/EFT/RECEIPT,2,,,,,0,9600,Posted
25-09-2024,01.12102.000.0000.000.3706008.00000.000,eHIS,HIS_COLLECTION,3107069 HIS_COLLECTION 3358005YT7JQCWYLTG43,500179683,Journal Import 2591676:,/EFT/RECEIPT,2,,,,,0,1200,Posted
25-09-2024,01.12102.000.0000.000.3706008.00000.000,eHIS,HIS_COLLECTION,3107071 HIS_COLLECTION 3358005YT7JQCWYLTG43,500179433,Journal Import 2591676:,/EFT/RECEIPT,2,,,,,0,6000,Posted
25-09-2024,01.12102.000.0000.000.3706008.00000.000,eHIS,HIS_COLLECTION,3107076 HIS_COLLECTION 3358005YT7JQCWYLTG43,500179800,Journal Import 2591676:,/EFT/RECEIPT,2,,,,,0,750,Posted
25-09-2024,01.12102.000.0000.000.3706008.00000.000,eHIS,HIS_COLLECTION,3107081 HIS_COLLECTION 3358005YT7JQCWYLTG43,500179814,Journal Import 2591676:,/CASH/RECEIPT,2,,,,,0,1850,Posted
25-09-2024,01.12102.000.0000.000.3706008.00000.000,eHIS,HIS_COLLECTION,3107094 HIS_COLLECTION 3358005YT7JQCWYLTG43,500179711,Journal Import 2591676:,/CASH/RECEIPT,2,,,,,0,3000,Posted
25-09-2024,01.12102.000.0000.000.3706008.00000.000,eHIS,HIS_COLLECTION,3107095 HIS_COLLECTION 3358005YT7JQCWYLTG43,500179408,Journal Import 2591676:,/EFT/RECEIPT,2,,,,,0,410,Posted
25-09-2024,01.12102.000.0000.000.3706008.00000.000,eHIS,HIS_COLLECTION,3107105 HIS_COLLECTION 3358005YT7JQCWYLTG43,500179530,Journal Import 2591676:,/EFT/RECEIPT,2,,,,,0,1850,Posted
25-09-2024,01.12102.000.0000.000.3706008.00000.000,eHIS,HIS_COLLECTION,3107111 HIS_COLLECTION 3358005YT7JQCWYLTG43,500179441,Journal Import 2591676:,/EFT/RECEIPT,2,,,,,0,2000,Posted
25-09-2024,01.12102.000.0000.000.3706008.00000.000,eHIS,HIS_COLLECTION,3107116 HIS_COLLECTION 3358005YT7JQCWYLTG43,500179272,Journal Import 2591676:,/EFT/RECEIPT,2,,,,,0,650,Posted
25-09-2024,01.12102.000.0000.000.3706008.00000.000,eHIS,HIS_COLLECTION,3107131 HIS_COLLECTION 3358005YT7JQCWYLTG43,500179621,Journal Import 2591676:,/CASH/RECEIPT,2,,,,,0,500,Posted
25-09-2024,01.12102.000.0000.000.3706008.00000.000,eHIS,HIS_COLLECTION,3107133 HIS_COLLECTION 3358005YT7JQCWYLTG43,500179674,Journal Import 2591676:,/CASH/RECEIPT,2,,,,,0,250,Posted
25-09-2024,01.12102.000.0000.000.3706008.00000.000,eHIS,HIS_COLLECTION,3107137 HIS_COLLECTION 3358005YT7JQCWYLTG43,500179740,Journal Import 2591676:,/CASH/RECEIPT,2,,,,,0,3500,Posted
25-09-2024,01.12102.000.0000.000.3706008.00000.000,eHIS,HIS_COLLECTION,3107155 HIS_COLLECTION 3358005YT7JQCWYLTG43,500179649,Journal Import 2591676:,/CASH/RECEIPT,2,,,,,0,200,Posted
25-09-2024,01.12102.000.0000.000.3706008.00000.000,eHIS,HIS_COLLECTION,3107171 HIS_COLLECTION 3358005YT7JQCWYLTG43,500179751,Journal Import 2591676:,/EFT/RECEIPT,2,,,,,0,1000,Posted
25-09-2024,01.12102.000.0000.000.3706008.00000.000,eHIS,HIS_COLLECTION,3107179 HIS_COLLECTION 3358005YT7JQCWYLTG43,500179801,Journal Import 2591676:,/EFT/RECEIPT,2,,,,,0,750,Posted
25-09-2024,01.12102.000.0000.000.3706008.00000.000,eHIS,HIS_COLLECTION,3107188 HIS_COLLECTION 3358005YT7JQCWYLTG43,500179526,Journal Import 2591676:,/CASH/RECEIPT,2,,,,,0,600,Posted
25-09-2024,01.12102.000.0000.000.3706008.00000.000,eHIS,HIS_COLLECTION,3107193 HIS_COLLECTION 3358005YT7JQCWYLTG43,500179559,Journal Import 2591676:,/CASH/RECEIPT,2,,,,,0,600,Posted
25-09-2024,01.12102.000.0000.000.3706008.00000.000,eHIS,HIS_COLLECTION,3107198 HIS_COLLECTION 3358005YT7JQCWYLTG43,500179654,Journal Import 2591676:,/EFT/RECEIPT,2,,,,,0,1000,Posted
25-09-2024,01.12102.000.0000.000.3706008.00000.000,eHIS,HIS_COLLECTION,3107210 HIS_COLLECTION 3358005YT7JQCWYLTG43,500179718,Journal Import 2591676:,/EFT/RECEIPT,2,,,,,0,900,Posted
25-09-2024,01.12102.000.0000.000.3706008.00000.000,eHIS,HIS_COLLECTION,3107212 HIS_COLLECTION 3358005YT7JQCWYLTG43,500179351,Journal Import 2591676:,/EFT/RECEIPT,2,,,,,0,500,Posted
25-09-2024,01.12102.000.0000.000.3706008.00000.000,eHIS,HIS_COLLECTION,3107216 HIS_COLLECTION 3358005YT7JQCWYLTG43,500179655,Journal Import 2591676:,/CARD/RECEIPT,2,,,,,0,1000,Posted
25-09-2024,01.12102.000.0000.000.3706008.00000.000,eHIS,HIS_COLLECTION,3107223 HIS_COLLECTION 3358005YT7JQCWYLTG43,500179531,Journal Import 2591676:,/EFT/RECEIPT,2,,,,,0,1850,Posted
25-09-2024,01.12102.000.0000.000.3706008.00000.000,eHIS,HIS_COLLECTION,3107228 HIS_COLLECTION 3358005YT7JQCWYLTG43,500179532,Journal Import 2591676:,/EFT/RECEIPT,2,,,,,0,1850,Posted
25-09-2024,01.12102.000.0000.000.3706008.00000.000,eHIS,HIS_COLLECTION,3107233 HIS_COLLECTION 3358005YT7JQCWYLTG43,500179656,Journal Import 2591676:,/EFT/RECEIPT,2,,,,,0,1000,Posted
25-09-2024,01.12102.000.0000.000.3706008.00000.000,eHIS,HIS_COLLECTION,3107251 HIS_COLLECTION 3358005YT7JQCWYLTG43,500179442,Journal Import 2591676:,/EFT/RECEIPT,2,,,,,0,2100,Posted
25-09-2024,01.12102.000.0000.000.3706008.00000.000,eHIS,HIS_COLLECTION,3107257 HIS_COLLECTION 3358005YT7JQCWYLTG43,500179267,Journal Import 2591676:,/CASH/RECEIPT,2,,,,,0,1200,Posted
25-09-2024,01.12102.000.0000.000.3706008.00000.000,eHIS,HIS_COLLECTION,3107264 HIS_COLLECTION 3358005YT7JQCWYLTG43,500179647,Journal Import 2591676:,/CASH/RECEIPT,2,,,,,0,100,Posted
25-09-2024,01.12102.000.0000.000.3706008.00000.000,eHIS,HIS_COLLECTION,3107268 HIS_COLLECTION 3358005YT7JQCWYLTG43,500179735,Journal Import 2591676:,/CASH/RECEIPT,2,,,,,0,3470,Posted
25-09-2024,01.12102.000.0000.000.3706008.00000.000,eHIS,HIS_COLLECTION,3107270 HIS_COLLECTION 3358005YT7JQCWYLTG43,500179409,Journal Import 2591676:,/EFT/RECEIPT,2,,,,,0,450,Posted
25-09-2024,01.12102.000.0000.000.3706008.00000.000,eHIS,HIS_COLLECTION,3107285 HIS_COLLECTION 3358005YT7JQCWYLTG43,500179815,Journal Import 2591676:,/CASH/RECEIPT,2,,,,,0,1850,Posted
25-09-2024,01.12102.000.0000.000.3706008.00000.000,eHIS,HIS_COLLECTION,3107294 HIS_COLLECTION 3358005YT7JQCWYLTG43,500179268,Journal Import 2591676:,/CASH/RECEIPT,2,,,,,0,1200,Posted
25-09-2024,01.12102.000.0000.000.3706008.00000.000,eHIS,HIS_COLLECTION,3107303 HIS_COLLECTION 3358005YT7JQCWYLTG43,500179499,Journal Import 2591676:,/CASH/RECEIPT,2,,,,,0,800,Posted
25-09-2024,01.12102.000.0000.000.3706008.00000.000,eHIS,HIS_COLLECTION,3107307 HIS_COLLECTION 3358005YT7JQCWYLTG43,500179653,Journal Import 2591676:,/CASH/RECEIPT,2,,,,,0,6539,Posted
25-09-2024,01.12102.000.0000.000.3706008.00000.000,eHIS,HIS_COLLECTION,3107309 HIS_COLLECTION 3358005YT7JQCWYLTG43,500179743,Journal Import 2591676:,/CARD/RECEIPT,2,,,,,0,923,Posted
25-09-2024,01.12102.000.0000.000.3706008.00000.000,eHIS,HIS_COLLECTION,3107315 HIS_COLLECTION 3358005YT7JQCWYLTG43,500179742,Journal Import 2591676:,/CASH/RECEIPT,2,,,,,0,4200,Posted
25-09-2024,01.12102.000.0000.000.3706008.00000.000,eHIS,HIS_COLLECTION,3107323 HIS_COLLECTION 3358005YT7JQCWYLTG43,500179373,Journal Import 2591676:,/CARD/RECEIPT,2,,,,,0,350,Posted
25-09-2024,01.12102.000.0000.000.3706008.00000.000,eHIS,HIS_COLLECTION,3107351 HIS_COLLECTION 3358005YT7JQCWYLTG43,500179652,Journal Import 2591676:,/CASH/RECEIPT,2,,,,,0,4900,Posted
25-09-2024,01.12102.000.0000.000.3706008.00000.000,eHIS,HIS_COLLECTION,3107356 HIS_COLLECTION 3358005YT7JQCWYLTG43,500179533,Journal Import 2591676:,/CARD/RECEIPT,2,,,,,0,1850,Posted
25-09-2024,01.12102.000.0000.000.3706008.00000.000,eHIS,HIS_COLLECTION,3107360 HIS_COLLECTION 3358005YT7JQCWYLTG43,500179269,Journal Import 2591676:,/CASH/RECEIPT,2,,,,,0,1200,Posted
25-09-2024,01.12102.000.0000.000.3706008.00000.000,eHIS,HIS_COLLECTION,3107362 HIS_COLLECTION 3358005YT7JQCWYLTG43,500179741,Journal Import 2591676:,/CASH/RECEIPT,2,,,,,0,3500,Posted
25-09-2024,01.12102.000.0000.000.3706008.00000.000,eHIS,HIS_COLLECTION,3107374 HIS_COLLECTION 3358005YT7JQCWYLTG43,500179270,Journal Import 2591676:,/EFT/RECEIPT,2,,,,,0,600,Posted
25-09-2024,01.12102.000.0000.000.3706008.00000.000,eHIS,HIS_COLLECTION,3107377 HIS_COLLECTION 3358005YT7JQCWYLTG43,500179583,Journal Import 2591676:,/EFT/RECEIPT,3,,,,,0,50,Posted
25-09-2024,01.12102.000.0000.000.3706008.00000.000,eHIS,HIS_COLLECTION,3107377 HIS_COLLECTION 3358005YT7JQCWYLTG43,500179583,Journal Import 2591676:,/CASH/RECEIPT,4,,,,,0,410,Posted
25-09-2024,01.12102.000.0000.000.3706008.00000.000,eHIS,HIS_COLLECTION,3107378 HIS_COLLECTION 3358005YT7JQCWYLTG43,500179438,Journal Import 2591676:,/EFT/RECEIPT,2,,,,,0,100,Posted
25-09-2024,01.12102.000.0000.000.3706008.00000.000,eHIS,HIS_COLLECTION,3107392 HIS_COLLECTION 3358005YT7JQCWYLTG43,500179816,Journal Import 2591676:,/CASH/RECEIPT,2,,,,,0,1850,Posted
25-09-2024,01.12102.000.0000.000.3706008.00000.000,eHIS,HIS_COLLECTION,3107401 HIS_COLLECTION 3358005YT7JQCWYLTG43,500179627,Journal Import 2591676:,/CASH/REFUND,2,,,,,6600,0,Posted
26-09-2024,01.12102.000.0000.000.3706008.00000.000,eHIS,HIS_COLLECTION,3107426 HIS_COLLECTION 3358005YT7JQCWYLTG43,500180038,Journal Import 2591676:,/EFT/RECEIPT,2,,,,,0,200,Posted
26-09-2024,01.12102.000.0000.000.3706008.00000.000,eHIS,HIS_COLLECTION,3107455 HIS_COLLECTION 3358005YT7JQCWYLTG43,500180105,Journal Import 2591676:,/CARD/RECEIPT,2,,,,,0,1850,Posted
26-09-2024,01.12102.000.0000.000.3706008.00000.000,eHIS,HIS_COLLECTION,3107484 HIS_COLLECTION 3358005YT7JQCWYLTG43,500180145,Journal Import 2591676:,/EFT/RECEIPT,2,,,,,0,100,Posted
26-09-2024,01.12102.000.0000.000.3706008.00000.000,eHIS,HIS_COLLECTION,3107486 HIS_COLLECTION 3358005YT7JQCWYLTG43,500180241,Journal Import 2591676:,/CASH/RECEIPT,2,,,,,0,100,Posted
26-09-2024,01.12102.000.0000.000.3706008.00000.000,eHIS,HIS_COLLECTION,3107518 HIS_COLLECTION 3358005YT7JQCWYLTG43,500180148,Journal Import 2591676:,/EFT/RECEIPT,2,,,,,0,120,Posted
26-09-2024,01.12102.000.0000.000.3706008.00000.000,eHIS,HIS_COLLECTION,3107521 HIS_COLLECTION 3358005YT7JQCWYLTG43,500180106,Journal Import 2591676:,/CARD/RECEIPT,2,,,,,0,1850,Posted
26-09-2024,01.12102.000.0000.000.3706008.00000.000,eHIS,HIS_COLLECTION,3107523 HIS_COLLECTION 3358005YT7JQCWYLTG43,500180200,Journal Import 2591676:,/CARD/RECEIPT,2,,,,,0,1700,Posted
26-09-2024,01.12102.000.0000.000.3706008.00000.000,eHIS,HIS_COLLECTION,3107525 HIS_COLLECTION 3358005YT7JQCWYLTG43,500179968,Journal Import 2591676:,/CARD/RECEIPT,2,,,,,0,650,Posted
26-09-2024,01.12102.000.0000.000.3706008.00000.000,eHIS,HIS_COLLECTION,3107534 HIS_COLLECTION 3358005YT7JQCWYLTG43,500180328,Journal Import 2591676:,/CASH/RECEIPT,2,,,,,0,2499,Posted
26-09-2024,01.12102.000.0000.000.3706008.00000.000,eHIS,HIS_COLLECTION,3107540 HIS_COLLECTION 3358005YT7JQCWYLTG43,500180329,Journal Import 2591676:,/CASH/RECEIPT,2,,,,,0,2700,Posted
26-09-2024,01.12102.000.0000.000.3706008.00000.000,eHIS,HIS_COLLECTION,3107544 HIS_COLLECTION 3358005YT7JQCWYLTG43,500179998,Journal Import 2591676:,/CARD/RECEIPT,2,,,,,0,450,Posted
26-09-2024,01.12102.000.0000.000.3706008.00000.000,eHIS,HIS_COLLECTION,3107546 HIS_COLLECTION 3358005YT7JQCWYLTG43,500180079,Journal Import 2591676:,/CARD/RECEIPT,2,,,,,0,3500,Posted
26-09-2024,01.12102.000.0000.000.3706008.00000.000,eHIS,HIS_COLLECTION,3107548 HIS_COLLECTION 3358005YT7JQCWYLTG43,500180150,Journal Import 2591676:,/CARD/RECEIPT,2,,,,,0,2450,Posted
27-09-2024,01.12102.000.0000.000.3706008.00000.000,eHIS,HIS_COLLECTION,3107550 HIS_COLLECTION 3358005YT7JQCWYLTG43,500180498,Journal Import 2599930:,/EFT/RECEIPT,2,,,,,0,3975,Posted
27-09-2024,01.12102.000.0000.000.3706008.00000.000,eHIS,HIS_COLLECTION,3107552 HIS_COLLECTION 3358005YT7JQCWYLTG43,500180499,Journal Import 2599930:,/EFT/RECEIPT,2,,,,,0,3975,Posted
26-09-2024,01.12102.000.0000.000.3706008.00000.000,eHIS,HIS_COLLECTION,3107561 HIS_COLLECTION 3358005YT7JQCWYLTG43,500180140,Journal Import 2591676:,/CASH/RECEIPT,2,,,,,0,650,Posted
26-09-2024,01.12102.000.0000.000.3706008.00000.000,eHIS,HIS_COLLECTION,3107563 HIS_COLLECTION 3358005YT7JQCWYLTG43,500180163,Journal Import 2591676:,/CASH/RECEIPT,2,,,,,0,750,Posted
26-09-2024,01.12102.000.0000.000.3706008.00000.000,eHIS,HIS_COLLECTION,3107567 HIS_COLLECTION 3358005YT7JQCWYLTG43,500180393,Journal Import 2591676:,/EFT/RECEIPT,2,,,,,0,16000,Posted
26-09-2024,01.12102.000.0000.000.3706008.00000.000,eHIS,HIS_COLLECTION,3107574 HIS_COLLECTION 3358005YT7JQCWYLTG43,500180083,Journal Import 2591676:,/EFT/RECEIPT,2,,,,,0,4150,Posted
26-09-2024,01.12102.000.0000.000.3706008.00000.000,eHIS,HIS_COLLECTION,3107586 HIS_COLLECTION 3358005YT7JQCWYLTG43,500180217,Journal Import 2591676:,/CASH/RECEIPT,2,,,,,0,500,Posted
26-09-2024,01.12102.000.0000.000.3706008.00000.000,eHIS,HIS_COLLECTION,3107587 HIS_COLLECTION 3358005YT7JQCWYLTG43,500180104,Journal Import 2591676:,/EFT/RECEIPT,2,,,,,0,50,Posted
26-09-2024,01.12102.000.0000.000.3706008.00000.000,eHIS,HIS_COLLECTION,3107617 HIS_COLLECTION 3358005YT7JQCWYLTG43,500180299,Journal Import 2591676:,/CARD/RECEIPT,2,,,,,0,800,Posted
26-09-2024,01.12102.000.0000.000.3706008.00000.000,eHIS,HIS_COLLECTION,3107637 HIS_COLLECTION 3358005YT7JQCWYLTG43,500180245,Journal Import 2591676:,/CASH/RECEIPT,2,,,,,0,200,Posted
26-09-2024,01.12102.000.0000.000.3706008.00000.000,eHIS,HIS_COLLECTION,3107656 HIS_COLLECTION 3358005YT7JQCWYLTG43,500180141,Journal Import 2591676:,/CASH/RECEIPT,2,,,,,0,650,Posted
26-09-2024,01.12102.000.0000.000.3706008.00000.000,eHIS,HIS_COLLECTION,3107688 HIS_COLLECTION 3358005YT7JQCWYLTG43,500180351,Journal Import 2591676:,/CASH/RECEIPT,2,,,,,0,3850,Posted
26-09-2024,01.12102.000.0000.000.3706008.00000.000,eHIS,HIS_COLLECTION,3107701 HIS_COLLECTION 3358005YT7JQCWYLTG43,500179992,Journal Import 2591676:,/CASH/RECEIPT,2,,,,,0,825,Posted
26-09-2024,01.12102.000.0000.000.3706008.00000.000,eHIS,HIS_COLLECTION,3107712 HIS_COLLECTION 3358005YT7JQCWYLTG43,500180332,Journal Import 2591676:,/EFT/RECEIPT,2,,,,,0,900,Posted
26-09-2024,01.12102.000.0000.000.3706008.00000.000,eHIS,HIS_COLLECTION,3107720 HIS_COLLECTION 3358005YT7JQCWYLTG43,500180218,Journal Import 2591676:,/CASH/RECEIPT,2,,,,,0,500,Posted
26-09-2024,01.12102.000.0000.000.3706008.00000.000,eHIS,HIS_COLLECTION,3107722 HIS_COLLECTION 3358005YT7JQCWYLTG43,500180275,Journal Import 2591676:,/CARD/RECEIPT,2,,,,,0,1200,Posted
26-09-2024,01.12102.000.0000.000.3706008.00000.000,eHIS,HIS_COLLECTION,3107727 HIS_COLLECTION 3358005YT7JQCWYLTG43,500180219,Journal Import 2591676:,/CASH/RECEIPT,2,,,,,0,500,Posted
26-09-2024,01.12102.000.0000.000.3706008.00000.000,eHIS,HIS_COLLECTION,3107740 HIS_COLLECTION 3358005YT7JQCWYLTG43,500180220,Journal Import 2591676:,/CASH/RECEIPT,2,,,,,0,500,Posted
26-09-2024,01.12102.000.0000.000.3706008.00000.000,eHIS,HIS_COLLECTION,3107757 HIS_COLLECTION 3358005YT7JQCWYLTG43,500179921,Journal Import 2591676:,/CARD/RECEIPT,2,,,,,0,500,Posted
26-09-2024,01.12102.000.0000.000.3706008.00000.000,eHIS,HIS_COLLECTION,3107788 HIS_COLLECTION 3358005YT7JQCWYLTG43,500180149,Journal Import 2591676:,/EFT/RECEIPT,2,,,,,0,2400,Posted
26-09-2024,01.12102.000.0000.000.3706008.00000.000,eHIS,HIS_COLLECTION,3107795 HIS_COLLECTION 3358005YT7JQCWYLTG43,500180107,Journal Import 2591676:,/CARD/RECEIPT,2,,,,,0,1850,Posted
26-09-2024,01.12102.000.0000.000.3706008.00000.000,eHIS,HIS_COLLECTION,3107830 HIS_COLLECTION 3358005YT7JQCWYLTG43,500180265,Journal Import 2591676:,/CASH/RECEIPT,2,,,,,0,205,Posted
26-09-2024,01.12102.000.0000.000.3706008.00000.000,eHIS,HIS_COLLECTION,3107831 HIS_COLLECTION 3358005YT7JQCWYLTG43,500180082,Journal Import 2591676:,/EFT/RECEIPT,2,,,,,0,4121,Posted
26-09-2024,01.12102.000.0000.000.3706008.00000.000,eHIS,HIS_COLLECTION,3107833 HIS_COLLECTION 3358005YT7JQCWYLTG43,500179994,Journal Import 2591676:,/CASH/RECEIPT,2,,,,,0,900,Posted
26-09-2024,01.12102.000.0000.000.3706008.00000.000,eHIS,HIS_COLLECTION,3107839 HIS_COLLECTION 3358005YT7JQCWYLTG43,500179962,Journal Import 2591676:,/CASH/RECEIPT,2,,,,,0,1100,Posted
26-09-2024,01.12102.000.0000.000.3706008.00000.000,eHIS,HIS_COLLECTION,3107850 HIS_COLLECTION 3358005YT7JQCWYLTG43,500179917,Journal Import 2591676:,/CASH/RECEIPT,2,,,,,0,1000,Posted
26-09-2024,01.12102.000.0000.000.3706008.00000.000,eHIS,HIS_COLLECTION,3107864 HIS_COLLECTION 3358005YT7JQCWYLTG43,500179993,Journal Import 2591676:,/CASH/RECEIPT,2,,,,,0,850,Posted
26-09-2024,01.12102.000.0000.000.3706008.00000.000,eHIS,HIS_COLLECTION,3107865 HIS_COLLECTION 3358005YT7JQCWYLTG43,500180248,Journal Import 2591676:,/EFT/RECEIPT,2,,,,,0,1000,Posted
26-09-2024,01.12102.000.0000.000.3706008.00000.000,eHIS,HIS_COLLECTION,3107877 HIS_COLLECTION 3358005YT7JQCWYLTG43,500180300,Journal Import 2591676:,/EFT/RECEIPT,2,,,,,0,800,Posted
26-09-2024,01.12102.000.0000.000.3706008.00000.000,eHIS,HIS_COLLECTION,3107889 HIS_COLLECTION 3358005YT7JQCWYLTG43,500180424,Journal Import 2591676:,/EFT/RECEIPT,2,,,,,0,800,Posted
26-09-2024,01.12102.000.0000.000.3706008.00000.000,eHIS,HIS_COLLECTION,3107899 HIS_COLLECTION 3358005YT7JQCWYLTG43,500180168,Journal Import 2591676:,/CARD/RECEIPT,2,,,,,0,1300,Posted
26-09-2024,01.12102.000.0000.000.3706008.00000.000,eHIS,HIS_COLLECTION,3107911 HIS_COLLECTION 3358005YT7JQCWYLTG43,500180201,Journal Import 2591676:,/EFT/RECEIPT,2,,,,,0,1700,Posted
26-09-2024,01.12102.000.0000.000.3706008.00000.000,eHIS,HIS_COLLECTION,3107917 HIS_COLLECTION 3358005YT7JQCWYLTG43,500180041,Journal Import 2591676:,/EFT/RECEIPT,2,,,,,0,250,Posted
26-09-2024,01.12102.000.0000.000.3706008.00000.000,eHIS,HIS_COLLECTION,3107921 HIS_COLLECTION 3358005YT7JQCWYLTG43,500180276,Journal Import 2591676:,/EFT/RECEIPT,2,,,,,0,1200,Posted
26-09-2024,01.12102.000.0000.000.3706008.00000.000,eHIS,HIS_COLLECTION,3107926 HIS_COLLECTION 3358005YT7JQCWYLTG43,500180142,Journal Import 2591676:,/CASH/RECEIPT,2,,,,,0,650,Posted
26-09-2024,01.12102.000.0000.000.3706008.00000.000,eHIS,HIS_COLLECTION,3107936 HIS_COLLECTION 3358005YT7JQCWYLTG43,500180349,Journal Import 2591676:,/CASH/RECEIPT,2,,,,,0,3550,Posted
26-09-2024,01.12102.000.0000.000.3706008.00000.000,eHIS,HIS_COLLECTION,3107939 HIS_COLLECTION 3358005YT7JQCWYLTG43,500179965,Journal Import 2591676:,/CASH/RECEIPT,2,,,,,0,1200,Posted
26-09-2024,01.12102.000.0000.000.3706008.00000.000,eHIS,HIS_COLLECTION,3107947 HIS_COLLECTION 3358005YT7JQCWYLTG43,500180039,Journal Import 2591676:,/EFT/RECEIPT,2,,,,,0,200,Posted
26-09-2024,01.12102.000.0000.000.3706008.00000.000,eHIS,HIS_COLLECTION,3107967 HIS_COLLECTION 3358005YT7JQCWYLTG43,500180352,Journal Import 2591676:,/CASH/RECEIPT,2,,,,,0,4243,Posted
26-09-2024,01.12102.000.0000.000.3706008.00000.000,eHIS,HIS_COLLECTION,3107978 HIS_COLLECTION 3358005YT7JQCWYLTG43,500180076,Journal Import 2591676:,/EFT/RECEIPT,2,,,,,0,350,Posted
26-09-2024,01.12102.000.0000.000.3706008.00000.000,eHIS,HIS_COLLECTION,3107990 HIS_COLLECTION 3358005YT7JQCWYLTG43,500180326,Journal Import 2591676:,/CASH/RECEIPT,2,,,,,0,2000,Posted
26-09-2024,01.12102.000.0000.000.3706008.00000.000,eHIS,HIS_COLLECTION,3107991 HIS_COLLECTION 3358005YT7JQCWYLTG43,500179963,Journal Import 2591676:,/CASH/RECEIPT,2,,,,,0,1100,Posted
26-09-2024,01.12102.000.0000.000.3706008.00000.000,eHIS,HIS_COLLECTION,3108003 HIS_COLLECTION 3358005YT7JQCWYLTG43,500180385,Journal Import 2591676:,/EFT/RECEIPT,2,,,,,0,750,Posted
26-09-2024,01.12102.000.0000.000.3706008.00000.000,eHIS,HIS_COLLECTION,3108005 HIS_COLLECTION 3358005YT7JQCWYLTG43,500180249,Journal Import 2591676:,/CARD/RECEIPT,2,,,,,0,1000,Posted
26-09-2024,01.12102.000.0000.000.3706008.00000.000,eHIS,HIS_COLLECTION,3108007 HIS_COLLECTION 3358005YT7JQCWYLTG43,500179922,Journal Import 2591676:,/EFT/RECEIPT,2,,,,,0,500,Posted
26-09-2024,01.12102.000.0000.000.3706008.00000.000,eHIS,HIS_COLLECTION,3108017 HIS_COLLECTION 3358005YT7JQCWYLTG43,500179995,Journal Import 2591676:,/CASH/RECEIPT,2,,,,,0,900,Posted
26-09-2024,01.12102.000.0000.000.3706008.00000.000,eHIS,HIS_COLLECTION,3108022 HIS_COLLECTION 3358005YT7JQCWYLTG43,500180270,Journal Import 2591676:,/CASH/RECEIPT,2,,,,,0,11400,Posted
26-09-2024,01.12102.000.0000.000.3706008.00000.000,eHIS,HIS_COLLECTION,3108036 HIS_COLLECTION 3358005YT7JQCWYLTG43,500179996,Journal Import 2591676:,/CASH/RECEIPT,2,,,,,0,900,Posted
26-09-2024,01.12102.000.0000.000.3706008.00000.000,eHIS,HIS_COLLECTION,3108040 HIS_COLLECTION 3358005YT7JQCWYLTG43,500180169,Journal Import 2591676:,/EFT/RECEIPT,2,,,,,0,1300,Posted
26-09-2024,01.12102.000.0000.000.3706008.00000.000,eHIS,HIS_COLLECTION,3108061 HIS_COLLECTION 3358005YT7JQCWYLTG43,500180108,Journal Import 2591676:,/EFT/RECEIPT,2,,,,,0,1850,Posted
26-09-2024,01.12102.000.0000.000.3706008.00000.000,eHIS,HIS_COLLECTION,3108073 HIS_COLLECTION 3358005YT7JQCWYLTG43,500180103,Journal Import 2591676:,/CASH/REFUND,2,,,,,11400,0,Posted
26-09-2024,01.12102.000.0000.000.3706008.00000.000,eHIS,HIS_COLLECTION,3108081 HIS_COLLECTION 3358005YT7JQCWYLTG43,500180004,Journal Import 2591676:,/CARD/RECEIPT,2,,,,,0,5000,Posted
26-09-2024,01.12102.000.0000.000.3706008.00000.000,eHIS,HIS_COLLECTION,3108082 HIS_COLLECTION 3358005YT7JQCWYLTG43,500180081,Journal Import 2591676:,/CARD/RECEIPT,2,,,,,0,4050,Posted
26-09-2024,01.12102.000.0000.000.3706008.00000.000,eHIS,HIS_COLLECTION,3108089 HIS_COLLECTION 3358005YT7JQCWYLTG43,500180386,Journal Import 2591676:,/EFT/RECEIPT,2,,,,,0,750,Posted
26-09-2024,01.12102.000.0000.000.3706008.00000.000,eHIS,HIS_COLLECTION,3108091 HIS_COLLECTION 3358005YT7JQCWYLTG43,500180425,Journal Import 2591676:,/EFT/RECEIPT,2,,,,,0,800,Posted
26-09-2024,01.12102.000.0000.000.3706008.00000.000,eHIS,HIS_COLLECTION,3108093 HIS_COLLECTION 3358005YT7JQCWYLTG43,500180250,Journal Import 2591676:,/EFT/RECEIPT,2,,,,,0,1000,Posted
26-09-2024,01.12102.000.0000.000.3706008.00000.000,eHIS,HIS_COLLECTION,3108097 HIS_COLLECTION 3358005YT7JQCWYLTG43,500180350,Journal Import 2591676:,/CASH/RECEIPT,2,,,,,0,3550,Posted
26-09-2024,01.12102.000.0000.000.3706008.00000.000,eHIS,HIS_COLLECTION,3108101 HIS_COLLECTION 3358005YT7JQCWYLTG43,500180109,Journal Import 2591676:,/CARD/RECEIPT,2,,,,,0,1850,Posted
26-09-2024,01.12102.000.0000.000.3706008.00000.000,eHIS,HIS_COLLECTION,3108114 HIS_COLLECTION 3358005YT7JQCWYLTG43,500180266,Journal Import 2591676:,/CASH/RECEIPT,2,,,,,0,250,Posted
26-09-2024,01.12102.000.0000.000.3706008.00000.000,eHIS,HIS_COLLECTION,3108142 HIS_COLLECTION 3358005YT7JQCWYLTG43,500179967,Journal Import 2591676:,/EFT/RECEIPT,2,,,,,0,600,Posted
26-09-2024,01.12102.000.0000.000.3706008.00000.000,eHIS,HIS_COLLECTION,3108160 HIS_COLLECTION 3358005YT7JQCWYLTG43,500180426,Journal Import 2591676:,/EFT/RECEIPT,2,,,,,0,800,Posted
26-09-2024,01.12102.000.0000.000.3706008.00000.000,eHIS,HIS_COLLECTION,3108178 HIS_COLLECTION 3358005YT7JQCWYLTG43,500179966,Journal Import 2591676:,/CASH/RECEIPT,2,,,,,0,1200,Posted
26-09-2024,01.12102.000.0000.000.3706008.00000.000,eHIS,HIS_COLLECTION,3108192 HIS_COLLECTION 3358005YT7JQCWYLTG43,500180221,Journal Import 2591676:,/CASH/RECEIPT,2,,,,,0,500,Posted
26-09-2024,01.12102.000.0000.000.3706008.00000.000,eHIS,HIS_COLLECTION,3108199 HIS_COLLECTION 3358005YT7JQCWYLTG43,500180222,Journal Import 2591676:,/CASH/RECEIPT,2,,,,,0,500,Posted
26-09-2024,01.12102.000.0000.000.3706008.00000.000,eHIS,HIS_COLLECTION,3108205 HIS_COLLECTION 3358005YT7JQCWYLTG43,500180427,Journal Import 2591676:,/EFT/RECEIPT,2,,,,,0,800,Posted
26-09-2024,01.12102.000.0000.000.3706008.00000.000,eHIS,HIS_COLLECTION,3108241 HIS_COLLECTION 3358005YT7JQCWYLTG43,500180382,Journal Import 2591676:,/CASH/RECEIPT,2,,,,,0,1200,Posted
26-09-2024,01.12102.000.0000.000.3706008.00000.000,eHIS,HIS_COLLECTION,3108249 HIS_COLLECTION 3358005YT7JQCWYLTG43,500180078,Journal Import 2591676:,/EFT/RECEIPT,3,,,,,0,400,Posted
26-09-2024,01.12102.000.0000.000.3706008.00000.000,eHIS,HIS_COLLECTION,3108249 HIS_COLLECTION 3358005YT7JQCWYLTG43,500180078,Journal Import 2591676:,/EFT/RECEIPT,4,,,,,0,800,Posted
26-09-2024,01.12102.000.0000.000.3706008.00000.000,eHIS,HIS_COLLECTION,3108254 HIS_COLLECTION 3358005YT7JQCWYLTG43,500180277,Journal Import 2591676:,/DEPOSIT ADJUSTMENT/TRANSFER/RECEIPT,2,,,,,0,1200,Posted
27-09-2024,01.12102.000.0000.000.3706008.00000.000,eHIS,HIS_COLLECTION,3108255 HIS_COLLECTION 3358005YT7JQCWYLTG43,500180500,Journal Import 2600363:,/DEPOSIT ADJUSTMENT/TRANSFER/REFUND,1,,,,,1200,0,Posted
27-09-2024,01.12102.000.0000.000.3706008.00000.000,eHIS,HIS_COLLECTION,3108255 HIS_COLLECTION 3358005YT7JQCWYLTG43,500180500,Journal Import 2600363:,/DEPOSIT ADJUSTMENT/TRANSFER/REFUND,2,,,,,0,1200,Posted
26-09-2024,01.12102.000.0000.000.3706008.00000.000,eHIS,HIS_COLLECTION,3108257 HIS_COLLECTION 3358005YT7JQCWYLTG43,500180251,Journal Import 2591676:,/EFT/RECEIPT,2,,,,,0,1000,Posted
26-09-2024,01.12102.000.0000.000.3706008.00000.000,eHIS,HIS_COLLECTION,3108268 HIS_COLLECTION 3358005YT7JQCWYLTG43,500180202,Journal Import 2591676:,/EFT/RECEIPT,2,,,,,0,1700,Posted
26-09-2024,01.12102.000.0000.000.3706008.00000.000,eHIS,HIS_COLLECTION,3108272 HIS_COLLECTION 3358005YT7JQCWYLTG43,500180353,Journal Import 2591676:,/EFT/RECEIPT,2,,,,,0,900,Posted
26-09-2024,01.12102.000.0000.000.3706008.00000.000,eHIS,HIS_COLLECTION,3108286 HIS_COLLECTION 3358005YT7JQCWYLTG43,500180069,Journal Import 2591676:,/CASH/RECEIPT,2,,,,,0,800,Posted
26-09-2024,01.12102.000.0000.000.3706008.00000.000,eHIS,HIS_COLLECTION,3108290 HIS_COLLECTION 3358005YT7JQCWYLTG43,500179997,Journal Import 2591676:,/CASH/RECEIPT,2,,,,,0,900,Posted
26-09-2024,01.12102.000.0000.000.3706008.00000.000,eHIS,HIS_COLLECTION,3108292 HIS_COLLECTION 3358005YT7JQCWYLTG43,500180070,Journal Import 2591676:,/CASH/RECEIPT,2,,,,,0,800,Posted
26-09-2024,01.12102.000.0000.000.3706008.00000.000,eHIS,HIS_COLLECTION,3108303 HIS_COLLECTION 3358005YT7JQCWYLTG43,500180026,Journal Import 2591676:,/CASH/RECEIPT,2,,,,,0,900,Posted
26-09-2024,01.12102.000.0000.000.3706008.00000.000,eHIS,HIS_COLLECTION,3108308 HIS_COLLECTION 3358005YT7JQCWYLTG43,500180297,Journal Import 2591676:,/CASH/RECEIPT,2,,,,,0,1850,Posted
26-09-2024,01.12102.000.0000.000.3706008.00000.000,eHIS,HIS_COLLECTION,3108312 HIS_COLLECTION 3358005YT7JQCWYLTG43,500179918,Journal Import 2591676:,/CASH/RECEIPT,2,,,,,0,1000,Posted
26-09-2024,01.12102.000.0000.000.3706008.00000.000,eHIS,HIS_COLLECTION,3108316 HIS_COLLECTION 3358005YT7JQCWYLTG43,500179964,Journal Import 2591676:,/CASH/RECEIPT,2,,,,,0,1100,Posted
26-09-2024,01.12102.000.0000.000.3706008.00000.000,eHIS,HIS_COLLECTION,3108320 HIS_COLLECTION 3358005YT7JQCWYLTG43,500180272,Journal Import 2591676:,/CARD/RECEIPT,2,,,,,0,1100,Posted
26-09-2024,01.12102.000.0000.000.3706008.00000.000,eHIS,HIS_COLLECTION,3108333 HIS_COLLECTION 3358005YT7JQCWYLTG43,500180002,Journal Import 2591676:,/CARD/RECEIPT,2,,,,,0,4900,Posted
26-09-2024,01.12102.000.0000.000.3706008.00000.000,eHIS,HIS_COLLECTION,3108341 HIS_COLLECTION 3358005YT7JQCWYLTG43,500180071,Journal Import 2591676:,/CASH/RECEIPT,2,,,,,0,800,Posted
26-09-2024,01.12102.000.0000.000.3706008.00000.000,eHIS,HIS_COLLECTION,3108346 HIS_COLLECTION 3358005YT7JQCWYLTG43,500180247,Journal Import 2591676:,/CASH/RECEIPT,2,,,,,0,4900,Posted
26-09-2024,01.12102.000.0000.000.3706008.00000.000,eHIS,HIS_COLLECTION,3108354 HIS_COLLECTION 3358005YT7JQCWYLTG43,500180031,Journal Import 2591676:,/EFT/RECEIPT,2,,,,,0,6100,Posted
26-09-2024,01.12102.000.0000.000.3706008.00000.000,eHIS,HIS_COLLECTION,3108360 HIS_COLLECTION 3358005YT7JQCWYLTG43,500180330,Journal Import 2591676:,/CASH/RECEIPT,2,,,,,0,3100,Posted
26-09-2024,01.12102.000.0000.000.3706008.00000.000,eHIS,HIS_COLLECTION,3108389 HIS_COLLECTION 3358005YT7JQCWYLTG43,500180428,Journal Import 2591676:,/CARD/RECEIPT,2,,,,,0,800,Posted
26-09-2024,01.12102.000.0000.000.3706008.00000.000,eHIS,HIS_COLLECTION,3108403 HIS_COLLECTION 3358005YT7JQCWYLTG43,500180252,Journal Import 2591676:,/EFT/RECEIPT,2,,,,,0,1000,Posted
26-09-2024,01.12102.000.0000.000.3706008.00000.000,eHIS,HIS_COLLECTION,3108405 HIS_COLLECTION 3358005YT7JQCWYLTG43,500180223,Journal Import 2591676:,/CASH/RECEIPT,2,,,,,0,500,Posted
26-09-2024,01.12102.000.0000.000.3706008.00000.000,eHIS,HIS_COLLECTION,3108407 HIS_COLLECTION 3358005YT7JQCWYLTG43,500180170,Journal Import 2591676:,/EFT/RECEIPT,2,,,,,0,1300,Posted
26-09-2024,01.12102.000.0000.000.3706008.00000.000,eHIS,HIS_COLLECTION,3108417 HIS_COLLECTION 3358005YT7JQCWYLTG43,500180072,Journal Import 2591676:,/CASH/RECEIPT,2,,,,,0,800,Posted
26-09-2024,01.12102.000.0000.000.3706008.00000.000,eHIS,HIS_COLLECTION,3108423 HIS_COLLECTION 3358005YT7JQCWYLTG43,500180287,Journal Import 2591676:,/CASH/RECEIPT,2,,,,,0,375,Posted
26-09-2024,01.12102.000.0000.000.3706008.00000.000,eHIS,HIS_COLLECTION,3108427 HIS_COLLECTION 3358005YT7JQCWYLTG43,500180224,Journal Import 2591676:,/CASH/RECEIPT,2,,,,,0,500,Posted
26-09-2024,01.12102.000.0000.000.3706008.00000.000,eHIS,HIS_COLLECTION,3108430 HIS_COLLECTION 3358005YT7JQCWYLTG43,500179923,Journal Import 2591676:,/EFT/RECEIPT,2,,,,,0,500,Posted
26-09-2024,01.12102.000.0000.000.3706008.00000.000,eHIS,HIS_COLLECTION,3108438 HIS_COLLECTION 3358005YT7JQCWYLTG43,500180384,Journal Import 2591676:,/CASH/RECEIPT,2,,,,,0,1520,Posted
26-09-2024,01.12102.000.0000.000.3706008.00000.000,eHIS,HIS_COLLECTION,3108444 HIS_COLLECTION 3358005YT7JQCWYLTG43,500180143,Journal Import 2591676:,/CASH/RECEIPT,2,,,,,0,650,Posted
26-09-2024,01.12102.000.0000.000.3706008.00000.000,eHIS,HIS_COLLECTION,3108448 HIS_COLLECTION 3358005YT7JQCWYLTG43,500180033,Journal Import 2591676:,/EFT/RECEIPT,2,,,,,0,6960,Posted
26-09-2024,01.12102.000.0000.000.3706008.00000.000,eHIS,HIS_COLLECTION,3108464 HIS_COLLECTION 3358005YT7JQCWYLTG43,500180225,Journal Import 2591676:,/CASH/RECEIPT,2,,,,,0,500,Posted
26-09-2024,01.12102.000.0000.000.3706008.00000.000,eHIS,HIS_COLLECTION,3108466 HIS_COLLECTION 3358005YT7JQCWYLTG43,500180288,Journal Import 2591676:,/CASH/RECEIPT,2,,,,,0,410,Posted
26-09-2024,01.12102.000.0000.000.3706008.00000.000,eHIS,HIS_COLLECTION,3108482 HIS_COLLECTION 3358005YT7JQCWYLTG43,500180077,Journal Import 2591676:,/CARD/RECEIPT,2,,,,,0,350,Posted
26-09-2024,01.12102.000.0000.000.3706008.00000.000,eHIS,HIS_COLLECTION,3108484 HIS_COLLECTION 3358005YT7JQCWYLTG43,500179919,Journal Import 2591676:,/CASH/RECEIPT,2,,,,,0,1000,Posted
26-09-2024,01.12102.000.0000.000.3706008.00000.000,eHIS,HIS_COLLECTION,3108486 HIS_COLLECTION 3358005YT7JQCWYLTG43,500180144,Journal Import 2591676:,/CASH/RECEIPT,2,,,,,0,720,Posted
26-09-2024,01.12102.000.0000.000.3706008.00000.000,eHIS,HIS_COLLECTION,3108496 HIS_COLLECTION 3358005YT7JQCWYLTG43,500180171,Journal Import 2591676:,/EFT/RECEIPT,2,,,,,0,1400,Posted
26-09-2024,01.12102.000.0000.000.3706008.00000.000,eHIS,HIS_COLLECTION,3108513 HIS_COLLECTION 3358005YT7JQCWYLTG43,500180027,Journal Import 2591676:,/CASH/RECEIPT,2,,,,,0,900,Posted
26-09-2024,01.12102.000.0000.000.3706008.00000.000,eHIS,HIS_COLLECTION,3108524 HIS_COLLECTION 3358005YT7JQCWYLTG43,500180146,Journal Import 2591676:,/EFT/RECEIPT,2,,,,,0,100,Posted
26-09-2024,01.12102.000.0000.000.3706008.00000.000,eHIS,HIS_COLLECTION,3108534 HIS_COLLECTION 3358005YT7JQCWYLTG43,500180354,Journal Import 2591676:,/CARD/RECEIPT,2,,,,,0,900,Posted
26-09-2024,01.12102.000.0000.000.3706008.00000.000,eHIS,HIS_COLLECTION,3108559 HIS_COLLECTION 3358005YT7JQCWYLTG43,500180387,Journal Import 2591676:,/EFT/RECEIPT,2,,,,,0,750,Posted
26-09-2024,01.12102.000.0000.000.3706008.00000.000,eHIS,HIS_COLLECTION,3108565 HIS_COLLECTION 3358005YT7JQCWYLTG43,500179924,Journal Import 2591676:,/EFT/RECEIPT,2,,,,,0,500,Posted
26-09-2024,01.12102.000.0000.000.3706008.00000.000,eHIS,HIS_COLLECTION,3108572 HIS_COLLECTION 3358005YT7JQCWYLTG43,500180073,Journal Import 2591676:,/CASH/RECEIPT,2,,,,,0,800,Posted
26-09-2024,01.12102.000.0000.000.3706008.00000.000,eHIS,HIS_COLLECTION,3108583 HIS_COLLECTION 3358005YT7JQCWYLTG43,500180029,Journal Import 2591676:,/CASH/RECEIPT,2,,,,,0,990,Posted
26-09-2024,01.12102.000.0000.000.3706008.00000.000,eHIS,HIS_COLLECTION,3108585 HIS_COLLECTION 3358005YT7JQCWYLTG43,500180075,Journal Import 2591676:,/CARD/RECEIPT,2,,,,,0,300,Posted
26-09-2024,01.12102.000.0000.000.3706008.00000.000,eHIS,HIS_COLLECTION,3108591 HIS_COLLECTION 3358005YT7JQCWYLTG43,500180278,Journal Import 2591676:,/EFT/RECEIPT,2,,,,,0,1200,Posted
26-09-2024,01.12102.000.0000.000.3706008.00000.000,eHIS,HIS_COLLECTION,3108600 HIS_COLLECTION 3358005YT7JQCWYLTG43,500180242,Journal Import 2591676:,/CASH/RECEIPT,2,,,,,0,100,Posted
26-09-2024,01.12102.000.0000.000.3706008.00000.000,eHIS,HIS_COLLECTION,3108602 HIS_COLLECTION 3358005YT7JQCWYLTG43,500180074,Journal Import 2591676:,/CASH/RECEIPT,2,,,,,0,800,Posted
26-09-2024,01.12102.000.0000.000.3706008.00000.000,eHIS,HIS_COLLECTION,3108608 HIS_COLLECTION 3358005YT7JQCWYLTG43,500180298,Journal Import 2591676:,/CASH/RECEIPT,2,,,,,0,1850,Posted
26-09-2024,01.12102.000.0000.000.3706008.00000.000,eHIS,HIS_COLLECTION,3108613 HIS_COLLECTION 3358005YT7JQCWYLTG43,500180226,Journal Import 2591676:,/CASH/RECEIPT,2,,,,,0,500,Posted
26-09-2024,01.12102.000.0000.000.3706008.00000.000,eHIS,HIS_COLLECTION,3108619 HIS_COLLECTION 3358005YT7JQCWYLTG43,500180036,Journal Import 2591676:,/CASH/RECEIPT,2,,,,,0,750,Posted
26-09-2024,01.12102.000.0000.000.3706008.00000.000,eHIS,HIS_COLLECTION,3108627 HIS_COLLECTION 3358005YT7JQCWYLTG43,500180267,Journal Import 2591676:,/CASH/RECEIPT,2,,,,,0,325,Posted
26-09-2024,01.12102.000.0000.000.3706008.00000.000,eHIS,HIS_COLLECTION,3108632 HIS_COLLECTION 3358005YT7JQCWYLTG43,500180296,Journal Import 2591676:,/CASH/RECEIPT,2,,,,,0,1700,Posted
26-09-2024,01.12102.000.0000.000.3706008.00000.000,eHIS,HIS_COLLECTION,3108637 HIS_COLLECTION 3358005YT7JQCWYLTG43,500180227,Journal Import 2591676:,/CASH/RECEIPT,2,,,,,0,500,Posted
26-09-2024,01.12102.000.0000.000.3706008.00000.000,eHIS,HIS_COLLECTION,3108639 HIS_COLLECTION 3358005YT7JQCWYLTG43,500180037,Journal Import 2591676:,/CASH/RECEIPT,2,,,,,0,750,Posted
26-09-2024,01.12102.000.0000.000.3706008.00000.000,eHIS,HIS_COLLECTION,3108641 HIS_COLLECTION 3358005YT7JQCWYLTG43,500180243,Journal Import 2591676:,/CASH/RECEIPT,2,,,,,0,100,Posted
26-09-2024,01.12102.000.0000.000.3706008.00000.000,eHIS,HIS_COLLECTION,3108650 HIS_COLLECTION 3358005YT7JQCWYLTG43,500180264,Journal Import 2591676:,/CASH/RECEIPT,2,,,,,0,200,Posted
26-09-2024,01.12102.000.0000.000.3706008.00000.000,eHIS,HIS_COLLECTION,3108655 HIS_COLLECTION 3358005YT7JQCWYLTG43,500180001,Journal Import 2591676:,/EFT/RECEIPT,2,,,,,0,4800,Posted
26-09-2024,01.12102.000.0000.000.3706008.00000.000,eHIS,HIS_COLLECTION,3108669 HIS_COLLECTION 3358005YT7JQCWYLTG43,500180100,Journal Import 2591676:,/CASH/RECEIPT,2,,,,,0,500,Posted
26-09-2024,01.12102.000.0000.000.3706008.00000.000,eHIS,HIS_COLLECTION,3108685 HIS_COLLECTION 3358005YT7JQCWYLTG43,500180273,Journal Import 2591676:,/EFT/RECEIPT,2,,,,,0,1100,Posted
26-09-2024,01.12102.000.0000.000.3706008.00000.000,eHIS,HIS_COLLECTION,3108689 HIS_COLLECTION 3358005YT7JQCWYLTG43,500180327,Journal Import 2591676:,/CASH/RECEIPT,2,,,,,0,2100,Posted
26-09-2024,01.12102.000.0000.000.3706008.00000.000,eHIS,HIS_COLLECTION,3108696 HIS_COLLECTION 3358005YT7JQCWYLTG43,500179920,Journal Import 2591676:,/CASH/RECEIPT,2,,,,,0,1000,Posted
26-09-2024,01.12102.000.0000.000.3706008.00000.000,eHIS,HIS_COLLECTION,3108705 HIS_COLLECTION 3358005YT7JQCWYLTG43,500179989,Journal Import 2591676:,/CASH/RECEIPT,2,,,,,0,800,Posted
26-09-2024,01.12102.000.0000.000.3706008.00000.000,eHIS,HIS_COLLECTION,3108710 HIS_COLLECTION 3358005YT7JQCWYLTG43,500179990,Journal Import 2591676:,/CASH/RECEIPT,2,,,,,0,800,Posted
26-09-2024,01.12102.000.0000.000.3706008.00000.000,eHIS,HIS_COLLECTION,3108714 HIS_COLLECTION 3358005YT7JQCWYLTG43,500180101,Journal Import 2591676:,/CASH/RECEIPT,2,,,,,0,525,Posted
27-09-2024,01.12102.000.0000.000.3706008.00000.000,eHIS,HIS_COLLECTION,3108723 HIS_COLLECTION 3358005YT7JQCWYLTG43,500180497,Journal Import 2599930:,/EFT/RECEIPT,2,,,,,0,1020,Posted
26-09-2024,01.12102.000.0000.000.3706008.00000.000,eHIS,HIS_COLLECTION,3108730 HIS_COLLECTION 3358005YT7JQCWYLTG43,500180331,Journal Import 2591676:,/EFT/RECEIPT,2,,,,,0,800,Posted
26-09-2024,01.12102.000.0000.000.3706008.00000.000,eHIS,HIS_COLLECTION,3108745 HIS_COLLECTION 3358005YT7JQCWYLTG43,500180383,Journal Import 2591676:,/CASH/RECEIPT,2,,,,,0,1300,Posted
26-09-2024,01.12102.000.0000.000.3706008.00000.000,eHIS,HIS_COLLECTION,3108747 HIS_COLLECTION 3358005YT7JQCWYLTG43,500180244,Journal Import 2591676:,/CASH/RECEIPT,2,,,,,0,100,Posted
26-09-2024,01.12102.000.0000.000.3706008.00000.000,eHIS,HIS_COLLECTION,3108752 HIS_COLLECTION 3358005YT7JQCWYLTG43,500180028,Journal Import 2591676:,/CASH/RECEIPT,2,,,,,0,900,Posted
26-09-2024,01.12102.000.0000.000.3706008.00000.000,eHIS,HIS_COLLECTION,3108758 HIS_COLLECTION 3358005YT7JQCWYLTG43,500179999,Journal Import 2591676:,/CARD/RECEIPT,2,,,,,0,460,Posted
26-09-2024,01.12102.000.0000.000.3706008.00000.000,eHIS,HIS_COLLECTION,3108759 HIS_COLLECTION 3358005YT7JQCWYLTG43,500180080,Journal Import 2591676:,/EFT/RECEIPT,2,,,,,0,3500,Posted
26-09-2024,01.12102.000.0000.000.3706008.00000.000,eHIS,HIS_COLLECTION,3108763 HIS_COLLECTION 3358005YT7JQCWYLTG43,500180246,Journal Import 2591676:,/CASH/RECEIPT,2,,,,,0,4350,Posted
26-09-2024,01.12102.000.0000.000.3706008.00000.000,eHIS,HIS_COLLECTION,3108775 HIS_COLLECTION 3358005YT7JQCWYLTG43,500180289,Journal Import 2591676:,/CASH/RECEIPT,2,,,,,0,410,Posted
26-09-2024,01.12102.000.0000.000.3706008.00000.000,eHIS,HIS_COLLECTION,3108789 HIS_COLLECTION 3358005YT7JQCWYLTG43,500180040,Journal Import 2591676:,/EFT/RECEIPT,2,,,,,0,200,Posted
26-09-2024,01.12102.000.0000.000.3706008.00000.000,eHIS,HIS_COLLECTION,3108795 HIS_COLLECTION 3358005YT7JQCWYLTG43,500179991,Journal Import 2591676:,/CASH/RECEIPT,2,,,,,0,800,Posted
26-09-2024,01.12102.000.0000.000.3706008.00000.000,eHIS,HIS_COLLECTION,3108809 HIS_COLLECTION 3358005YT7JQCWYLTG43,500180355,Journal Import 2591676:,/EFT/RECEIPT,2,,,,,0,900,Posted
26-09-2024,01.12102.000.0000.000.3706008.00000.000,eHIS,HIS_COLLECTION,3108816 HIS_COLLECTION 3358005YT7JQCWYLTG43,500180198,Journal Import 2591676:,/CASH/REFUND,2,,,,,4900,0,Posted
26-09-2024,01.12102.000.0000.000.3706008.00000.000,eHIS,HIS_COLLECTION,3108828 HIS_COLLECTION 3358005YT7JQCWYLTG43,500180110,Journal Import 2591676:,/CARD/RECEIPT,2,,,,,0,1850,Posted
26-09-2024,01.12102.000.0000.000.3706008.00000.000,eHIS,HIS_COLLECTION,3108840 HIS_COLLECTION 3358005YT7JQCWYLTG43,500180147,Journal Import 2591676:,/EFT/RECEIPT,2,,,,,0,100,Posted
27-09-2024,01.12102.000.0000.000.3706008.00000.000,eHIS,HIS_COLLECTION,3108842 HIS_COLLECTION 3358005YT7JQCWYLTG43,500180546,Journal Import 2591676:,/EFT/RECEIPT,2,,,,,0,3200,Posted
27-09-2024,01.12102.000.0000.000.3706008.00000.000,eHIS,HIS_COLLECTION,3108849 HIS_COLLECTION 3358005YT7JQCWYLTG43,500180530,Journal Import 2591676:,/CASH/RECEIPT,2,,,,,0,100,Posted
27-09-2024,01.12102.000.0000.000.3706008.00000.000,eHIS,HIS_COLLECTION,3108876 HIS_COLLECTION 3358005YT7JQCWYLTG43,500180554,Journal Import 2591676:,/EFT/RECEIPT,2,,,,,0,410,Posted
27-09-2024,01.12102.000.0000.000.3706008.00000.000,eHIS,HIS_COLLECTION,3108901 HIS_COLLECTION 3358005YT7JQCWYLTG43,500180540,Journal Import 2591676:,/CASH/RECEIPT,2,,,,,0,500,Posted
27-09-2024,01.12102.000.0000.000.3706008.00000.000,eHIS,HIS_COLLECTION,3108920 HIS_COLLECTION 3358005YT7JQCWYLTG43,500180542,Journal Import 2591676:,/EFT/RECEIPT,2,,,,,0,100,Posted
27-09-2024,01.12102.000.0000.000.3706008.00000.000,eHIS,HIS_COLLECTION,3108924 HIS_COLLECTION 3358005YT7JQCWYLTG43,500180531,Journal Import 2591676:,/CASH/RECEIPT,2,,,,,0,100,Posted
27-09-2024,01.12102.000.0000.000.3706008.00000.000,eHIS,HIS_COLLECTION,3108932 HIS_COLLECTION 3358005YT7JQCWYLTG43,500180586,Journal Import 2593847:,/CASH/RECEIPT,2,,,,,0,1024,Posted
27-09-2024,01.12102.000.0000.000.3706008.00000.000,eHIS,HIS_COLLECTION,3108952 HIS_COLLECTION 3358005YT7JQCWYLTG43,500180760,Journal Import 2593847:,/EFT/RECEIPT,2,,,,,0,100,Posted
27-09-2024,01.12102.000.0000.000.3706008.00000.000,eHIS,HIS_COLLECTION,3108958 HIS_COLLECTION 3358005YT7JQCWYLTG43,500180778,Journal Import 2593847:,/CARD/RECEIPT,2,,,,,0,1850,Posted
27-09-2024,01.12102.000.0000.000.3706008.00000.000,eHIS,HIS_COLLECTION,3108965 HIS_COLLECTION 3358005YT7JQCWYLTG43,500180575,Journal Import 2593847:,/CASH/RECEIPT,2,,,,,0,700,Posted
27-09-2024,01.12102.000.0000.000.3706008.00000.000,eHIS,HIS_COLLECTION,3108967 HIS_COLLECTION 3358005YT7JQCWYLTG43,500180794,Journal Import 2593847:,/EFT/RECEIPT,2,,,,,0,5400,Posted
27-09-2024,01.12102.000.0000.000.3706008.00000.000,eHIS,HIS_COLLECTION,3108969 HIS_COLLECTION 3358005YT7JQCWYLTG43,500180599,Journal Import 2593847:,/EFT/RECEIPT,2,,,,,0,407,Posted
27-09-2024,01.12102.000.0000.000.3706008.00000.000,eHIS,HIS_COLLECTION,3108981 HIS_COLLECTION 3358005YT7JQCWYLTG43,500180507,Journal Import 2593847:,/CASH/RECEIPT,2,,,,,0,2000,Posted
27-09-2024,01.12102.000.0000.000.3706008.00000.000,eHIS,HIS_COLLECTION,3108982 HIS_COLLECTION 3358005YT7JQCWYLTG43,500180759,Journal Import 2593847:,/EFT/RECEIPT,2,,,,,0,50,Posted
27-09-2024,01.12102.000.0000.000.3706008.00000.000,eHIS,HIS_COLLECTION,3108989 HIS_COLLECTION 3358005YT7JQCWYLTG43,500180511,Journal Import 2593847:,/CASH/RECEIPT,2,,,,,0,3500,Posted
27-09-2024,01.12102.000.0000.000.3706008.00000.000,eHIS,HIS_COLLECTION,3108997 HIS_COLLECTION 3358005YT7JQCWYLTG43,500180512,Journal Import 2593847:,/CASH/RECEIPT,2,,,,,0,3500,Posted
27-09-2024,01.12102.000.0000.000.3706008.00000.000,eHIS,HIS_COLLECTION,3108999 HIS_COLLECTION 3358005YT7JQCWYLTG43,500180513,Journal Import 2593847:,/CASH/RECEIPT,2,,,,,0,3500,Posted
27-09-2024,01.12102.000.0000.000.3706008.00000.000,eHIS,HIS_COLLECTION,3109002 HIS_COLLECTION 3358005YT7JQCWYLTG43,500180612,Journal Import 2593847:,/EFT/RECEIPT,2,,,,,0,1000,Posted
27-09-2024,01.12102.000.0000.000.3706008.00000.000,eHIS,HIS_COLLECTION,3109006 HIS_COLLECTION 3358005YT7JQCWYLTG43,500180514,Journal Import 2593847:,/CASH/RECEIPT,2,,,,,0,3500,Posted
27-09-2024,01.12102.000.0000.000.3706008.00000.000,eHIS,HIS_COLLECTION,3109008 HIS_COLLECTION 3358005YT7JQCWYLTG43,500180515,Journal Import 2593847:,/CASH/RECEIPT,2,,,,,0,3500,Posted
27-09-2024,01.12102.000.0000.000.3706008.00000.000,eHIS,HIS_COLLECTION,3109012 HIS_COLLECTION 3358005YT7JQCWYLTG43,500180516,Journal Import 2593847:,/CASH/RECEIPT,2,,,,,0,3500,Posted
27-09-2024,01.12102.000.0000.000.3706008.00000.000,eHIS,HIS_COLLECTION,3109020 HIS_COLLECTION 3358005YT7JQCWYLTG43,500180779,Journal Import 2593847:,/EFT/RECEIPT,2,,,,,0,1850,Posted
27-09-2024,01.12102.000.0000.000.3706008.00000.000,eHIS,HIS_COLLECTION,3109022 HIS_COLLECTION 3358005YT7JQCWYLTG43,500180788,Journal Import 2593847:,/CARD/RECEIPT,2,,,,,0,3500,Posted
27-09-2024,01.12102.000.0000.000.3706008.00000.000,eHIS,HIS_COLLECTION,3109035 HIS_COLLECTION 3358005YT7JQCWYLTG43,500180517,Journal Import 2593847:,/CASH/RECEIPT,2,,,,,0,3500,Posted
27-09-2024,01.12102.000.0000.000.3706008.00000.000,eHIS,HIS_COLLECTION,3109039 HIS_COLLECTION 3358005YT7JQCWYLTG43,500180518,Journal Import 2593847:,/CASH/RECEIPT,2,,,,,0,3500,Posted
27-09-2024,01.12102.000.0000.000.3706008.00000.000,eHIS,HIS_COLLECTION,3109085 HIS_COLLECTION 3358005YT7JQCWYLTG43,500180670,Journal Import 2593847:,/CARD/RECEIPT,2,,,,,0,21800,Posted
27-09-2024,01.12102.000.0000.000.3706008.00000.000,eHIS,HIS_COLLECTION,3109095 HIS_COLLECTION 3358005YT7JQCWYLTG43,500180795,Journal Import 2593847:,/CARD/RECEIPT,2,,,,,0,5550,Posted
27-09-2024,01.12102.000.0000.000.3706008.00000.000,eHIS,HIS_COLLECTION,3109101 HIS_COLLECTION 3358005YT7JQCWYLTG43,500180789,Journal Import 2593847:,/EFT/RECEIPT,2,,,,,0,3950,Posted
27-09-2024,01.12102.000.0000.000.3706008.00000.000,eHIS,HIS_COLLECTION,3109112 HIS_COLLECTION 3358005YT7JQCWYLTG43,500180881,Journal Import 2593847:,/CASH/REFUND,2,,,,,2200,0,Posted
27-09-2024,01.12102.000.0000.000.3706008.00000.000,eHIS,HIS_COLLECTION,3109118 HIS_COLLECTION 3358005YT7JQCWYLTG43,500180587,Journal Import 2593847:,/CASH/RECEIPT,2,,,,,0,1080,Posted
27-09-2024,01.12102.000.0000.000.3706008.00000.000,eHIS,HIS_COLLECTION,3109130 HIS_COLLECTION 3358005YT7JQCWYLTG43,500180510,Journal Import 2593847:,/CASH/RECEIPT,2,,,,,0,2200,Posted
27-09-2024,01.12102.000.0000.000.3706008.00000.000,eHIS,HIS_COLLECTION,3109140 HIS_COLLECTION 3358005YT7JQCWYLTG43,500180590,Journal Import 2593847:,/CASH/RECEIPT,2,,,,,0,1200,Posted
27-09-2024,01.12102.000.0000.000.3706008.00000.000,eHIS,HIS_COLLECTION,3109142 HIS_COLLECTION 3358005YT7JQCWYLTG43,500180656,Journal Import 2593847:,/CASH/RECEIPT,2,,,,,0,100,Posted
27-09-2024,01.12102.000.0000.000.3706008.00000.000,eHIS,HIS_COLLECTION,3109153 HIS_COLLECTION 3358005YT7JQCWYLTG43,500180591,Journal Import 2593847:,/CASH/RECEIPT,2,,,,,0,1200,Posted
27-09-2024,01.12102.000.0000.000.3706008.00000.000,eHIS,HIS_COLLECTION,3109163 HIS_COLLECTION 3358005YT7JQCWYLTG43,500180592,Journal Import 2593847:,/CASH/RECEIPT,2,,,,,0,1200,Posted
27-09-2024,01.12102.000.0000.000.3706008.00000.000,eHIS,HIS_COLLECTION,3109190 HIS_COLLECTION 3358005YT7JQCWYLTG43,500180600,Journal Import 2593847:,/EFT/RECEIPT,2,,,,,0,450,Posted
27-09-2024,01.12102.000.0000.000.3706008.00000.000,eHIS,HIS_COLLECTION,3109212 HIS_COLLECTION 3358005YT7JQCWYLTG43,500180576,Journal Import 2593847:,/CASH/RECEIPT,2,,,,,0,800,Posted
27-09-2024,01.12102.000.0000.000.3706008.00000.000,eHIS,HIS_COLLECTION,3109218 HIS_COLLECTION 3358005YT7JQCWYLTG43,500180657,Journal Import 2593847:,/CASH/RECEIPT,2,,,,,0,100,Posted
27-09-2024,01.12102.000.0000.000.3706008.00000.000,eHIS,HIS_COLLECTION,3109228 HIS_COLLECTION 3358005YT7JQCWYLTG43,500180790,Journal Import 2593847:,/EFT/RECEIPT,2,,,,,0,4457,Posted
27-09-2024,01.12102.000.0000.000.3706008.00000.000,eHIS,HIS_COLLECTION,3109232 HIS_COLLECTION 3358005YT7JQCWYLTG43,500180658,Journal Import 2593847:,/CASH/RECEIPT,2,,,,,0,100,Posted
27-09-2024,01.12102.000.0000.000.3706008.00000.000,eHIS,HIS_COLLECTION,3109236 HIS_COLLECTION 3358005YT7JQCWYLTG43,500180508,Journal Import 2593847:,/CASH/RECEIPT,2,,,,,0,2000,Posted
27-09-2024,01.12102.000.0000.000.3706008.00000.000,eHIS,HIS_COLLECTION,3109244 HIS_COLLECTION 3358005YT7JQCWYLTG43,500180504,Journal Import 2593847:,/CASH/RECEIPT,2,,,,,0,1850,Posted
27-09-2024,01.12102.000.0000.000.3706008.00000.000,eHIS,HIS_COLLECTION,3109282 HIS_COLLECTION 3358005YT7JQCWYLTG43,500180681,Journal Import 2593847:,/CASH/RECEIPT,2,,,,,0,500,Posted
27-09-2024,01.12102.000.0000.000.3706008.00000.000,eHIS,HIS_COLLECTION,3109305 HIS_COLLECTION 3358005YT7JQCWYLTG43,500180582,Journal Import 2593847:,/CASH/RECEIPT,2,,,,,0,900,Posted
27-09-2024,01.12102.000.0000.000.3706008.00000.000,eHIS,HIS_COLLECTION,3109315 HIS_COLLECTION 3358005YT7JQCWYLTG43,500180780,Journal Import 2593847:,/EFT/RECEIPT,2,,,,,0,1850,Posted
27-09-2024,01.12102.000.0000.000.3706008.00000.000,eHIS,HIS_COLLECTION,3109346 HIS_COLLECTION 3358005YT7JQCWYLTG43,500180607,Journal Import 2593847:,/EFT/RECEIPT,2,,,,,0,800,Posted
27-09-2024,01.12102.000.0000.000.3706008.00000.000,eHIS,HIS_COLLECTION,3109368 HIS_COLLECTION 3358005YT7JQCWYLTG43,500180606,Journal Import 2593847:,/EFT/RECEIPT,2,,,,,0,750,Posted
27-09-2024,01.12102.000.0000.000.3706008.00000.000,eHIS,HIS_COLLECTION,3109390 HIS_COLLECTION 3358005YT7JQCWYLTG43,500180781,Journal Import 2593847:,/EFT/RECEIPT,2,,,,,0,1850,Posted
27-09-2024,01.12102.000.0000.000.3706008.00000.000,eHIS,HIS_COLLECTION,3109406 HIS_COLLECTION 3358005YT7JQCWYLTG43,500180765,Journal Import 2593847:,/EFT/RECEIPT,2,,,,,0,1000,Posted
27-09-2024,01.12102.000.0000.000.3706008.00000.000,eHIS,HIS_COLLECTION,3109426 HIS_COLLECTION 3358005YT7JQCWYLTG43,500180595,Journal Import 2593847:,/EFT/RECEIPT,2,,,,,0,250,Posted
27-09-2024,01.12102.000.0000.000.3706008.00000.000,eHIS,HIS_COLLECTION,3109461 HIS_COLLECTION 3358005YT7JQCWYLTG43,500180496,Journal Import 2599930:,/EFT/RECEIPT,2,,,,,0,820,Posted
27-09-2024,01.12102.000.0000.000.3706008.00000.000,eHIS,HIS_COLLECTION,3109493 HIS_COLLECTION 3358005YT7JQCWYLTG43,500180769,Journal Import 2593847:,/EFT/RECEIPT,2,,,,,0,1100,Posted
27-09-2024,01.12102.000.0000.000.3706008.00000.000,eHIS,HIS_COLLECTION,3109507 HIS_COLLECTION 3358005YT7JQCWYLTG43,500180503,Journal Import 2593847:,/CASH/RECEIPT,2,,,,,0,1700,Posted
27-09-2024,01.12102.000.0000.000.3706008.00000.000,eHIS,HIS_COLLECTION,3109517 HIS_COLLECTION 3358005YT7JQCWYLTG43,500180770,Journal Import 2593847:,/EFT/RECEIPT,2,,,,,0,1100,Posted
27-09-2024,01.12102.000.0000.000.3706008.00000.000,eHIS,HIS_COLLECTION,3109519 HIS_COLLECTION 3358005YT7JQCWYLTG43,500180785,Journal Import 2593847:,/EFT/RECEIPT,2,,,,,0,2250,Posted
27-09-2024,01.12102.000.0000.000.3706008.00000.000,eHIS,HIS_COLLECTION,3109530 HIS_COLLECTION 3358005YT7JQCWYLTG43,500180495,Journal Import 2599930:,/EFT/RECEIPT,2,,,,,0,400,Posted
27-09-2024,01.12102.000.0000.000.3706008.00000.000,eHIS,HIS_COLLECTION,3109532 HIS_COLLECTION 3358005YT7JQCWYLTG43,500180771,Journal Import 2593847:,/EFT/RECEIPT,2,,,,,0,1100,Posted
27-09-2024,01.12102.000.0000.000.3706008.00000.000,eHIS,HIS_COLLECTION,3109536 HIS_COLLECTION 3358005YT7JQCWYLTG43,500180583,Journal Import 2593847:,/CASH/RECEIPT,2,,,,,0,1000,Posted
27-09-2024,01.12102.000.0000.000.3706008.00000.000,eHIS,HIS_COLLECTION,3109537 HIS_COLLECTION 3358005YT7JQCWYLTG43,500180764,Journal Import 2593847:,/EFT/RECEIPT,2,,,,,0,200,Posted
27-09-2024,01.12102.000.0000.000.3706008.00000.000,eHIS,HIS_COLLECTION,3109557 HIS_COLLECTION 3358005YT7JQCWYLTG43,500180593,Journal Import 2593847:,/CASH/RECEIPT,2,,,,,0,1200,Posted
27-09-2024,01.12102.000.0000.000.3706008.00000.000,eHIS,HIS_COLLECTION,3109583 HIS_COLLECTION 3358005YT7JQCWYLTG43,500180676,Journal Import 2593847:,/CASH/RECEIPT,2,,,,,0,250,Posted
27-09-2024,01.12102.000.0000.000.3706008.00000.000,eHIS,HIS_COLLECTION,3109591 HIS_COLLECTION 3358005YT7JQCWYLTG43,500180659,Journal Import 2593847:,/CASH/RECEIPT,2,,,,,0,100,Posted
27-09-2024,01.12102.000.0000.000.3706008.00000.000,eHIS,HIS_COLLECTION,3109639 HIS_COLLECTION 3358005YT7JQCWYLTG43,500180594,Journal Import 2593847:,/EFT/RECEIPT,2,,,,,0,200,Posted
28-09-2024,01.12102.000.0000.000.3706008.00000.000,eHIS,HIS_COLLECTION,3109658 HIS_COLLECTION 3358005YT7JQCWYLTG43,500181151,Journal Import 2599930:,/EFT/RECEIPT,2,,,,,0,340,Posted
27-09-2024,01.12102.000.0000.000.3706008.00000.000,eHIS,HIS_COLLECTION,3109660 HIS_COLLECTION 3358005YT7JQCWYLTG43,500180604,Journal Import 2593847:,/EFT/RECEIPT,2,,,,,0,555,Posted
27-09-2024,01.12102.000.0000.000.3706008.00000.000,eHIS,HIS_COLLECTION,3109664 HIS_COLLECTION 3358005YT7JQCWYLTG43,500180628,Journal Import 2593847:,/CASH/RECEIPT,2,,,,,0,1200,Posted
27-09-2024,01.12102.000.0000.000.3706008.00000.000,eHIS,HIS_COLLECTION,3109668 HIS_COLLECTION 3358005YT7JQCWYLTG43,500180577,Journal Import 2593847:,/CASH/RECEIPT,2,,,,,0,800,Posted
27-09-2024,01.12102.000.0000.000.3706008.00000.000,eHIS,HIS_COLLECTION,3109683 HIS_COLLECTION 3358005YT7JQCWYLTG43,500180597,Journal Import 2593847:,/EFT/RECEIPT,2,,,,,0,299,Posted
27-09-2024,01.12102.000.0000.000.3706008.00000.000,eHIS,HIS_COLLECTION,3109695 HIS_COLLECTION 3358005YT7JQCWYLTG43,500180680,Journal Import 2593847:,/CASH/RECEIPT,2,,,,,0,350,Posted
27-09-2024,01.12102.000.0000.000.3706008.00000.000,eHIS,HIS_COLLECTION,3109701 HIS_COLLECTION 3358005YT7JQCWYLTG43,500180602,Journal Import 2593847:,/EFT/RECEIPT,2,,,,,0,500,Posted
27-09-2024,01.12102.000.0000.000.3706008.00000.000,eHIS,HIS_COLLECTION,3109705 HIS_COLLECTION 3358005YT7JQCWYLTG43,500180766,Journal Import 2593847:,/CARD/RECEIPT,2,,,,,0,1000,Posted
27-09-2024,01.12102.000.0000.000.3706008.00000.000,eHIS,HIS_COLLECTION,3109711 HIS_COLLECTION 3358005YT7JQCWYLTG43,500180677,Journal Import 2593847:,/CASH/RECEIPT,2,,,,,0,299,Posted
27-09-2024,01.12102.000.0000.000.3706008.00000.000,eHIS,HIS_COLLECTION,3109713 HIS_COLLECTION 3358005YT7JQCWYLTG43,500180787,Journal Import 2593847:,/EFT/RECEIPT,2,,,,,0,3000,Posted
27-09-2024,01.12102.000.0000.000.3706008.00000.000,eHIS,HIS_COLLECTION,3109777 HIS_COLLECTION 3358005YT7JQCWYLTG43,500180501,Journal Import 2593847:,/CASH/RECEIPT,2,,,,,0,1200,Posted
27-09-2024,01.12102.000.0000.000.3706008.00000.000,eHIS,HIS_COLLECTION,3109779 HIS_COLLECTION 3358005YT7JQCWYLTG43,500180678,Journal Import 2593847:,/CASH/RECEIPT,2,,,,,0,299,Posted
27-09-2024,01.12102.000.0000.000.3706008.00000.000,eHIS,HIS_COLLECTION,3109786 HIS_COLLECTION 3358005YT7JQCWYLTG43,500180878,Journal Import 2593847:,/CASH/RECEIPT,2,,,,,0,6960,Posted
27-09-2024,01.12102.000.0000.000.3706008.00000.000,eHIS,HIS_COLLECTION,3109797 HIS_COLLECTION 3358005YT7JQCWYLTG43,500180772,Journal Import 2593847:,/EFT/RECEIPT,2,,,,,0,1100,Posted
27-09-2024,01.12102.000.0000.000.3706008.00000.000,eHIS,HIS_COLLECTION,3109798 HIS_COLLECTION 3358005YT7JQCWYLTG43,500180596,Journal Import 2593847:,/EFT/RECEIPT,2,,,,,0,250,Posted
27-09-2024,01.12102.000.0000.000.3706008.00000.000,eHIS,HIS_COLLECTION,3109804 HIS_COLLECTION 3358005YT7JQCWYLTG43,500180679,Journal Import 2593847:,/CASH/RECEIPT,2,,,,,0,299,Posted
27-09-2024,01.12102.000.0000.000.3706008.00000.000,eHIS,HIS_COLLECTION,3109806 HIS_COLLECTION 3358005YT7JQCWYLTG43,500180758,Journal Import 2593847:,/CARD/RECEIPT,2,,,,,0,17,Posted
27-09-2024,01.12102.000.0000.000.3706008.00000.000,eHIS,HIS_COLLECTION,3109826 HIS_COLLECTION 3358005YT7JQCWYLTG43,500180578,Journal Import 2593847:,/CASH/RECEIPT,2,,,,,0,800,Posted
27-09-2024,01.12102.000.0000.000.3706008.00000.000,eHIS,HIS_COLLECTION,3109846 HIS_COLLECTION 3358005YT7JQCWYLTG43,500180588,Journal Import 2593847:,/CASH/RECEIPT,2,,,,,0,1100,Posted
27-09-2024,01.12102.000.0000.000.3706008.00000.000,eHIS,HIS_COLLECTION,3109850 HIS_COLLECTION 3358005YT7JQCWYLTG43,500180682,Journal Import 2593847:,/CASH/RECEIPT,2,,,,,0,500,Posted
27-09-2024,01.12102.000.0000.000.3706008.00000.000,eHIS,HIS_COLLECTION,3109864 HIS_COLLECTION 3358005YT7JQCWYLTG43,500180608,Journal Import 2593847:,/EFT/RECEIPT,2,,,,,0,800,Posted
27-09-2024,01.12102.000.0000.000.3706008.00000.000,eHIS,HIS_COLLECTION,3109878 HIS_COLLECTION 3358005YT7JQCWYLTG43,500180683,Journal Import 2593847:,/CASH/RECEIPT,2,,,,,0,500,Posted
27-09-2024,01.12102.000.0000.000.3706008.00000.000,eHIS,HIS_COLLECTION,3109895 HIS_COLLECTION 3358005YT7JQCWYLTG43,500180684,Journal Import 2593847:,/CASH/RECEIPT,2,,,,,0,500,Posted
28-09-2024,01.12102.000.0000.000.3706008.00000.000,eHIS,HIS_COLLECTION,3109902 HIS_COLLECTION 3358005YT7JQCWYLTG43,500181154,Journal Import 2599930:,/EFT/RECEIPT,2,,,,,0,820,Posted
27-09-2024,01.12102.000.0000.000.3706008.00000.000,eHIS,HIS_COLLECTION,3109919 HIS_COLLECTION 3358005YT7JQCWYLTG43,500180584,Journal Import 2593847:,/CASH/RECEIPT,2,,,,,0,1000,Posted
27-09-2024,01.12102.000.0000.000.3706008.00000.000,eHIS,HIS_COLLECTION,3109921 HIS_COLLECTION 3358005YT7JQCWYLTG43,500180761,Journal Import 2593847:,/EFT/RECEIPT,2,,,,,0,100,Posted
27-09-2024,01.12102.000.0000.000.3706008.00000.000,eHIS,HIS_COLLECTION,3109927 HIS_COLLECTION 3358005YT7JQCWYLTG43,500180598,Journal Import 2593847:,/EFT/RECEIPT,2,,,,,0,299,Posted
27-09-2024,01.12102.000.0000.000.3706008.00000.000,eHIS,HIS_COLLECTION,3109930 HIS_COLLECTION 3358005YT7JQCWYLTG43,500180685,Journal Import 2593847:,/CASH/RECEIPT,2,,,,,0,500,Posted
27-09-2024,01.12102.000.0000.000.3706008.00000.000,eHIS,HIS_COLLECTION,3109938 HIS_COLLECTION 3358005YT7JQCWYLTG43,500180686,Journal Import 2593847:,/CASH/RECEIPT,2,,,,,0,500,Posted
27-09-2024,01.12102.000.0000.000.3706008.00000.000,eHIS,HIS_COLLECTION,3109972 HIS_COLLECTION 3358005YT7JQCWYLTG43,500180610,Journal Import 2593847:,/EFT/RECEIPT,2,,,,,0,900,Posted
27-09-2024,01.12102.000.0000.000.3706008.00000.000,eHIS,HIS_COLLECTION,3109994 HIS_COLLECTION 3358005YT7JQCWYLTG43,500180767,Journal Import 2593847:,/EFT/RECEIPT,2,,,,,0,1000,Posted
27-09-2024,01.12102.000.0000.000.3706008.00000.000,eHIS,HIS_COLLECTION,3110001 HIS_COLLECTION 3358005YT7JQCWYLTG43,500180660,Journal Import 2593847:,/CASH/RECEIPT,2,,,,,0,100,Posted
27-09-2024,01.12102.000.0000.000.3706008.00000.000,eHIS,HIS_COLLECTION,3110013 HIS_COLLECTION 3358005YT7JQCWYLTG43,500180585,Journal Import 2593847:,/CASH/RECEIPT,2,,,,,0,1000,Posted
27-09-2024,01.12102.000.0000.000.3706008.00000.000,eHIS,HIS_COLLECTION,3110015 HIS_COLLECTION 3358005YT7JQCWYLTG43,500180605,Journal Import 2593847:,/EFT/RECEIPT,2,,,,,0,650,Posted
27-09-2024,01.12102.000.0000.000.3706008.00000.000,eHIS,HIS_COLLECTION,3110018 HIS_COLLECTION 3358005YT7JQCWYLTG43,500180762,Journal Import 2593847:,/EFT/RECEIPT,2,,,,,0,100,Posted
27-09-2024,01.12102.000.0000.000.3706008.00000.000,eHIS,HIS_COLLECTION,3110031 HIS_COLLECTION 3358005YT7JQCWYLTG43,500180674,Journal Import 2593847:,/CASH/RECEIPT,2,,,,,0,100,Posted
27-09-2024,01.12102.000.0000.000.3706008.00000.000,eHIS,HIS_COLLECTION,3110042 HIS_COLLECTION 3358005YT7JQCWYLTG43,500180768,Journal Import 2593847:,/EFT/RECEIPT,2,,,,,0,1000,Posted
27-09-2024,01.12102.000.0000.000.3706008.00000.000,eHIS,HIS_COLLECTION,3110044 HIS_COLLECTION 3358005YT7JQCWYLTG43,500180579,Journal Import 2593847:,/CASH/RECEIPT,2,,,,,0,800,Posted
27-09-2024,01.12102.000.0000.000.3706008.00000.000,eHIS,HIS_COLLECTION,3110052 HIS_COLLECTION 3358005YT7JQCWYLTG43,500180687,Journal Import 2593847:,/CASH/RECEIPT,2,,,,,0,500,Posted
27-09-2024,01.12102.000.0000.000.3706008.00000.000,eHIS,HIS_COLLECTION,3110058 HIS_COLLECTION 3358005YT7JQCWYLTG43,500180603,Journal Import 2593847:,/EFT/RECEIPT,2,,,,,0,500,Posted
27-09-2024,01.12102.000.0000.000.3706008.00000.000,eHIS,HIS_COLLECTION,3110064 HIS_COLLECTION 3358005YT7JQCWYLTG43,500180589,Journal Import 2593847:,/CASH/RECEIPT,2,,,,,0,1100,Posted
27-09-2024,01.12102.000.0000.000.3706008.00000.000,eHIS,HIS_COLLECTION,3110066 HIS_COLLECTION 3358005YT7JQCWYLTG43,500180611,Journal Import 2593847:,/EFT/RECEIPT,2,,,,,0,900,Posted
27-09-2024,01.12102.000.0000.000.3706008.00000.000,eHIS,HIS_COLLECTION,3110073 HIS_COLLECTION 3358005YT7JQCWYLTG43,500180688,Journal Import 2593847:,/CASH/RECEIPT,2,,,,,0,500,Posted
27-09-2024,01.12102.000.0000.000.3706008.00000.000,eHIS,HIS_COLLECTION,3110075 HIS_COLLECTION 3358005YT7JQCWYLTG43,500180675,Journal Import 2593847:,/CASH/RECEIPT,2,,,,,0,100,Posted
28-09-2024,01.12102.000.0000.000.3706008.00000.000,eHIS,HIS_COLLECTION,3110089 HIS_COLLECTION 3358005YT7JQCWYLTG43,500181155,Journal Import 2599930:,/EFT/RECEIPT,2,,,,,0,1350,Posted
27-09-2024,01.12102.000.0000.000.3706008.00000.000,eHIS,HIS_COLLECTION,3110097 HIS_COLLECTION 3358005YT7JQCWYLTG43,500180505,Journal Import 2593847:,/CASH/RECEIPT,2,,,,,0,1850,Posted
27-09-2024,01.12102.000.0000.000.3706008.00000.000,eHIS,HIS_COLLECTION,3110101 HIS_COLLECTION 3358005YT7JQCWYLTG43,500180877,Journal Import 2593847:,/CASH/RECEIPT,2,,,,,0,3500,Posted
27-09-2024,01.12102.000.0000.000.3706008.00000.000,eHIS,HIS_COLLECTION,3110105 HIS_COLLECTION 3358005YT7JQCWYLTG43,500180502,Journal Import 2593847:,/CASH/RECEIPT,2,,,,,0,1200,Posted
27-09-2024,01.12102.000.0000.000.3706008.00000.000,eHIS,HIS_COLLECTION,3110108 HIS_COLLECTION 3358005YT7JQCWYLTG43,500180580,Journal Import 2593847:,/CASH/RECEIPT,2,,,,,0,800,Posted
27-09-2024,01.12102.000.0000.000.3706008.00000.000,eHIS,HIS_COLLECTION,3110118 HIS_COLLECTION 3358005YT7JQCWYLTG43,500180774,Journal Import 2593847:,/EFT/RECEIPT,2,,,,,0,1200,Posted
28-09-2024,01.12102.000.0000.000.3706008.00000.000,eHIS,HIS_COLLECTION,3110122 HIS_COLLECTION 3358005YT7JQCWYLTG43,500181153,Journal Import 2599930:,/EFT/RECEIPT,2,,,,,0,720,Posted
27-09-2024,01.12102.000.0000.000.3706008.00000.000,eHIS,HIS_COLLECTION,3110124 HIS_COLLECTION 3358005YT7JQCWYLTG43,500180581,Journal Import 2593847:,/CASH/RECEIPT,2,,,,,0,800,Posted
27-09-2024,01.12102.000.0000.000.3706008.00000.000,eHIS,HIS_COLLECTION,3110127 HIS_COLLECTION 3358005YT7JQCWYLTG43,500180689,Journal Import 2593847:,/CASH/RECEIPT,2,,,,,0,500,Posted
27-09-2024,01.12102.000.0000.000.3706008.00000.000,eHIS,HIS_COLLECTION,3110129 HIS_COLLECTION 3358005YT7JQCWYLTG43,500180690,Journal Import 2593847:,/CASH/RECEIPT,2,,,,,0,500,Posted
27-09-2024,01.12102.000.0000.000.3706008.00000.000,eHIS,HIS_COLLECTION,3110132 HIS_COLLECTION 3358005YT7JQCWYLTG43,500180782,Journal Import 2593847:,/EFT/RECEIPT,2,,,,,0,1850,Posted
27-09-2024,01.12102.000.0000.000.3706008.00000.000,eHIS,HIS_COLLECTION,3110140 HIS_COLLECTION 3358005YT7JQCWYLTG43,500180691,Journal Import 2593847:,/CASH/RECEIPT,2,,,,,0,500,Posted
27-09-2024,01.12102.000.0000.000.3706008.00000.000,eHIS,HIS_COLLECTION,3110149 HIS_COLLECTION 3358005YT7JQCWYLTG43,500180509,Journal Import 2593847:,/CASH/RECEIPT,2,,,,,0,2000,Posted
27-09-2024,01.12102.000.0000.000.3706008.00000.000,eHIS,HIS_COLLECTION,3110150 HIS_COLLECTION 3358005YT7JQCWYLTG43,500180776,Journal Import 2593847:,/EFT/RECEIPT,2,,,,,0,1500,Posted
27-09-2024,01.12102.000.0000.000.3706008.00000.000,eHIS,HIS_COLLECTION,3110161 HIS_COLLECTION 3358005YT7JQCWYLTG43,500180786,Journal Import 2593847:,/CARD/RECEIPT,2,,,,,0,2750,Posted
27-09-2024,01.12102.000.0000.000.3706008.00000.000,eHIS,HIS_COLLECTION,3110166 HIS_COLLECTION 3358005YT7JQCWYLTG43,500180777,Journal Import 2593847:,/CARD/RECEIPT,2,,,,,0,1700,Posted
27-09-2024,01.12102.000.0000.000.3706008.00000.000,eHIS,HIS_COLLECTION,3110170 HIS_COLLECTION 3358005YT7JQCWYLTG43,500180609,Journal Import 2593847:,/EFT/RECEIPT,2,,,,,0,800,Posted
27-09-2024,01.12102.000.0000.000.3706008.00000.000,eHIS,HIS_COLLECTION,3110173 HIS_COLLECTION 3358005YT7JQCWYLTG43,500180601,Journal Import 2593847:,/CARD/RECEIPT,2,,,,,0,497,Posted
27-09-2024,01.12102.000.0000.000.3706008.00000.000,eHIS,HIS_COLLECTION,3110182 HIS_COLLECTION 3358005YT7JQCWYLTG43,500180763,Journal Import 2593847:,/EFT/RECEIPT,2,,,,,0,100,Posted
27-09-2024,01.12102.000.0000.000.3706008.00000.000,eHIS,HIS_COLLECTION,3110196 HIS_COLLECTION 3358005YT7JQCWYLTG43,500180783,Journal Import 2593847:,/CARD/RECEIPT,2,,,,,0,1850,Posted
27-09-2024,01.12102.000.0000.000.3706008.00000.000,eHIS,HIS_COLLECTION,3110201 HIS_COLLECTION 3358005YT7JQCWYLTG43,500180775,Journal Import 2593847:,/EFT/RECEIPT,2,,,,,0,1250,Posted
27-09-2024,01.12102.000.0000.000.3706008.00000.000,eHIS,HIS_COLLECTION,3110208 HIS_COLLECTION 3358005YT7JQCWYLTG43,500180506,Journal Import 2593847:,/CASH/RECEIPT,2,,,,,0,1850,Posted
28-09-2024,01.12102.000.0000.000.3706008.00000.000,eHIS,HIS_COLLECTION,3110233 HIS_COLLECTION 3358005YT7JQCWYLTG43,500181251,Journal Import 2593847:,/EFT/RECEIPT,2,,,,,0,6700,Posted
28-09-2024,01.12102.000.0000.000.3706008.00000.000,eHIS,HIS_COLLECTION,3110237 HIS_COLLECTION 3358005YT7JQCWYLTG43,500181250,Journal Import 2593847:,/CARD/RECEIPT,2,,,,,0,5780,Posted
28-09-2024,01.12102.000.0000.000.3706008.00000.000,eHIS,HIS_COLLECTION,3110260 HIS_COLLECTION 3358005YT7JQCWYLTG43,500181247,Journal Import 2593847:,/EFT/RECEIPT,2,,,,,0,2450,Posted
28-09-2024,01.12102.000.0000.000.3706008.00000.000,eHIS,HIS_COLLECTION,3110266 HIS_COLLECTION 3358005YT7JQCWYLTG43,500181246,Journal Import 2593847:,/EFT/RECEIPT,2,,,,,0,1250,Posted
28-09-2024,01.12102.000.0000.000.3706008.00000.000,eHIS,HIS_COLLECTION,3110276 HIS_COLLECTION 3358005YT7JQCWYLTG43,500181245,Journal Import 2593847:,/EFT/RECEIPT,2,,,,,0,100,Posted
28-09-2024,01.12102.000.0000.000.3706008.00000.000,eHIS,HIS_COLLECTION,3110279 HIS_COLLECTION 3358005YT7JQCWYLTG43,500181152,Journal Import 2599930:,/EFT/RECEIPT,2,,,,,0,450,Posted
28-09-2024,01.12102.000.0000.000.3706008.00000.000,eHIS,HIS_COLLECTION,3110282 HIS_COLLECTION 3358005YT7JQCWYLTG43,500181150,Journal Import 2599930:,/EFT/RECEIPT,2,,,,,0,175,Posted
28-09-2024,01.12102.000.0000.000.3706008.00000.000,eHIS,HIS_COLLECTION,3110284 HIS_COLLECTION 3358005YT7JQCWYLTG43,500181139,Journal Import 2593847:,/CASH/RECEIPT,2,,,,,0,460,Posted
28-09-2024,01.12102.000.0000.000.3706008.00000.000,eHIS,HIS_COLLECTION,3110289 HIS_COLLECTION 3358005YT7JQCWYLTG43,500181368,Journal Import 2604163:,/CASH/RECEIPT,2,,,,,0,100,Posted
28-09-2024,01.12102.000.0000.000.3706008.00000.000,eHIS,HIS_COLLECTION,3110291 HIS_COLLECTION 3358005YT7JQCWYLTG43,500181260,Journal Import 2604163:,/CASH/RECEIPT,2,,,,,0,460,Posted
28-09-2024,01.12102.000.0000.000.3706008.00000.000,eHIS,HIS_COLLECTION,3110317 HIS_COLLECTION 3358005YT7JQCWYLTG43,500181226,Journal Import 2604163:,/EFT/RECEIPT,2,,,,,0,100,Posted
28-09-2024,01.12102.000.0000.000.3706008.00000.000,eHIS,HIS_COLLECTION,3110319 HIS_COLLECTION 3358005YT7JQCWYLTG43,500181553,Journal Import 2604163:,/EFT/RECEIPT,2,,,,,0,588,Posted
28-09-2024,01.12102.000.0000.000.3706008.00000.000,eHIS,HIS_COLLECTION,3110321 HIS_COLLECTION 3358005YT7JQCWYLTG43,500181417,Journal Import 2604163:,/CARD/RECEIPT,2,,,,,0,21800,Posted
28-09-2024,01.12102.000.0000.000.3706008.00000.000,eHIS,HIS_COLLECTION,3110331 HIS_COLLECTION 3358005YT7JQCWYLTG43,500181477,Journal Import 2604163:,/CARD/RECEIPT,2,,,,,0,1538,Posted
28-09-2024,01.12102.000.0000.000.3706008.00000.000,eHIS,HIS_COLLECTION,3110335 HIS_COLLECTION 3358005YT7JQCWYLTG43,500181664,Journal Import 2604163:,/CASH/RECEIPT,2,,,,,0,1000,Posted
28-09-2024,01.12102.000.0000.000.3706008.00000.000,eHIS,HIS_COLLECTION,3110337 HIS_COLLECTION 3358005YT7JQCWYLTG43,500181511,Journal Import 2604163:,/CARD/RECEIPT,2,,,,,0,4500,Posted
28-09-2024,01.12102.000.0000.000.3706008.00000.000,eHIS,HIS_COLLECTION,3110343 HIS_COLLECTION 3358005YT7JQCWYLTG43,500181195,Journal Import 2604163:,/CASH/RECEIPT,2,,,,,0,3500,Posted
28-09-2024,01.12102.000.0000.000.3706008.00000.000,eHIS,HIS_COLLECTION,3110349 HIS_COLLECTION 3358005YT7JQCWYLTG43,500181525,Journal Import 2604163:,/CARD/RECEIPT,2,,,,,0,450,Posted
28-09-2024,01.12102.000.0000.000.3706008.00000.000,eHIS,HIS_COLLECTION,3110354 HIS_COLLECTION 3358005YT7JQCWYLTG43,500181509,Journal Import 2604163:,/EFT/RECEIPT,2,,,,,0,4000,Posted
28-09-2024,01.12102.000.0000.000.3706008.00000.000,eHIS,HIS_COLLECTION,3110358 HIS_COLLECTION 3358005YT7JQCWYLTG43,500181510,Journal Import 2604163:,/EFT/RECEIPT,2,,,,,0,4270,Posted
28-09-2024,01.12102.000.0000.000.3706008.00000.000,eHIS,HIS_COLLECTION,3110363 HIS_COLLECTION 3358005YT7JQCWYLTG43,500181280,Journal Import 2604163:,/CASH/RECEIPT,2,,,,,0,650,Posted
28-09-2024,01.12102.000.0000.000.3706008.00000.000,eHIS,HIS_COLLECTION,3110373 HIS_COLLECTION 3358005YT7JQCWYLTG43,500181554,Journal Import 2604163:,/EFT/RECEIPT,2,,,,,0,600,Posted
28-09-2024,01.12102.000.0000.000.3706008.00000.000,eHIS,HIS_COLLECTION,3110392 HIS_COLLECTION 3358005YT7JQCWYLTG43,500181658,Journal Import 2604163:,/CASH/RECEIPT,2,,,,,0,850,Posted
28-09-2024,01.12102.000.0000.000.3706008.00000.000,eHIS,HIS_COLLECTION,3110400 HIS_COLLECTION 3358005YT7JQCWYLTG43,500181602,Journal Import 2659476:,/EFT/RECEIPT,2,,,,,0,4200,Posted
28-09-2024,01.12102.000.0000.000.3706008.00000.000,eHIS,HIS_COLLECTION,3110410 HIS_COLLECTION 3358005YT7JQCWYLTG43,500181373,Journal Import 2604163:,/CASH/RECEIPT,2,,,,,0,220,Posted
28-09-2024,01.12102.000.0000.000.3706008.00000.000,eHIS,HIS_COLLECTION,3110421 HIS_COLLECTION 3358005YT7JQCWYLTG43,500181526,Journal Import 2604163:,/EFT/RECEIPT,2,,,,,0,500,Posted
28-09-2024,01.12102.000.0000.000.3706008.00000.000,eHIS,HIS_COLLECTION,3110425 HIS_COLLECTION 3358005YT7JQCWYLTG43,500181218,Journal Import 2604163:,/CASH/RECEIPT,2,,,,,0,12800,Posted
28-09-2024,01.12102.000.0000.000.3706008.00000.000,eHIS,HIS_COLLECTION,3110438 HIS_COLLECTION 3358005YT7JQCWYLTG43,500181570,Journal Import 2604163:,/EFT/RECEIPT,2,,,,,0,900,Posted
28-09-2024,01.12102.000.0000.000.3706008.00000.000,eHIS,HIS_COLLECTION,3110442 HIS_COLLECTION 3358005YT7JQCWYLTG43,500181505,Journal Import 2604163:,/EFT/RECEIPT,2,,,,,0,2750,Posted
28-09-2024,01.12102.000.0000.000.3706008.00000.000,eHIS,HIS_COLLECTION,3110456 HIS_COLLECTION 3358005YT7JQCWYLTG43,500181194,Journal Import 2604163:,/CASH/RECEIPT,2,,,,,0,2600,Posted
28-09-2024,01.12102.000.0000.000.3706008.00000.000,eHIS,HIS_COLLECTION,3110476 HIS_COLLECTION 3358005YT7JQCWYLTG43,500181383,Journal Import 2604163:,/CASH/RECEIPT,2,,,,,0,400,Posted
28-09-2024,01.12102.000.0000.000.3706008.00000.000,eHIS,HIS_COLLECTION,3110478 HIS_COLLECTION 3358005YT7JQCWYLTG43,500181261,Journal Import 2604163:,/CASH/RECEIPT,2,,,,,0,500,Posted
28-09-2024,01.12102.000.0000.000.3706008.00000.000,eHIS,HIS_COLLECTION,3110482 HIS_COLLECTION 3358005YT7JQCWYLTG43,500181496,Journal Import 2604163:,/CARD/RECEIPT,2,,,,,0,1700,Posted
28-09-2024,01.12102.000.0000.000.3706008.00000.000,eHIS,HIS_COLLECTION,3110486 HIS_COLLECTION 3358005YT7JQCWYLTG43,500181262,Journal Import 2604163:,/CASH/RECEIPT,2,,,,,0,500,Posted
28-09-2024,01.12102.000.0000.000.3706008.00000.000,eHIS,HIS_COLLECTION,3110492 HIS_COLLECTION 3358005YT7JQCWYLTG43,500181555,Journal Import 2604163:,/CARD/RECEIPT,2,,,,,0,650,Posted
28-09-2024,01.12102.000.0000.000.3706008.00000.000,eHIS,HIS_COLLECTION,3110496 HIS_COLLECTION 3358005YT7JQCWYLTG43,500181504,Journal Import 2604163:,/CARD/RECEIPT,2,,,,,0,2600,Posted
28-09-2024,01.12102.000.0000.000.3706008.00000.000,eHIS,HIS_COLLECTION,3110500 HIS_COLLECTION 3358005YT7JQCWYLTG43,500181476,Journal Import 2604163:,/CARD/RECEIPT,2,,,,,0,1250,Posted
28-09-2024,01.12102.000.0000.000.3706008.00000.000,eHIS,HIS_COLLECTION,3110543 HIS_COLLECTION 3358005YT7JQCWYLTG43,500181216,Journal Import 2604163:,/CASH/RECEIPT,2,,,,,0,5100,Posted
28-09-2024,01.12102.000.0000.000.3706008.00000.000,eHIS,HIS_COLLECTION,3110558 HIS_COLLECTION 3358005YT7JQCWYLTG43,500181527,Journal Import 2604163:,/EFT/RECEIPT,2,,,,,0,500,Posted
28-09-2024,01.12102.000.0000.000.3706008.00000.000,eHIS,HIS_COLLECTION,3110560 HIS_COLLECTION 3358005YT7JQCWYLTG43,500181474,Journal Import 2604163:,/EFT/RECEIPT,2,,,,,0,1200,Posted
28-09-2024,01.12102.000.0000.000.3706008.00000.000,eHIS,HIS_COLLECTION,3110566 HIS_COLLECTION 3358005YT7JQCWYLTG43,500181230,Journal Import 2604163:,/CARD/RECEIPT,2,,,,,0,135,Posted
28-09-2024,01.12102.000.0000.000.3706008.00000.000,eHIS,HIS_COLLECTION,3110568 HIS_COLLECTION 3358005YT7JQCWYLTG43,500181309,Journal Import 2604163:,/CASH/RECEIPT,2,,,,,0,1200,Posted
28-09-2024,01.12102.000.0000.000.3706008.00000.000,eHIS,HIS_COLLECTION,3110570 HIS_COLLECTION 3358005YT7JQCWYLTG43,500181310,Journal Import 2604163:,/CASH/RECEIPT,2,,,,,0,1200,Posted
28-09-2024,01.12102.000.0000.000.3706008.00000.000,eHIS,HIS_COLLECTION,3110578 HIS_COLLECTION 3358005YT7JQCWYLTG43,500181282,Journal Import 2604163:,/CASH/RECEIPT,2,,,,,0,800,Posted
28-09-2024,01.12102.000.0000.000.3706008.00000.000,eHIS,HIS_COLLECTION,3110602 HIS_COLLECTION 3358005YT7JQCWYLTG43,500181263,Journal Import 2604163:,/CASH/RECEIPT,2,,,,,0,500,Posted
28-09-2024,01.12102.000.0000.000.3706008.00000.000,eHIS,HIS_COLLECTION,3110622 HIS_COLLECTION 3358005YT7JQCWYLTG43,500181497,Journal Import 2604163:,/EFT/RECEIPT,2,,,,,0,1850,Posted
28-09-2024,01.12102.000.0000.000.3706008.00000.000,eHIS,HIS_COLLECTION,3110630 HIS_COLLECTION 3358005YT7JQCWYLTG43,500181523,Journal Import 2604163:,/EFT/RECEIPT,2,,,,,0,250,Posted
28-09-2024,01.12102.000.0000.000.3706008.00000.000,eHIS,HIS_COLLECTION,3110639 HIS_COLLECTION 3358005YT7JQCWYLTG43,500181659,Journal Import 2604163:,/CASH/RECEIPT,2,,,,,0,900,Posted
28-09-2024,01.12102.000.0000.000.3706008.00000.000,eHIS,HIS_COLLECTION,3110641 HIS_COLLECTION 3358005YT7JQCWYLTG43,500181318,Journal Import 2604163:,/CASH/RECEIPT,2,,,,,0,1850,Posted
28-09-2024,01.12102.000.0000.000.3706008.00000.000,eHIS,HIS_COLLECTION,3110643 HIS_COLLECTION 3358005YT7JQCWYLTG43,500181528,Journal Import 2604163:,/CARD/RECEIPT,2,,,,,0,500,Posted
28-09-2024,01.12102.000.0000.000.3706008.00000.000,eHIS,HIS_COLLECTION,3110659 HIS_COLLECTION 3358005YT7JQCWYLTG43,500181557,Journal Import 2604163:,/CARD/RECEIPT,2,,,,,0,669,Posted
28-09-2024,01.12102.000.0000.000.3706008.00000.000,eHIS,HIS_COLLECTION,3110665 HIS_COLLECTION 3358005YT7JQCWYLTG43,500181600,Journal Import 2659476:,/EFT/RECEIPT,2,,,,,0,350,Posted
28-09-2024,01.12102.000.0000.000.3706008.00000.000,eHIS,HIS_COLLECTION,3110673 HIS_COLLECTION 3358005YT7JQCWYLTG43,500181264,Journal Import 2604163:,/CASH/RECEIPT,2,,,,,0,500,Posted
28-09-2024,01.12102.000.0000.000.3706008.00000.000,eHIS,HIS_COLLECTION,3110675 HIS_COLLECTION 3358005YT7JQCWYLTG43,500181529,Journal Import 2604163:,/EFT/RECEIPT,2,,,,,0,500,Posted
28-09-2024,01.12102.000.0000.000.3706008.00000.000,eHIS,HIS_COLLECTION,3110681 HIS_COLLECTION 3358005YT7JQCWYLTG43,500181665,Journal Import 2604163:,/CASH/RECEIPT,2,,,,,0,1000,Posted
28-09-2024,01.12102.000.0000.000.3706008.00000.000,eHIS,HIS_COLLECTION,3110683 HIS_COLLECTION 3358005YT7JQCWYLTG43,500181265,Journal Import 2604163:,/CASH/RECEIPT,2,,,,,0,500,Posted
28-09-2024,01.12102.000.0000.000.3706008.00000.000,eHIS,HIS_COLLECTION,3110694 HIS_COLLECTION 3358005YT7JQCWYLTG43,500181559,Journal Import 2604163:,/EFT/RECEIPT,2,,,,,0,800,Posted
28-09-2024,01.12102.000.0000.000.3706008.00000.000,eHIS,HIS_COLLECTION,3110715 HIS_COLLECTION 3358005YT7JQCWYLTG43,500181560,Journal Import 2604163:,/EFT/RECEIPT,2,,,,,0,800,Posted
28-09-2024,01.12102.000.0000.000.3706008.00000.000,eHIS,HIS_COLLECTION,3110721 HIS_COLLECTION 3358005YT7JQCWYLTG43,500181412,Journal Import 2604163:,/EFT/RECEIPT,2,,,,,0,6550,Posted
28-09-2024,01.12102.000.0000.000.3706008.00000.000,eHIS,HIS_COLLECTION,3110731 HIS_COLLECTION 3358005YT7JQCWYLTG43,500181283,Journal Import 2604163:,/CASH/RECEIPT,2,,,,,0,800,Posted
28-09-2024,01.12102.000.0000.000.3706008.00000.000,eHIS,HIS_COLLECTION,3110745 HIS_COLLECTION 3358005YT7JQCWYLTG43,500181266,Journal Import 2604163:,/CASH/RECEIPT,2,,,,,0,500,Posted
28-09-2024,01.12102.000.0000.000.3706008.00000.000,eHIS,HIS_COLLECTION,3110751 HIS_COLLECTION 3358005YT7JQCWYLTG43,500181506,Journal Import 2604163:,/EFT/RECEIPT,2,,,,,0,3000,Posted
28-09-2024,01.12102.000.0000.000.3706008.00000.000,eHIS,HIS_COLLECTION,3110757 HIS_COLLECTION 3358005YT7JQCWYLTG43,500181530,Journal Import 2604163:,/EFT/RECEIPT,2,,,,,0,500,Posted
28-09-2024,01.12102.000.0000.000.3706008.00000.000,eHIS,HIS_COLLECTION,3110759 HIS_COLLECTION 3358005YT7JQCWYLTG43,500181284,Journal Import 2604163:,/CASH/RECEIPT,2,,,,,0,800,Posted
28-09-2024,01.12102.000.0000.000.3706008.00000.000,eHIS,HIS_COLLECTION,3110763 HIS_COLLECTION 3358005YT7JQCWYLTG43,500181498,Journal Import 2604163:,/CARD/RECEIPT,2,,,,,0,1850,Posted
28-09-2024,01.12102.000.0000.000.3706008.00000.000,eHIS,HIS_COLLECTION,3110765 HIS_COLLECTION 3358005YT7JQCWYLTG43,500181503,Journal Import 2604163:,/EFT/RECEIPT,2,,,,,0,2300,Posted
28-09-2024,01.12102.000.0000.000.3706008.00000.000,eHIS,HIS_COLLECTION,3110767 HIS_COLLECTION 3358005YT7JQCWYLTG43,500181369,Journal Import 2604163:,/CASH/RECEIPT,2,,,,,0,100,Posted
28-09-2024,01.12102.000.0000.000.3706008.00000.000,eHIS,HIS_COLLECTION,3110773 HIS_COLLECTION 3358005YT7JQCWYLTG43,500181561,Journal Import 2604163:,/EFT/RECEIPT,2,,,,,0,800,Posted
28-09-2024,01.12102.000.0000.000.3706008.00000.000,eHIS,HIS_COLLECTION,3110775 HIS_COLLECTION 3358005YT7JQCWYLTG43,500181562,Journal Import 2604163:,/EFT/RECEIPT,2,,,,,0,800,Posted
28-09-2024,01.12102.000.0000.000.3706008.00000.000,eHIS,HIS_COLLECTION,3110779 HIS_COLLECTION 3358005YT7JQCWYLTG43,500181267,Journal Import 2604163:,/CASH/RECEIPT,2,,,,,0,500,Posted
28-09-2024,01.12102.000.0000.000.3706008.00000.000,eHIS,HIS_COLLECTION,3110781 HIS_COLLECTION 3358005YT7JQCWYLTG43,500181501,Journal Import 2604163:,/EFT/RECEIPT,2,,,,,0,2000,Posted
28-09-2024,01.12102.000.0000.000.3706008.00000.000,eHIS,HIS_COLLECTION,3110783 HIS_COLLECTION 3358005YT7JQCWYLTG43,500181268,Journal Import 2604163:,/CASH/RECEIPT,2,,,,,0,500,Posted
28-09-2024,01.12102.000.0000.000.3706008.00000.000,eHIS,HIS_COLLECTION,3110785 HIS_COLLECTION 3358005YT7JQCWYLTG43,500181469,Journal Import 2604163:,/EFT/RECEIPT,2,,,,,0,1100,Posted
28-09-2024,01.12102.000.0000.000.3706008.00000.000,eHIS,HIS_COLLECTION,3110787 HIS_COLLECTION 3358005YT7JQCWYLTG43,500181258,Journal Import 2604163:,/CASH/RECEIPT,2,,,,,0,410,Posted
28-09-2024,01.12102.000.0000.000.3706008.00000.000,eHIS,HIS_COLLECTION,3110791 HIS_COLLECTION 3358005YT7JQCWYLTG43,500181269,Journal Import 2604163:,/CASH/RECEIPT,2,,,,,0,500,Posted
28-09-2024,01.12102.000.0000.000.3706008.00000.000,eHIS,HIS_COLLECTION,3110797 HIS_COLLECTION 3358005YT7JQCWYLTG43,500181461,Journal Import 2604163:,/EFT/RECEIPT,2,,,,,0,900,Posted
28-09-2024,01.12102.000.0000.000.3706008.00000.000,eHIS,HIS_COLLECTION,3110799 HIS_COLLECTION 3358005YT7JQCWYLTG43,500181563,Journal Import 2604163:,/EFT/RECEIPT,2,,,,,0,800,Posted
28-09-2024,01.12102.000.0000.000.3706008.00000.000,eHIS,HIS_COLLECTION,3110801 HIS_COLLECTION 3358005YT7JQCWYLTG43,500181660,Journal Import 2604163:,/CASH/RECEIPT,2,,,,,0,900,Posted
28-09-2024,01.12102.000.0000.000.3706008.00000.000,eHIS,HIS_COLLECTION,3110809 HIS_COLLECTION 3358005YT7JQCWYLTG43,500181270,Journal Import 2604163:,/CASH/RECEIPT,2,,,,,0,500,Posted
28-09-2024,01.12102.000.0000.000.3706008.00000.000,eHIS,HIS_COLLECTION,3110813 HIS_COLLECTION 3358005YT7JQCWYLTG43,500181470,Journal Import 2604163:,/EFT/RECEIPT,2,,,,,0,1100,Posted
28-09-2024,01.12102.000.0000.000.3706008.00000.000,eHIS,HIS_COLLECTION,3110815 HIS_COLLECTION 3358005YT7JQCWYLTG43,500181661,Journal Import 2604163:,/CASH/RECEIPT,2,,,,,0,900,Posted
28-09-2024,01.12102.000.0000.000.3706008.00000.000,eHIS,HIS_COLLECTION,3110822 HIS_COLLECTION 3358005YT7JQCWYLTG43,500181462,Journal Import 2604163:,/EFT/RECEIPT,2,,,,,0,900,Posted
28-09-2024,01.12102.000.0000.000.3706008.00000.000,eHIS,HIS_COLLECTION,3110829 HIS_COLLECTION 3358005YT7JQCWYLTG43,500181311,Journal Import 2604163:,/CASH/RECEIPT,2,,,,,0,1200,Posted
28-09-2024,01.12102.000.0000.000.3706008.00000.000,eHIS,HIS_COLLECTION,3110835 HIS_COLLECTION 3358005YT7JQCWYLTG43,500181384,Journal Import 2604163:,/CASH/RECEIPT,2,,,,,0,400,Posted
28-09-2024,01.12102.000.0000.000.3706008.00000.000,eHIS,HIS_COLLECTION,3110839 HIS_COLLECTION 3358005YT7JQCWYLTG43,500181465,Journal Import 2604163:,/CARD/RECEIPT,2,,,,,0,1000,Posted
28-09-2024,01.12102.000.0000.000.3706008.00000.000,eHIS,HIS_COLLECTION,3110843 HIS_COLLECTION 3358005YT7JQCWYLTG43,500181370,Journal Import 2604163:,/CASH/RECEIPT,2,,,,,0,100,Posted
28-09-2024,01.12102.000.0000.000.3706008.00000.000,eHIS,HIS_COLLECTION,3110847 HIS_COLLECTION 3358005YT7JQCWYLTG43,500181271,Journal Import 2604163:,/CASH/RECEIPT,2,,,,,0,500,Posted
28-09-2024,01.12102.000.0000.000.3706008.00000.000,eHIS,HIS_COLLECTION,3110849 HIS_COLLECTION 3358005YT7JQCWYLTG43,500181374,Journal Import 2604163:,/CASH/RECEIPT,2,,,,,0,220,Posted
28-09-2024,01.12102.000.0000.000.3706008.00000.000,eHIS,HIS_COLLECTION,3110854 HIS_COLLECTION 3358005YT7JQCWYLTG43,500181196,Journal Import 2604163:,/CASH/RECEIPT,2,,,,,0,3500,Posted
28-09-2024,01.12102.000.0000.000.3706008.00000.000,eHIS,HIS_COLLECTION,3110858 HIS_COLLECTION 3358005YT7JQCWYLTG43,500181231,Journal Import 2604163:,/EFT/RECEIPT,2,,,,,0,200,Posted
28-09-2024,01.12102.000.0000.000.3706008.00000.000,eHIS,HIS_COLLECTION,3110863 HIS_COLLECTION 3358005YT7JQCWYLTG43,500181662,Journal Import 2604163:,/CASH/RECEIPT,2,,,,,0,900,Posted
28-09-2024,01.12102.000.0000.000.3706008.00000.000,eHIS,HIS_COLLECTION,3110865 HIS_COLLECTION 3358005YT7JQCWYLTG43,500181418,Journal Import 2604163:,/CARD/RECEIPT,2,,,,,0,21800,Posted
28-09-2024,01.12102.000.0000.000.3706008.00000.000,eHIS,HIS_COLLECTION,3110869 HIS_COLLECTION 3358005YT7JQCWYLTG43,500181564,Journal Import 2604163:,/EFT/RECEIPT,2,,,,,0,800,Posted
28-09-2024,01.12102.000.0000.000.3706008.00000.000,eHIS,HIS_COLLECTION,3110873 HIS_COLLECTION 3358005YT7JQCWYLTG43,500181227,Journal Import 2604163:,/EFT/RECEIPT,2,,,,,0,100,Posted
28-09-2024,01.12102.000.0000.000.3706008.00000.000,eHIS,HIS_COLLECTION,3110897 HIS_COLLECTION 3358005YT7JQCWYLTG43,500181272,Journal Import 2604163:,/CASH/RECEIPT,2,,,,,0,500,Posted
28-09-2024,01.12102.000.0000.000.3706008.00000.000,eHIS,HIS_COLLECTION,3110901 HIS_COLLECTION 3358005YT7JQCWYLTG43,500181319,Journal Import 2604163:,/CASH/RECEIPT,2,,,,,0,1850,Posted
28-09-2024,01.12102.000.0000.000.3706008.00000.000,eHIS,HIS_COLLECTION,3110905 HIS_COLLECTION 3358005YT7JQCWYLTG43,500181565,Journal Import 2604163:,/CARD/RECEIPT,2,,,,,0,800,Posted
28-09-2024,01.12102.000.0000.000.3706008.00000.000,eHIS,HIS_COLLECTION,3110910 HIS_COLLECTION 3358005YT7JQCWYLTG43,500181471,Journal Import 2604163:,/EFT/RECEIPT,2,,,,,0,1100,Posted
28-09-2024,01.12102.000.0000.000.3706008.00000.000,eHIS,HIS_COLLECTION,3110916 HIS_COLLECTION 3358005YT7JQCWYLTG43,500181531,Journal Import 2604163:,/EFT/RECEIPT,2,,,,,0,500,Posted
28-09-2024,01.12102.000.0000.000.3706008.00000.000,eHIS,HIS_COLLECTION,3110922 HIS_COLLECTION 3358005YT7JQCWYLTG43,500181411,Journal Import 2604163:,/CARD/RECEIPT,2,,,,,0,6400,Posted
28-09-2024,01.12102.000.0000.000.3706008.00000.000,eHIS,HIS_COLLECTION,3110926 HIS_COLLECTION 3358005YT7JQCWYLTG43,500181285,Journal Import 2604163:,/CASH/RECEIPT,2,,,,,0,800,Posted
28-09-2024,01.12102.000.0000.000.3706008.00000.000,eHIS,HIS_COLLECTION,3110930 HIS_COLLECTION 3358005YT7JQCWYLTG43,500181416,Journal Import 2604163:,/EFT/RECEIPT,2,,,,,0,16100,Posted
28-09-2024,01.12102.000.0000.000.3706008.00000.000,eHIS,HIS_COLLECTION,3110940 HIS_COLLECTION 3358005YT7JQCWYLTG43,500181273,Journal Import 2604163:,/CASH/RECEIPT,2,,,,,0,500,Posted
28-09-2024,01.12102.000.0000.000.3706008.00000.000,eHIS,HIS_COLLECTION,3110959 HIS_COLLECTION 3358005YT7JQCWYLTG43,500181533,Journal Import 2604163:,/CARD/RECEIPT,2,,,,,0,520,Posted
28-09-2024,01.12102.000.0000.000.3706008.00000.000,eHIS,HIS_COLLECTION,3110963 HIS_COLLECTION 3358005YT7JQCWYLTG43,500181409,Journal Import 2604163:,/CARD/RECEIPT,2,,,,,0,6000,Posted
28-09-2024,01.12102.000.0000.000.3706008.00000.000,eHIS,HIS_COLLECTION,3110971 HIS_COLLECTION 3358005YT7JQCWYLTG43,500181274,Journal Import 2604163:,/CASH/RECEIPT,2,,,,,0,500,Posted
28-09-2024,01.12102.000.0000.000.3706008.00000.000,eHIS,HIS_COLLECTION,3110982 HIS_COLLECTION 3358005YT7JQCWYLTG43,500181281,Journal Import 2604163:,/CASH/RECEIPT,2,,,,,0,650,Posted
28-09-2024,01.12102.000.0000.000.3706008.00000.000,eHIS,HIS_COLLECTION,3110989 HIS_COLLECTION 3358005YT7JQCWYLTG43,500181463,Journal Import 2604163:,/EFT/RECEIPT,2,,,,,0,900,Posted
28-09-2024,01.12102.000.0000.000.3706008.00000.000,eHIS,HIS_COLLECTION,3110999 HIS_COLLECTION 3358005YT7JQCWYLTG43,500181464,Journal Import 2604163:,/CARD/RECEIPT,2,,,,,0,900,Posted
28-09-2024,01.12102.000.0000.000.3706008.00000.000,eHIS,HIS_COLLECTION,3111006 HIS_COLLECTION 3358005YT7JQCWYLTG43,500181275,Journal Import 2604163:,/CASH/RECEIPT,2,,,,,0,500,Posted
28-09-2024,01.12102.000.0000.000.3706008.00000.000,eHIS,HIS_COLLECTION,3111008 HIS_COLLECTION 3358005YT7JQCWYLTG43,500181308,Journal Import 2604163:,/CASH/RECEIPT,2,,,,,0,1100,Posted
28-09-2024,01.12102.000.0000.000.3706008.00000.000,eHIS,HIS_COLLECTION,3111018 HIS_COLLECTION 3358005YT7JQCWYLTG43,500181666,Journal Import 2604163:,/CASH/RECEIPT,2,,,,,0,1000,Posted
28-09-2024,01.12102.000.0000.000.3706008.00000.000,eHIS,HIS_COLLECTION,3111020 HIS_COLLECTION 3358005YT7JQCWYLTG43,500181286,Journal Import 2604163:,/CASH/RECEIPT,2,,,,,0,800,Posted
28-09-2024,01.12102.000.0000.000.3706008.00000.000,eHIS,HIS_COLLECTION,3111028 HIS_COLLECTION 3358005YT7JQCWYLTG43,500181276,Journal Import 2604163:,/CASH/RECEIPT,2,,,,,0,500,Posted
28-09-2024,01.12102.000.0000.000.3706008.00000.000,eHIS,HIS_COLLECTION,3111038 HIS_COLLECTION 3358005YT7JQCWYLTG43,500181259,Journal Import 2604163:,/CASH/RECEIPT,2,,,,,0,450,Posted
28-09-2024,01.12102.000.0000.000.3706008.00000.000,eHIS,HIS_COLLECTION,3111047 HIS_COLLECTION 3358005YT7JQCWYLTG43,500181312,Journal Import 2604163:,/CASH/RECEIPT,2,,,,,0,1200,Posted
28-09-2024,01.12102.000.0000.000.3706008.00000.000,eHIS,HIS_COLLECTION,3111055 HIS_COLLECTION 3358005YT7JQCWYLTG43,500181475,Journal Import 2604163:,/EFT/RECEIPT,2,,,,,0,1200,Posted
28-09-2024,01.12102.000.0000.000.3706008.00000.000,eHIS,HIS_COLLECTION,3111059 HIS_COLLECTION 3358005YT7JQCWYLTG43,500181667,Journal Import 2604163:,/CASH/RECEIPT,2,,,,,0,1000,Posted
28-09-2024,01.12102.000.0000.000.3706008.00000.000,eHIS,HIS_COLLECTION,3111065 HIS_COLLECTION 3358005YT7JQCWYLTG43,500181566,Journal Import 2604163:,/CARD/RECEIPT,2,,,,,0,800,Posted
28-09-2024,01.12102.000.0000.000.3706008.00000.000,eHIS,HIS_COLLECTION,3111078 HIS_COLLECTION 3358005YT7JQCWYLTG43,500181532,Journal Import 2604163:,/EFT/RECEIPT,2,,,,,0,500,Posted
28-09-2024,01.12102.000.0000.000.3706008.00000.000,eHIS,HIS_COLLECTION,3111083 HIS_COLLECTION 3358005YT7JQCWYLTG43,500181382,Journal Import 2604163:,/CASH/RECEIPT,2,,,,,0,350,Posted
28-09-2024,01.12102.000.0000.000.3706008.00000.000,eHIS,HIS_COLLECTION,3111085 HIS_COLLECTION 3358005YT7JQCWYLTG43,500181472,Journal Import 2604163:,/EFT/RECEIPT,2,,,,,0,1100,Posted
28-09-2024,01.12102.000.0000.000.3706008.00000.000,eHIS,HIS_COLLECTION,3111091 HIS_COLLECTION 3358005YT7JQCWYLTG43,500181287,Journal Import 2604163:,/CASH/RECEIPT,2,,,,,0,800,Posted
28-09-2024,01.12102.000.0000.000.3706008.00000.000,eHIS,HIS_COLLECTION,3111100 HIS_COLLECTION 3358005YT7JQCWYLTG43,500181288,Journal Import 2604163:,/CASH/RECEIPT,2,,,,,0,800,Posted
28-09-2024,01.12102.000.0000.000.3706008.00000.000,eHIS,HIS_COLLECTION,3111107 HIS_COLLECTION 3358005YT7JQCWYLTG43,500181372,Journal Import 2604163:,/CASH/RECEIPT,2,,,,,0,200,Posted
28-09-2024,01.12102.000.0000.000.3706008.00000.000,eHIS,HIS_COLLECTION,3111123 HIS_COLLECTION 3358005YT7JQCWYLTG43,500181668,Journal Import 2604163:,/CASH/RECEIPT,2,,,,,0,1000,Posted
28-09-2024,01.12102.000.0000.000.3706008.00000.000,eHIS,HIS_COLLECTION,3111125 HIS_COLLECTION 3358005YT7JQCWYLTG43,500181466,Journal Import 2604163:,/EFT/RECEIPT,2,,,,,0,1000,Posted
28-09-2024,01.12102.000.0000.000.3706008.00000.000,eHIS,HIS_COLLECTION,3111127 HIS_COLLECTION 3358005YT7JQCWYLTG43,500181567,Journal Import 2604163:,/EFT/RECEIPT,2,,,,,0,800,Posted
28-09-2024,01.12102.000.0000.000.3706008.00000.000,eHIS,HIS_COLLECTION,3111133 HIS_COLLECTION 3358005YT7JQCWYLTG43,500181313,Journal Import 2604163:,/CASH/RECEIPT,2,,,,,0,1300,Posted
28-09-2024,01.12102.000.0000.000.3706008.00000.000,eHIS,HIS_COLLECTION,3111135 HIS_COLLECTION 3358005YT7JQCWYLTG43,500181278,Journal Import 2604163:,/CASH/RECEIPT,2,,,,,0,620,Posted
28-09-2024,01.12102.000.0000.000.3706008.00000.000,eHIS,HIS_COLLECTION,3111137 HIS_COLLECTION 3358005YT7JQCWYLTG43,500181316,Journal Import 2604163:,/EFT/RECEIPT,3,,,,,0,373,Posted
28-09-2024,01.12102.000.0000.000.3706008.00000.000,eHIS,HIS_COLLECTION,3111137 HIS_COLLECTION 3358005YT7JQCWYLTG43,500181316,Journal Import 2604163:,/CASH/RECEIPT,4,,,,,0,1417,Posted
28-09-2024,01.12102.000.0000.000.3706008.00000.000,eHIS,HIS_COLLECTION,3111140 HIS_COLLECTION 3358005YT7JQCWYLTG43,500181652,Journal Import 2604163:,/CASH/RECEIPT,2,,,,,0,800,Posted
28-09-2024,01.12102.000.0000.000.3706008.00000.000,eHIS,HIS_COLLECTION,3111146 HIS_COLLECTION 3358005YT7JQCWYLTG43,500181314,Journal Import 2604163:,/CASH/RECEIPT,2,,,,,0,1300,Posted
28-09-2024,01.12102.000.0000.000.3706008.00000.000,eHIS,HIS_COLLECTION,3111148 HIS_COLLECTION 3358005YT7JQCWYLTG43,500181217,Journal Import 2604163:,/CASH/RECEIPT,2,,,,,0,7133,Posted
28-09-2024,01.12102.000.0000.000.3706008.00000.000,eHIS,HIS_COLLECTION,3111151 HIS_COLLECTION 3358005YT7JQCWYLTG43,500181508,Journal Import 2604163:,/EFT/RECEIPT,2,,,,,0,3470,Posted
28-09-2024,01.12102.000.0000.000.3706008.00000.000,eHIS,HIS_COLLECTION,3111155 HIS_COLLECTION 3358005YT7JQCWYLTG43,500181473,Journal Import 2604163:,/CARD/RECEIPT,2,,,,,0,1100,Posted
28-09-2024,01.12102.000.0000.000.3706008.00000.000,eHIS,HIS_COLLECTION,3111161 HIS_COLLECTION 3358005YT7JQCWYLTG43,500181375,Journal Import 2604163:,/CASH/RECEIPT,2,,,,,0,250,Posted
28-09-2024,01.12102.000.0000.000.3706008.00000.000,eHIS,HIS_COLLECTION,3111172 HIS_COLLECTION 3358005YT7JQCWYLTG43,500181653,Journal Import 2604163:,/CASH/RECEIPT,2,,,,,0,800,Posted
28-09-2024,01.12102.000.0000.000.3706008.00000.000,eHIS,HIS_COLLECTION,3111176 HIS_COLLECTION 3358005YT7JQCWYLTG43,500181413,Journal Import 2604163:,/EFT/RECEIPT,2,,,,,0,6960,Posted
28-09-2024,01.12102.000.0000.000.3706008.00000.000,eHIS,HIS_COLLECTION,3111180 HIS_COLLECTION 3358005YT7JQCWYLTG43,500181654,Journal Import 2604163:,/CASH/RECEIPT,2,,,,,0,800,Posted
28-09-2024,01.12102.000.0000.000.3706008.00000.000,eHIS,HIS_COLLECTION,3111191 HIS_COLLECTION 3358005YT7JQCWYLTG43,500181502,Journal Import 2604163:,/EFT/RECEIPT,2,,,,,0,2170,Posted
28-09-2024,01.12102.000.0000.000.3706008.00000.000,eHIS,HIS_COLLECTION,3111205 HIS_COLLECTION 3358005YT7JQCWYLTG43,500181512,Journal Import 2604163:,/EFT/RECEIPT,2,,,,,0,4600,Posted
28-09-2024,01.12102.000.0000.000.3706008.00000.000,eHIS,HIS_COLLECTION,3111219 HIS_COLLECTION 3358005YT7JQCWYLTG43,500181321,Journal Import 2604163:,/CASH/RECEIPT,2,,,,,0,2300,Posted
28-09-2024,01.12102.000.0000.000.3706008.00000.000,eHIS,HIS_COLLECTION,3111233 HIS_COLLECTION 3358005YT7JQCWYLTG43,500181228,Journal Import 2604163:,/EFT/RECEIPT,2,,,,,0,100,Posted
28-09-2024,01.12102.000.0000.000.3706008.00000.000,eHIS,HIS_COLLECTION,3111235 HIS_COLLECTION 3358005YT7JQCWYLTG43,500181408,Journal Import 2604163:,/EFT/RECEIPT,2,,,,,0,5700,Posted
28-09-2024,01.12102.000.0000.000.3706008.00000.000,eHIS,HIS_COLLECTION,3111237 HIS_COLLECTION 3358005YT7JQCWYLTG43,500181655,Journal Import 2604163:,/CASH/RECEIPT,2,,,,,0,800,Posted
28-09-2024,01.12102.000.0000.000.3706008.00000.000,eHIS,HIS_COLLECTION,3111247 HIS_COLLECTION 3358005YT7JQCWYLTG43,500181221,Journal Import 2604163:,/CASH/REFUND,2,,,,,1100,0,Posted
28-09-2024,01.12102.000.0000.000.3706008.00000.000,eHIS,HIS_COLLECTION,3111255 HIS_COLLECTION 3358005YT7JQCWYLTG43,500181467,Journal Import 2604163:,/CARD/RECEIPT,2,,,,,0,1000,Posted
28-09-2024,01.12102.000.0000.000.3706008.00000.000,eHIS,HIS_COLLECTION,3111257 HIS_COLLECTION 3358005YT7JQCWYLTG43,500181315,Journal Import 2604163:,/CASH/RECEIPT,2,,,,,0,1300,Posted
28-09-2024,01.12102.000.0000.000.3706008.00000.000,eHIS,HIS_COLLECTION,3111261 HIS_COLLECTION 3358005YT7JQCWYLTG43,500181556,Journal Import 2604163:,/CARD/RECEIPT,2,,,,,0,650,Posted
28-09-2024,01.12102.000.0000.000.3706008.00000.000,eHIS,HIS_COLLECTION,3111266 HIS_COLLECTION 3358005YT7JQCWYLTG43,500181298,Journal Import 2604163:,/CASH/RECEIPT,2,,,,,0,1000,Posted
28-09-2024,01.12102.000.0000.000.3706008.00000.000,eHIS,HIS_COLLECTION,3111272 HIS_COLLECTION 3358005YT7JQCWYLTG43,500181656,Journal Import 2604163:,/CASH/RECEIPT,2,,,,,0,800,Posted
28-09-2024,01.12102.000.0000.000.3706008.00000.000,eHIS,HIS_COLLECTION,3111274 HIS_COLLECTION 3358005YT7JQCWYLTG43,500181468,Journal Import 2604163:,/CARD/RECEIPT,2,,,,,0,1000,Posted
28-09-2024,01.12102.000.0000.000.3706008.00000.000,eHIS,HIS_COLLECTION,3111280 HIS_COLLECTION 3358005YT7JQCWYLTG43,500181410,Journal Import 2604163:,/EFT/RECEIPT,2,,,,,0,6060,Posted
28-09-2024,01.12102.000.0000.000.3706008.00000.000,eHIS,HIS_COLLECTION,3111282 HIS_COLLECTION 3358005YT7JQCWYLTG43,500181568,Journal Import 2604163:,/EFT/RECEIPT,2,,,,,0,800,Posted
28-09-2024,01.12102.000.0000.000.3706008.00000.000,eHIS,HIS_COLLECTION,3111287 HIS_COLLECTION 3358005YT7JQCWYLTG43,500181279,Journal Import 2604163:,/CASH/RECEIPT,2,,,,,0,620,Posted
28-09-2024,01.12102.000.0000.000.3706008.00000.000,eHIS,HIS_COLLECTION,3111292 HIS_COLLECTION 3358005YT7JQCWYLTG43,500181500,Journal Import 2604163:,/EFT/RECEIPT,2,,,,,0,1855,Posted
28-09-2024,01.12102.000.0000.000.3706008.00000.000,eHIS,HIS_COLLECTION,3111293 HIS_COLLECTION 3358005YT7JQCWYLTG43,500181569,Journal Import 2604163:,/EFT/RECEIPT,2,,,,,0,800,Posted
28-09-2024,01.12102.000.0000.000.3706008.00000.000,eHIS,HIS_COLLECTION,3111297 HIS_COLLECTION 3358005YT7JQCWYLTG43,500181601,Journal Import 2659476:,/EFT/RECEIPT,2,,,,,0,350,Posted
28-09-2024,01.12102.000.0000.000.3706008.00000.000,eHIS,HIS_COLLECTION,3111301 HIS_COLLECTION 3358005YT7JQCWYLTG43,500181376,Journal Import 2604163:,/CASH/RECEIPT,2,,,,,0,250,Posted
28-09-2024,01.12102.000.0000.000.3706008.00000.000,eHIS,HIS_COLLECTION,3111304 HIS_COLLECTION 3358005YT7JQCWYLTG43,500181385,Journal Import 2604163:,/CASH/RECEIPT,2,,,,,0,400,Posted
28-09-2024,01.12102.000.0000.000.3706008.00000.000,eHIS,HIS_COLLECTION,3111317 HIS_COLLECTION 3358005YT7JQCWYLTG43,500181499,Journal Import 2604163:,/CARD/RECEIPT,2,,,,,0,1850,Posted
28-09-2024,01.12102.000.0000.000.3706008.00000.000,eHIS,HIS_COLLECTION,3111340 HIS_COLLECTION 3358005YT7JQCWYLTG43,500181229,Journal Import 2604163:,/EFT/RECEIPT,2,,,,,0,100,Posted
28-09-2024,01.12102.000.0000.000.3706008.00000.000,eHIS,HIS_COLLECTION,3111344 HIS_COLLECTION 3358005YT7JQCWYLTG43,500181657,Journal Import 2604163:,/CASH/RECEIPT,2,,,,,0,800,Posted
28-09-2024,01.12102.000.0000.000.3706008.00000.000,eHIS,HIS_COLLECTION,3111379 HIS_COLLECTION 3358005YT7JQCWYLTG43,500181663,Journal Import 2604163:,/CASH/RECEIPT,2,,,,,0,900,Posted
28-09-2024,01.12102.000.0000.000.3706008.00000.000,eHIS,HIS_COLLECTION,3111380 HIS_COLLECTION 3358005YT7JQCWYLTG43,500181524,Journal Import 2604163:,/EFT/RECEIPT,2,,,,,0,300,Posted
28-09-2024,01.12102.000.0000.000.3706008.00000.000,eHIS,HIS_COLLECTION,3111394 HIS_COLLECTION 3358005YT7JQCWYLTG43,500181558,Journal Import 2604163:,/EFT/RECEIPT,2,,,,,0,750,Posted
28-09-2024,01.12102.000.0000.000.3706008.00000.000,eHIS,HIS_COLLECTION,3111399 HIS_COLLECTION 3358005YT7JQCWYLTG43,500181507,Journal Import 2604163:,/EFT/RECEIPT,2,,,,,0,3220,Posted
28-09-2024,01.12102.000.0000.000.3706008.00000.000,eHIS,HIS_COLLECTION,3111407 HIS_COLLECTION 3358005YT7JQCWYLTG43,500181415,Journal Import 2604163:,/EFT/RECEIPT,2,,,,,0,13721,Posted
28-09-2024,01.12102.000.0000.000.3706008.00000.000,eHIS,HIS_COLLECTION,3111411 HIS_COLLECTION 3358005YT7JQCWYLTG43,500181232,Journal Import 2604163:,/EFT/RECEIPT,2,,,,,0,220,Posted
28-09-2024,01.12102.000.0000.000.3706008.00000.000,eHIS,HIS_COLLECTION,3111422 HIS_COLLECTION 3358005YT7JQCWYLTG43,500181371,Journal Import 2604163:,/CASH/RECEIPT,2,,,,,0,100,Posted
28-09-2024,01.12102.000.0000.000.3706008.00000.000,eHIS,HIS_COLLECTION,3111442 HIS_COLLECTION 3358005YT7JQCWYLTG43,500181277,Journal Import 2604163:,/CASH/RECEIPT,2,,,,,0,500,Posted
28-09-2024,01.12102.000.0000.000.3706008.00000.000,eHIS,HIS_COLLECTION,3111446 HIS_COLLECTION 3358005YT7JQCWYLTG43,500181377,Journal Import 2604163:,/CASH/RECEIPT,2,,,,,0,300,Posted
28-09-2024,01.12102.000.0000.000.3706008.00000.000,eHIS,HIS_COLLECTION,3111449 HIS_COLLECTION 3358005YT7JQCWYLTG43,500181378,Journal Import 2604163:,/CASH/RECEIPT,2,,,,,0,300,Posted
28-09-2024,01.12102.000.0000.000.3706008.00000.000,eHIS,HIS_COLLECTION,3111451 HIS_COLLECTION 3358005YT7JQCWYLTG43,500181379,Journal Import 2604163:,/CASH/RECEIPT,2,,,,,0,300,Posted
28-09-2024,01.12102.000.0000.000.3706008.00000.000,eHIS,HIS_COLLECTION,3111456 HIS_COLLECTION 3358005YT7JQCWYLTG43,500181380,Journal Import 2604163:,/CASH/RECEIPT,2,,,,,0,300,Posted
28-09-2024,01.12102.000.0000.000.3706008.00000.000,eHIS,HIS_COLLECTION,3111459 HIS_COLLECTION 3358005YT7JQCWYLTG43,500181320,Journal Import 2604163:,/CASH/RECEIPT,2,,,,,0,1850,Posted
28-09-2024,01.12102.000.0000.000.3706008.00000.000,eHIS,HIS_COLLECTION,3111461 HIS_COLLECTION 3358005YT7JQCWYLTG43,500181381,Journal Import 2604163:,/CASH/RECEIPT,2,,,,,0,300,Posted
29-09-2024,01.12102.000.0000.000.3706008.00000.000,eHIS,HIS_COLLECTION,3111497 HIS_COLLECTION 3358005YT7JQCWYLTG43,500181918,Journal Import 2604163:,/CASH/RECEIPT,2,,,,,0,1000,Posted
29-09-2024,01.12102.000.0000.000.3706008.00000.000,eHIS,HIS_COLLECTION,3111507 HIS_COLLECTION 3358005YT7JQCWYLTG43,500181896,Journal Import 2604163:,/CASH/RECEIPT,2,,,,,0,100,Posted
29-09-2024,01.12102.000.0000.000.3706008.00000.000,eHIS,HIS_COLLECTION,3111512 HIS_COLLECTION 3358005YT7JQCWYLTG43,500181878,Journal Import 2604163:,/EFT/RECEIPT,2,,,,,0,3500,Posted
29-09-2024,01.12102.000.0000.000.3706008.00000.000,eHIS,HIS_COLLECTION,3111523 HIS_COLLECTION 3358005YT7JQCWYLTG43,500181801,Journal Import 2604163:,/CASH/RECEIPT,2,,,,,0,1850,Posted
29-09-2024,01.12102.000.0000.000.3706008.00000.000,eHIS,HIS_COLLECTION,3111525 HIS_COLLECTION 3358005YT7JQCWYLTG43,500181899,Journal Import 2604163:,/CASH/RECEIPT,2,,,,,0,230,Posted
29-09-2024,01.12102.000.0000.000.3706008.00000.000,eHIS,HIS_COLLECTION,3111528 HIS_COLLECTION 3358005YT7JQCWYLTG43,500181911,Journal Import 2604163:,/CASH/RECEIPT,2,,,,,0,500,Posted
29-09-2024,01.12102.000.0000.000.3706008.00000.000,eHIS,HIS_COLLECTION,3111532 HIS_COLLECTION 3358005YT7JQCWYLTG43,500181912,Journal Import 2604163:,/CASH/RECEIPT,2,,,,,0,500,Posted
29-09-2024,01.12102.000.0000.000.3706008.00000.000,eHIS,HIS_COLLECTION,3111536 HIS_COLLECTION 3358005YT7JQCWYLTG43,500181913,Journal Import 2604163:,/CASH/RECEIPT,2,,,,,0,500,Posted
29-09-2024,01.12102.000.0000.000.3706008.00000.000,eHIS,HIS_COLLECTION,3111553 HIS_COLLECTION 3358005YT7JQCWYLTG43,500181879,Journal Import 2604163:,/EFT/RECEIPT,2,,,,,0,7962,Posted
29-09-2024,01.12102.000.0000.000.3706008.00000.000,eHIS,HIS_COLLECTION,3111554 HIS_COLLECTION 3358005YT7JQCWYLTG43,500181873,Journal Import 2604163:,/EFT/RECEIPT,2,,,,,0,220,Posted
29-09-2024,01.12102.000.0000.000.3706008.00000.000,eHIS,HIS_COLLECTION,3111556 HIS_COLLECTION 3358005YT7JQCWYLTG43,500181876,Journal Import 2604163:,/EFT/RECEIPT,2,,,,,0,1000,Posted
29-09-2024,01.12102.000.0000.000.3706008.00000.000,eHIS,HIS_COLLECTION,3111560 HIS_COLLECTION 3358005YT7JQCWYLTG43,500181804,Journal Import 2604163:,/CASH/REFUND,2,,,,,1000,0,Posted
29-09-2024,01.12102.000.0000.000.3706008.00000.000,eHIS,HIS_COLLECTION,3111562 HIS_COLLECTION 3358005YT7JQCWYLTG43,500181900,Journal Import 2604163:,/CASH/RECEIPT,2,,,,,0,270,Posted
29-09-2024,01.12102.000.0000.000.3706008.00000.000,eHIS,HIS_COLLECTION,3111564 HIS_COLLECTION 3358005YT7JQCWYLTG43,500181897,Journal Import 2604163:,/CASH/RECEIPT,2,,,,,0,100,Posted
29-09-2024,01.12102.000.0000.000.3706008.00000.000,eHIS,HIS_COLLECTION,3111566 HIS_COLLECTION 3358005YT7JQCWYLTG43,500181898,Journal Import 2604163:,/CASH/RECEIPT,2,,,,,0,100,Posted
29-09-2024,01.12102.000.0000.000.3706008.00000.000,eHIS,HIS_COLLECTION,3111568 HIS_COLLECTION 3358005YT7JQCWYLTG43,500181901,Journal Import 2604163:,/CASH/RECEIPT,2,,,,,0,270,Posted
29-09-2024,01.12102.000.0000.000.3706008.00000.000,eHIS,HIS_COLLECTION,3111575 HIS_COLLECTION 3358005YT7JQCWYLTG43,500181874,Journal Import 2604163:,/EFT/RECEIPT,2,,,,,0,850,Posted
29-09-2024,01.12102.000.0000.000.3706008.00000.000,eHIS,HIS_COLLECTION,3111578 HIS_COLLECTION 3358005YT7JQCWYLTG43,500181910,Journal Import 2604163:,/CASH/RECEIPT,2,,,,,0,410,Posted
29-09-2024,01.12102.000.0000.000.3706008.00000.000,eHIS,HIS_COLLECTION,3111582 HIS_COLLECTION 3358005YT7JQCWYLTG43,500181802,Journal Import 2604163:,/CASH/RECEIPT,2,,,,,0,4140,Posted
29-09-2024,01.12102.000.0000.000.3706008.00000.000,eHIS,HIS_COLLECTION,3111587 HIS_COLLECTION 3358005YT7JQCWYLTG43,500181902,Journal Import 2604163:,/CASH/RECEIPT,2,,,,,0,270,Posted
29-09-2024,01.12102.000.0000.000.3706008.00000.000,eHIS,HIS_COLLECTION,3111589 HIS_COLLECTION 3358005YT7JQCWYLTG43,500181903,Journal Import 2604163:,/CASH/RECEIPT,2,,,,,0,270,Posted
29-09-2024,01.12102.000.0000.000.3706008.00000.000,eHIS,HIS_COLLECTION,3111591 HIS_COLLECTION 3358005YT7JQCWYLTG43,500181904,Journal Import 2604163:,/CASH/RECEIPT,2,,,,,0,270,Posted
29-09-2024,01.12102.000.0000.000.3706008.00000.000,eHIS,HIS_COLLECTION,3111593 HIS_COLLECTION 3358005YT7JQCWYLTG43,500181905,Journal Import 2604163:,/CASH/RECEIPT,2,,,,,0,270,Posted
29-09-2024,01.12102.000.0000.000.3706008.00000.000,eHIS,HIS_COLLECTION,3111596 HIS_COLLECTION 3358005YT7JQCWYLTG43,500181906,Journal Import 2604163:,/CASH/RECEIPT,2,,,,,0,270,Posted
29-09-2024,01.12102.000.0000.000.3706008.00000.000,eHIS,HIS_COLLECTION,3111598 HIS_COLLECTION 3358005YT7JQCWYLTG43,500181907,Journal Import 2604163:,/CASH/RECEIPT,2,,,,,0,270,Posted
29-09-2024,01.12102.000.0000.000.3706008.00000.000,eHIS,HIS_COLLECTION,3111600 HIS_COLLECTION 3358005YT7JQCWYLTG43,500181908,Journal Import 2604163:,/CASH/RECEIPT,2,,,,,0,270,Posted
29-09-2024,01.12102.000.0000.000.3706008.00000.000,eHIS,HIS_COLLECTION,3111602 HIS_COLLECTION 3358005YT7JQCWYLTG43,500181909,Journal Import 2604163:,/CASH/RECEIPT,2,,,,,0,270,Posted
29-09-2024,01.12102.000.0000.000.3706008.00000.000,eHIS,HIS_COLLECTION,3111604 HIS_COLLECTION 3358005YT7JQCWYLTG43,500181781,Journal Import 2612134:,/EFT/RECEIPT,2,,,,,0,2659,Posted
29-09-2024,01.12102.000.0000.000.3706008.00000.000,eHIS,HIS_COLLECTION,3111617 HIS_COLLECTION 3358005YT7JQCWYLTG43,500181748,Journal Import 2612134:,/CASH/RECEIPT,2,,,,,0,100,Posted
29-09-2024,01.12102.000.0000.000.3706008.00000.000,eHIS,HIS_COLLECTION,3111623 HIS_COLLECTION 3358005YT7JQCWYLTG43,500181761,Journal Import 2612134:,/CASH/RECEIPT,2,,,,,0,2501,Posted
29-09-2024,01.12102.000.0000.000.3706008.00000.000,eHIS,HIS_COLLECTION,3111636 HIS_COLLECTION 3358005YT7JQCWYLTG43,500181754,Journal Import 2612134:,/CASH/RECEIPT,2,,,,,0,1400,Posted
29-09-2024,01.12102.000.0000.000.3706008.00000.000,eHIS,HIS_COLLECTION,3111637 HIS_COLLECTION 3358005YT7JQCWYLTG43,500181774,Journal Import 2612134:,/EFT/RECEIPT,2,,,,,0,50,Posted
29-09-2024,01.12102.000.0000.000.3706008.00000.000,eHIS,HIS_COLLECTION,3111641 HIS_COLLECTION 3358005YT7JQCWYLTG43,500181755,Journal Import 2612134:,/CASH/RECEIPT,2,,,,,0,1600,Posted
29-09-2024,01.12102.000.0000.000.3706008.00000.000,eHIS,HIS_COLLECTION,3111645 HIS_COLLECTION 3358005YT7JQCWYLTG43,500181782,Journal Import 2612134:,/EFT/RECEIPT,2,,,,,0,3500,Posted
29-09-2024,01.12102.000.0000.000.3706008.00000.000,eHIS,HIS_COLLECTION,3111647 HIS_COLLECTION 3358005YT7JQCWYLTG43,500181763,Journal Import 2612134:,/CASH/RECEIPT,2,,,,,0,3500,Posted
29-09-2024,01.12102.000.0000.000.3706008.00000.000,eHIS,HIS_COLLECTION,3111657 HIS_COLLECTION 3358005YT7JQCWYLTG43,500181756,Journal Import 2612134:,/CASH/RECEIPT,2,,,,,0,1850,Posted
29-09-2024,01.12102.000.0000.000.3706008.00000.000,eHIS,HIS_COLLECTION,3111661 HIS_COLLECTION 3358005YT7JQCWYLTG43,500181749,Journal Import 2612134:,/CASH/RECEIPT,2,,,,,0,100,Posted
29-09-2024,01.12102.000.0000.000.3706008.00000.000,eHIS,HIS_COLLECTION,3111663 HIS_COLLECTION 3358005YT7JQCWYLTG43,500181762,Journal Import 2612134:,/CASH/RECEIPT,2,,,,,0,2600,Posted
29-09-2024,01.12102.000.0000.000.3706008.00000.000,eHIS,HIS_COLLECTION,3111668 HIS_COLLECTION 3358005YT7JQCWYLTG43,500181757,Journal Import 2612134:,/CASH/RECEIPT,2,,,,,0,1850,Posted
29-09-2024,01.12102.000.0000.000.3706008.00000.000,eHIS,HIS_COLLECTION,3111670 HIS_COLLECTION 3358005YT7JQCWYLTG43,500181776,Journal Import 2612134:,/EFT/RECEIPT,2,,,,,0,220,Posted
29-09-2024,01.12102.000.0000.000.3706008.00000.000,eHIS,HIS_COLLECTION,3111673 HIS_COLLECTION 3358005YT7JQCWYLTG43,500181784,Journal Import 2612134:,/EFT/RECEIPT,2,,,,,0,3600,Posted
29-09-2024,01.12102.000.0000.000.3706008.00000.000,eHIS,HIS_COLLECTION,3111683 HIS_COLLECTION 3358005YT7JQCWYLTG43,500181750,Journal Import 2612134:,/CASH/RECEIPT,2,,,,,0,100,Posted
29-09-2024,01.12102.000.0000.000.3706008.00000.000,eHIS,HIS_COLLECTION,3111685 HIS_COLLECTION 3358005YT7JQCWYLTG43,500181780,Journal Import 2612134:,/EFT/RECEIPT,2,,,,,0,1850,Posted
29-09-2024,01.12102.000.0000.000.3706008.00000.000,eHIS,HIS_COLLECTION,3111705 HIS_COLLECTION 3358005YT7JQCWYLTG43,500181775,Journal Import 2612134:,/EFT/RECEIPT,2,,,,,0,100,Posted
29-09-2024,01.12102.000.0000.000.3706008.00000.000,eHIS,HIS_COLLECTION,3111711 HIS_COLLECTION 3358005YT7JQCWYLTG43,500181786,Journal Import 2612134:,/EFT/RECEIPT,2,,,,,0,5100,Posted
29-09-2024,01.12102.000.0000.000.3706008.00000.000,eHIS,HIS_COLLECTION,3111742 HIS_COLLECTION 3358005YT7JQCWYLTG43,500181783,Journal Import 2612134:,/CARD/RECEIPT,2,,,,,0,3500,Posted
29-09-2024,01.12102.000.0000.000.3706008.00000.000,eHIS,HIS_COLLECTION,3111764 HIS_COLLECTION 3358005YT7JQCWYLTG43,500181758,Journal Import 2612134:,/CASH/RECEIPT,2,,,,,0,1850,Posted
29-09-2024,01.12102.000.0000.000.3706008.00000.000,eHIS,HIS_COLLECTION,3111771 HIS_COLLECTION 3358005YT7JQCWYLTG43,500181751,Journal Import 2612134:,/CASH/RECEIPT,2,,,,,0,100,Posted
29-09-2024,01.12102.000.0000.000.3706008.00000.000,eHIS,HIS_COLLECTION,3111773 HIS_COLLECTION 3358005YT7JQCWYLTG43,500181752,Journal Import 2612134:,/CASH/RECEIPT,2,,,,,0,100,Posted
29-09-2024,01.12102.000.0000.000.3706008.00000.000,eHIS,HIS_COLLECTION,3111792 HIS_COLLECTION 3358005YT7JQCWYLTG43,500181753,Journal Import 2612134:,/CASH/RECEIPT,2,,,,,0,100,Posted
29-09-2024,01.12102.000.0000.000.3706008.00000.000,eHIS,HIS_COLLECTION,3111797 HIS_COLLECTION 3358005YT7JQCWYLTG43,500181777,Journal Import 2612134:,/EFT/RECEIPT,2,,,,,0,460,Posted
29-09-2024,01.12102.000.0000.000.3706008.00000.000,eHIS,HIS_COLLECTION,3111799 HIS_COLLECTION 3358005YT7JQCWYLTG43,500181760,Journal Import 2612134:,/CASH/RECEIPT,2,,,,,0,2229,Posted
29-09-2024,01.12102.000.0000.000.3706008.00000.000,eHIS,HIS_COLLECTION,3111801 HIS_COLLECTION 3358005YT7JQCWYLTG43,500181759,Journal Import 2612134:,/CASH/RECEIPT,2,,,,,0,2050,Posted
30-09-2024,01.12102.000.0000.000.3706008.00000.000,eHIS,HIS_COLLECTION,3111836 HIS_COLLECTION 3358005YT7JQCWYLTG43,500181961,Journal Import 2612134:,/CARD/RECEIPT,2,,,,,0,483,Posted
30-09-2024,01.12102.000.0000.000.3706008.00000.000,eHIS,HIS_COLLECTION,3111857 HIS_COLLECTION 3358005YT7JQCWYLTG43,500181952,Journal Import 2612134:,/CASH/RECEIPT,2,,,,,0,100,Posted
30-09-2024,01.12102.000.0000.000.3706008.00000.000,eHIS,HIS_COLLECTION,3111859 HIS_COLLECTION 3358005YT7JQCWYLTG43,500181962,Journal Import 2612134:,/EFT/RECEIPT,3,,,,,0,1000,Posted
30-09-2024,01.12102.000.0000.000.3706008.00000.000,eHIS,HIS_COLLECTION,3111859 HIS_COLLECTION 3358005YT7JQCWYLTG43,500181962,Journal Import 2612134:,/EFT/RECEIPT,4,,,,,0,2000,Posted
30-09-2024,01.12102.000.0000.000.3706008.00000.000,eHIS,HIS_COLLECTION,3111871 HIS_COLLECTION 3358005YT7JQCWYLTG43,500181954,Journal Import 2612134:,/EFT/RECEIPT,2,,,,,0,100,Posted
30-09-2024,01.12102.000.0000.000.3706008.00000.000,eHIS,HIS_COLLECTION,3111873 HIS_COLLECTION 3358005YT7JQCWYLTG43,500181955,Journal Import 2612134:,/EFT/RECEIPT,2,,,,,0,100,Posted
30-09-2024,01.12102.000.0000.000.3706008.00000.000,eHIS,HIS_COLLECTION,3111876 HIS_COLLECTION 3358005YT7JQCWYLTG43,500181963,Journal Import 2612134:,/EFT/RECEIPT,2,,,,,0,1650,Posted
30-09-2024,01.12102.000.0000.000.3706008.00000.000,eHIS,HIS_COLLECTION,3111878 HIS_COLLECTION 3358005YT7JQCWYLTG43,500181959,Journal Import 2612134:,/EFT/RECEIPT,2,,,,,0,249,Posted
30-09-2024,01.12102.000.0000.000.3706008.00000.000,eHIS,HIS_COLLECTION,3111879 HIS_COLLECTION 3358005YT7JQCWYLTG43,500181960,Journal Import 2612134:,/EFT/RECEIPT,2,,,,,0,263,Posted
30-09-2024,01.12102.000.0000.000.3706008.00000.000,eHIS,HIS_COLLECTION,3111880 HIS_COLLECTION 3358005YT7JQCWYLTG43,500181956,Journal Import 2612134:,/CARD/RECEIPT,2,,,,,0,100,Posted
30-09-2024,01.12102.000.0000.000.3706008.00000.000,eHIS,HIS_COLLECTION,3111882 HIS_COLLECTION 3358005YT7JQCWYLTG43,500181957,Journal Import 2612134:,/CARD/RECEIPT,2,,,,,0,104,Posted
30-09-2024,01.12102.000.0000.000.3706008.00000.000,eHIS,HIS_COLLECTION,3111883 HIS_COLLECTION 3358005YT7JQCWYLTG43,500181958,Journal Import 2612134:,/EFT/RECEIPT,2,,,,,0,220,Posted
30-09-2024,01.12102.000.0000.000.3706008.00000.000,eHIS,HIS_COLLECTION,3111896 HIS_COLLECTION 3358005YT7JQCWYLTG43,500182491,Journal Import 2628498:,/EFT/RECEIPT,2,,,,,0,100,Posted
30-09-2024,01.12102.000.0000.000.3706008.00000.000,eHIS,HIS_COLLECTION,3111898 HIS_COLLECTION 3358005YT7JQCWYLTG43,500182497,Journal Import 2628498:,/EFT/RECEIPT,2,,,,,0,220,Posted
30-09-2024,01.12102.000.0000.000.3706008.00000.000,eHIS,HIS_COLLECTION,3111906 HIS_COLLECTION 3358005YT7JQCWYLTG43,500182285,Journal Import 2628498:,/CASH/RECEIPT,2,,,,,0,100,Posted
30-09-2024,01.12102.000.0000.000.3706008.00000.000,eHIS,HIS_COLLECTION,3111908 HIS_COLLECTION 3358005YT7JQCWYLTG43,500182062,Journal Import 2628498:,/CASH/RECEIPT,2,,,,,0,1000,Posted
30-09-2024,01.12102.000.0000.000.3706008.00000.000,eHIS,HIS_COLLECTION,3111910 HIS_COLLECTION 3358005YT7JQCWYLTG43,500182031,Journal Import 2628498:,/CASH/RECEIPT,2,,,,,0,650,Posted
30-09-2024,01.12102.000.0000.000.3706008.00000.000,eHIS,HIS_COLLECTION,3111912 HIS_COLLECTION 3358005YT7JQCWYLTG43,500182206,Journal Import 2628498:,/CASH/RECEIPT,2,,,,,0,350,Posted
30-09-2024,01.12102.000.0000.000.3706008.00000.000,eHIS,HIS_COLLECTION,3111913 HIS_COLLECTION 3358005YT7JQCWYLTG43,500182072,Journal Import 2628498:,/EFT/RECEIPT,3,,,,,0,23,Posted
30-09-2024,01.12102.000.0000.000.3706008.00000.000,eHIS,HIS_COLLECTION,3111913 HIS_COLLECTION 3358005YT7JQCWYLTG43,500182072,Journal Import 2628498:,/CASH/RECEIPT,4,,,,,0,1200,Posted
30-09-2024,01.12102.000.0000.000.3706008.00000.000,eHIS,HIS_COLLECTION,3111914 HIS_COLLECTION 3358005YT7JQCWYLTG43,500182404,Journal Import 2628498:,/CARD/RECEIPT,2,,,,,0,1850,Posted
30-09-2024,01.12102.000.0000.000.3706008.00000.000,eHIS,HIS_COLLECTION,3111916 HIS_COLLECTION 3358005YT7JQCWYLTG43,500182492,Journal Import 2628498:,/EFT/RECEIPT,2,,,,,0,100,Posted
30-09-2024,01.12102.000.0000.000.3706008.00000.000,eHIS,HIS_COLLECTION,3111927 HIS_COLLECTION 3358005YT7JQCWYLTG43,500182573,Journal Import 2628498:,/CASH/RECEIPT,2,,,,,0,2600,Posted
30-09-2024,01.12102.000.0000.000.3706008.00000.000,eHIS,HIS_COLLECTION,3111930 HIS_COLLECTION 3358005YT7JQCWYLTG43,500182574,Journal Import 2628498:,/CASH/RECEIPT,2,,,,,0,2600,Posted
30-09-2024,01.12102.000.0000.000.3706008.00000.000,eHIS,HIS_COLLECTION,3111932 HIS_COLLECTION 3358005YT7JQCWYLTG43,500182584,Journal Import 2628498:,/CASH/RECEIPT,2,,,,,0,13900,Posted
30-09-2024,01.12102.000.0000.000.3706008.00000.000,eHIS,HIS_COLLECTION,3111947 HIS_COLLECTION 3358005YT7JQCWYLTG43,500182532,Journal Import 2628498:,/EFT/RECEIPT,2,,,,,0,650,Posted
30-09-2024,01.12102.000.0000.000.3706008.00000.000,eHIS,HIS_COLLECTION,3111965 HIS_COLLECTION 3358005YT7JQCWYLTG43,500182868,Journal Import 2659476:,/EFT/RECEIPT,2,,,,,0,350,Posted
30-09-2024,01.12102.000.0000.000.3706008.00000.000,eHIS,HIS_COLLECTION,3111980 HIS_COLLECTION 3358005YT7JQCWYLTG43,500182655,Journal Import 2628498:,/CASH/RECEIPT,2,,,,,0,1280,Posted
30-09-2024,01.12102.000.0000.000.3706008.00000.000,eHIS,HIS_COLLECTION,3111992 HIS_COLLECTION 3358005YT7JQCWYLTG43,500182533,Journal Import 2628498:,/EFT/RECEIPT,2,,,,,0,650,Posted
30-09-2024,01.12102.000.0000.000.3706008.00000.000,eHIS,HIS_COLLECTION,3112000 HIS_COLLECTION 3358005YT7JQCWYLTG43,500182400,Journal Import 2628498:,/EFT/RECEIPT,2,,,,,0,1480,Posted
30-09-2024,01.12102.000.0000.000.3706008.00000.000,eHIS,HIS_COLLECTION,3112011 HIS_COLLECTION 3358005YT7JQCWYLTG43,500182314,Journal Import 2628498:,/EFT/RECEIPT,2,,,,,0,5100,Posted
30-09-2024,01.12102.000.0000.000.3706008.00000.000,eHIS,HIS_COLLECTION,3112023 HIS_COLLECTION 3358005YT7JQCWYLTG43,500182058,Journal Import 2628498:,/CASH/RECEIPT,2,,,,,0,900,Posted
30-09-2024,01.12102.000.0000.000.3706008.00000.000,eHIS,HIS_COLLECTION,3112033 HIS_COLLECTION 3358005YT7JQCWYLTG43,500182202,Journal Import 2628498:,/CASH/RECEIPT,2,,,,,0,250,Posted
30-09-2024,01.12102.000.0000.000.3706008.00000.000,eHIS,HIS_COLLECTION,3112053 HIS_COLLECTION 3358005YT7JQCWYLTG43,500182380,Journal Import 2628498:,/EFT/RECEIPT,2,,,,,0,1450,Posted
30-09-2024,01.12102.000.0000.000.3706008.00000.000,eHIS,HIS_COLLECTION,3112085 HIS_COLLECTION 3358005YT7JQCWYLTG43,500182493,Journal Import 2628498:,/EFT/RECEIPT,2,,,,,0,100,Posted
30-09-2024,01.12102.000.0000.000.3706008.00000.000,eHIS,HIS_COLLECTION,3112094 HIS_COLLECTION 3358005YT7JQCWYLTG43,500182575,Journal Import 2628498:,/CASH/RECEIPT,2,,,,,0,2600,Posted
30-09-2024,01.12102.000.0000.000.3706008.00000.000,eHIS,HIS_COLLECTION,3112116 HIS_COLLECTION 3358005YT7JQCWYLTG43,500182199,Journal Import 2628498:,/CASH/RECEIPT,2,,,,,0,200,Posted
30-09-2024,01.12102.000.0000.000.3706008.00000.000,eHIS,HIS_COLLECTION,3112133 HIS_COLLECTION 3358005YT7JQCWYLTG43,500182033,Journal Import 2628498:,/CASH/RECEIPT,2,,,,,0,750,Posted
30-09-2024,01.12102.000.0000.000.3706008.00000.000,eHIS,HIS_COLLECTION,3112137 HIS_COLLECTION 3358005YT7JQCWYLTG43,500182579,Journal Import 2628498:,/CASH/RECEIPT,2,,,,,0,3930,Posted
30-09-2024,01.12102.000.0000.000.3706008.00000.000,eHIS,HIS_COLLECTION,3112143 HIS_COLLECTION 3358005YT7JQCWYLTG43,500182037,Journal Import 2628498:,/CASH/RECEIPT,2,,,,,0,800,Posted
30-09-2024,01.12102.000.0000.000.3706008.00000.000,eHIS,HIS_COLLECTION,3112158 HIS_COLLECTION 3358005YT7JQCWYLTG43,500182212,Journal Import 2628498:,/CASH/RECEIPT,2,,,,,0,500,Posted
30-09-2024,01.12102.000.0000.000.3706008.00000.000,eHIS,HIS_COLLECTION,3112174 HIS_COLLECTION 3358005YT7JQCWYLTG43,500182153,Journal Import 2628498:,/CASH/RECEIPT,2,,,,,0,600,Posted
30-09-2024,01.12102.000.0000.000.3706008.00000.000,eHIS,HIS_COLLECTION,3112186 HIS_COLLECTION 3358005YT7JQCWYLTG43,500182236,Journal Import 2628498:,/CARD/RECEIPT,2,,,,,0,21800,Posted
30-09-2024,01.12102.000.0000.000.3706008.00000.000,eHIS,HIS_COLLECTION,3112192 HIS_COLLECTION 3358005YT7JQCWYLTG43,500182213,Journal Import 2628498:,/CASH/RECEIPT,2,,,,,0,500,Posted
30-09-2024,01.12102.000.0000.000.3706008.00000.000,eHIS,HIS_COLLECTION,3112200 HIS_COLLECTION 3358005YT7JQCWYLTG43,500182214,Journal Import 2628498:,/CASH/RECEIPT,2,,,,,0,500,Posted
30-09-2024,01.12102.000.0000.000.3706008.00000.000,eHIS,HIS_COLLECTION,3112215 HIS_COLLECTION 3358005YT7JQCWYLTG43,500182440,Journal Import 2628498:,/CARD/RECEIPT,2,,,,,0,1100,Posted
30-09-2024,01.12102.000.0000.000.3706008.00000.000,eHIS,HIS_COLLECTION,3112224 HIS_COLLECTION 3358005YT7JQCWYLTG43,500182501,Journal Import 2628498:,/EFT/RECEIPT,2,,,,,0,500,Posted
30-09-2024,01.12102.000.0000.000.3706008.00000.000,eHIS,HIS_COLLECTION,3112230 HIS_COLLECTION 3358005YT7JQCWYLTG43,500182660,Journal Import 2628498:,/CASH/RECEIPT,2,,,,,0,1850,Posted
30-09-2024,01.12102.000.0000.000.3706008.00000.000,eHIS,HIS_COLLECTION,3112240 HIS_COLLECTION 3358005YT7JQCWYLTG43,500182661,Journal Import 2628498:,/CASH/RECEIPT,2,,,,,0,1850,Posted
30-09-2024,01.12102.000.0000.000.3706008.00000.000,eHIS,HIS_COLLECTION,3112242 HIS_COLLECTION 3358005YT7JQCWYLTG43,500182401,Journal Import 2628498:,/CARD/RECEIPT,2,,,,,0,1650,Posted
30-09-2024,01.12102.000.0000.000.3706008.00000.000,eHIS,HIS_COLLECTION,3112252 HIS_COLLECTION 3358005YT7JQCWYLTG43,500182210,Journal Import 2628498:,/CASH/RECEIPT,2,,,,,0,410,Posted
30-09-2024,01.12102.000.0000.000.3706008.00000.000,eHIS,HIS_COLLECTION,3112258 HIS_COLLECTION 3358005YT7JQCWYLTG43,500182073,Journal Import 2628498:,/CASH/RECEIPT,2,,,,,0,1200,Posted
30-09-2024,01.12102.000.0000.000.3706008.00000.000,eHIS,HIS_COLLECTION,3112262 HIS_COLLECTION 3358005YT7JQCWYLTG43,500182154,Journal Import 2628498:,/CASH/RECEIPT,2,,,,,0,600,Posted
30-09-2024,01.12102.000.0000.000.3706008.00000.000,eHIS,HIS_COLLECTION,3112271 HIS_COLLECTION 3358005YT7JQCWYLTG43,500182063,Journal Import 2628498:,/CASH/RECEIPT,2,,,,,0,1000,Posted
30-09-2024,01.12102.000.0000.000.3706008.00000.000,eHIS,HIS_COLLECTION,3112279 HIS_COLLECTION 3358005YT7JQCWYLTG43,500182502,Journal Import 2628498:,/EFT/RECEIPT,2,,,,,0,500,Posted
30-09-2024,01.12102.000.0000.000.3706008.00000.000,eHIS,HIS_COLLECTION,3112293 HIS_COLLECTION 3358005YT7JQCWYLTG43,500182155,Journal Import 2628498:,/CASH/RECEIPT,2,,,,,0,600,Posted
30-09-2024,01.12102.000.0000.000.3706008.00000.000,eHIS,HIS_COLLECTION,3112303 HIS_COLLECTION 3358005YT7JQCWYLTG43,500182068,Journal Import 2628498:,/CASH/RECEIPT,2,,,,,0,1100,Posted
30-09-2024,01.12102.000.0000.000.3706008.00000.000,eHIS,HIS_COLLECTION,3112305 HIS_COLLECTION 3358005YT7JQCWYLTG43,500182649,Journal Import 2628498:,/CASH/RECEIPT,2,,,,,0,1200,Posted
30-09-2024,01.12102.000.0000.000.3706008.00000.000,eHIS,HIS_COLLECTION,3112307 HIS_COLLECTION 3358005YT7JQCWYLTG43,500182059,Journal Import 2628498:,/CASH/RECEIPT,2,,,,,0,900,Posted
30-09-2024,01.12102.000.0000.000.3706008.00000.000,eHIS,HIS_COLLECTION,3112329 HIS_COLLECTION 3358005YT7JQCWYLTG43,500182060,Journal Import 2628498:,/CASH/RECEIPT,2,,,,,0,900,Posted
30-09-2024,01.12102.000.0000.000.3706008.00000.000,eHIS,HIS_COLLECTION,3112344 HIS_COLLECTION 3358005YT7JQCWYLTG43,500182034,Journal Import 2628498:,/CASH/RECEIPT,2,,,,,0,750,Posted
30-09-2024,01.12102.000.0000.000.3706008.00000.000,eHIS,HIS_COLLECTION,3112349 HIS_COLLECTION 3358005YT7JQCWYLTG43,500182315,Journal Import 2628498:,/EFT/RECEIPT,2,,,,,0,5220,Posted
30-09-2024,01.12102.000.0000.000.3706008.00000.000,eHIS,HIS_COLLECTION,3112355 HIS_COLLECTION 3358005YT7JQCWYLTG43,500182433,Journal Import 2628498:,/CARD/RECEIPT,2,,,,,0,900,Posted
30-09-2024,01.12102.000.0000.000.3706008.00000.000,eHIS,HIS_COLLECTION,3112363 HIS_COLLECTION 3358005YT7JQCWYLTG43,500182503,Journal Import 2628498:,/EFT/RECEIPT,2,,,,,0,500,Posted
30-09-2024,01.12102.000.0000.000.3706008.00000.000,eHIS,HIS_COLLECTION,3112371 HIS_COLLECTION 3358005YT7JQCWYLTG43,500182650,Journal Import 2628498:,/CASH/RECEIPT,2,,,,,0,1200,Posted
30-09-2024,01.12102.000.0000.000.3706008.00000.000,eHIS,HIS_COLLECTION,3112379 HIS_COLLECTION 3358005YT7JQCWYLTG43,500182124,Journal Import 2628498:,/CASH/RECEIPT,2,,,,,0,500,Posted
30-09-2024,01.12102.000.0000.000.3706008.00000.000,eHIS,HIS_COLLECTION,3112383 HIS_COLLECTION 3358005YT7JQCWYLTG43,500182125,Journal Import 2628498:,/CASH/RECEIPT,2,,,,,0,500,Posted
30-09-2024,01.12102.000.0000.000.3706008.00000.000,eHIS,HIS_COLLECTION,3112387 HIS_COLLECTION 3358005YT7JQCWYLTG43,500182126,Journal Import 2628498:,/CASH/RECEIPT,2,,,,,0,500,Posted
30-09-2024,01.12102.000.0000.000.3706008.00000.000,eHIS,HIS_COLLECTION,3112395 HIS_COLLECTION 3358005YT7JQCWYLTG43,500182434,Journal Import 2628498:,/EFT/RECEIPT,2,,,,,0,900,Posted
30-09-2024,01.12102.000.0000.000.3706008.00000.000,eHIS,HIS_COLLECTION,3112412 HIS_COLLECTION 3358005YT7JQCWYLTG43,500182158,Journal Import 2628498:,/CASH/RECEIPT,2,,,,,0,100,Posted
30-09-2024,01.12102.000.0000.000.3706008.00000.000,eHIS,HIS_COLLECTION,3112422 HIS_COLLECTION 3358005YT7JQCWYLTG43,500182069,Journal Import 2628498:,/CASH/RECEIPT,2,,,,,0,1100,Posted
30-09-2024,01.12102.000.0000.000.3706008.00000.000,eHIS,HIS_COLLECTION,3112426 HIS_COLLECTION 3358005YT7JQCWYLTG43,500182038,Journal Import 2628498:,/CASH/RECEIPT,2,,,,,0,800,Posted
30-09-2024,01.12102.000.0000.000.3706008.00000.000,eHIS,HIS_COLLECTION,3112449 HIS_COLLECTION 3358005YT7JQCWYLTG43,500182064,Journal Import 2628498:,/CASH/RECEIPT,2,,,,,0,1000,Posted
30-09-2024,01.12102.000.0000.000.3706008.00000.000,eHIS,HIS_COLLECTION,3112479 HIS_COLLECTION 3358005YT7JQCWYLTG43,500182198,Journal Import 2628498:,/CASH/RECEIPT,2,,,,,0,105,Posted
30-09-2024,01.12102.000.0000.000.3706008.00000.000,eHIS,HIS_COLLECTION,3112488 HIS_COLLECTION 3358005YT7JQCWYLTG43,500182156,Journal Import 2628498:,/CASH/RECEIPT,2,,,,,0,600,Posted
30-09-2024,01.12102.000.0000.000.3706008.00000.000,eHIS,HIS_COLLECTION,3112501 HIS_COLLECTION 3358005YT7JQCWYLTG43,500182658,Journal Import 2628498:,/CASH/RECEIPT,2,,,,,0,1700,Posted
30-09-2024,01.12102.000.0000.000.3706008.00000.000,eHIS,HIS_COLLECTION,3112507 HIS_COLLECTION 3358005YT7JQCWYLTG43,500182378,Journal Import 2628498:,/EFT/RECEIPT,2,,,,,0,1250,Posted
30-09-2024,01.12102.000.0000.000.3706008.00000.000,eHIS,HIS_COLLECTION,3112523 HIS_COLLECTION 3358005YT7JQCWYLTG43,500182127,Journal Import 2628498:,/CASH/RECEIPT,2,,,,,0,500,Posted
30-09-2024,01.12102.000.0000.000.3706008.00000.000,eHIS,HIS_COLLECTION,3112538 HIS_COLLECTION 3358005YT7JQCWYLTG43,500182580,Journal Import 2628498:,/CASH/RECEIPT,2,,,,,0,4500,Posted
30-09-2024,01.12102.000.0000.000.3706008.00000.000,eHIS,HIS_COLLECTION,3112563 HIS_COLLECTION 3358005YT7JQCWYLTG43,500182196,Journal Import 2628498:,/CASH/RECEIPT,2,,,,,0,100,Posted
30-09-2024,01.12102.000.0000.000.3706008.00000.000,eHIS,HIS_COLLECTION,3112567 HIS_COLLECTION 3358005YT7JQCWYLTG43,500182578,Journal Import 2628498:,/CASH/RECEIPT,2,,,,,0,3400,Posted
30-09-2024,01.12102.000.0000.000.3706008.00000.000,eHIS,HIS_COLLECTION,3112582 HIS_COLLECTION 3358005YT7JQCWYLTG43,500182504,Journal Import 2628498:,/EFT/RECEIPT,2,,,,,0,500,Posted
30-09-2024,01.12102.000.0000.000.3706008.00000.000,eHIS,HIS_COLLECTION,3112589 HIS_COLLECTION 3358005YT7JQCWYLTG43,500182651,Journal Import 2628498:,/CASH/RECEIPT,2,,,,,0,1200,Posted
30-09-2024,01.12102.000.0000.000.3706008.00000.000,eHIS,HIS_COLLECTION,3112591 HIS_COLLECTION 3358005YT7JQCWYLTG43,500182061,Journal Import 2628498:,/CASH/RECEIPT,2,,,,,0,900,Posted
30-09-2024,01.12102.000.0000.000.3706008.00000.000,eHIS,HIS_COLLECTION,3112599 HIS_COLLECTION 3358005YT7JQCWYLTG43,500182039,Journal Import 2628498:,/CASH/RECEIPT,2,,,,,0,800,Posted
30-09-2024,01.12102.000.0000.000.3706008.00000.000,eHIS,HIS_COLLECTION,3112603 HIS_COLLECTION 3358005YT7JQCWYLTG43,500182211,Journal Import 2628498:,/CASH/RECEIPT,2,,,,,0,450,Posted
30-09-2024,01.12102.000.0000.000.3706008.00000.000,eHIS,HIS_COLLECTION,3112610 HIS_COLLECTION 3358005YT7JQCWYLTG43,500182583,Journal Import 2628498:,/CASH/RECEIPT,2,,,,,0,8010,Posted
30-09-2024,01.12102.000.0000.000.3706008.00000.000,eHIS,HIS_COLLECTION,3112613 HIS_COLLECTION 3358005YT7JQCWYLTG43,500182070,Journal Import 2628498:,/CASH/RECEIPT,2,,,,,0,1100,Posted
30-09-2024,01.12102.000.0000.000.3706008.00000.000,eHIS,HIS_COLLECTION,3112642 HIS_COLLECTION 3358005YT7JQCWYLTG43,500182441,Journal Import 2628498:,/EFT/RECEIPT,2,,,,,0,1100,Posted
30-09-2024,01.12102.000.0000.000.3706008.00000.000,eHIS,HIS_COLLECTION,3112656 HIS_COLLECTION 3358005YT7JQCWYLTG43,500182128,Journal Import 2628498:,/CASH/RECEIPT,2,,,,,0,500,Posted
30-09-2024,01.12102.000.0000.000.3706008.00000.000,eHIS,HIS_COLLECTION,3112662 HIS_COLLECTION 3358005YT7JQCWYLTG43,500182367,Journal Import 2628498:,/EFT/RECEIPT,2,,,,,0,1100,Posted
30-09-2024,01.12102.000.0000.000.3706008.00000.000,eHIS,HIS_COLLECTION,3112670 HIS_COLLECTION 3358005YT7JQCWYLTG43,500182129,Journal Import 2628498:,/CASH/RECEIPT,2,,,,,0,500,Posted
30-09-2024,01.12102.000.0000.000.3706008.00000.000,eHIS,HIS_COLLECTION,3112700 HIS_COLLECTION 3358005YT7JQCWYLTG43,500182869,Journal Import 2659476:,/EFT/RECEIPT,2,,,,,0,350,Posted
30-09-2024,01.12102.000.0000.000.3706008.00000.000,eHIS,HIS_COLLECTION,3112720 HIS_COLLECTION 3358005YT7JQCWYLTG43,500182409,Journal Import 2628498:,/EFT/RECEIPT,2,,,,,0,2000,Posted
30-09-2024,01.12102.000.0000.000.3706008.00000.000,eHIS,HIS_COLLECTION,3112721 HIS_COLLECTION 3358005YT7JQCWYLTG43,500182438,Journal Import 2628498:,/EFT/RECEIPT,2,,,,,0,1050,Posted
30-09-2024,01.12102.000.0000.000.3706008.00000.000,eHIS,HIS_COLLECTION,3112724 HIS_COLLECTION 3358005YT7JQCWYLTG43,500182374,Journal Import 2628498:,/DEPOSIT ADJUSTMENT/TRANSFER/RECEIPT,2,,,,,0,1200,Posted
30-09-2024,01.12102.000.0000.000.3706008.00000.000,eHIS,HIS_COLLECTION,3112725 HIS_COLLECTION 3358005YT7JQCWYLTG43,500182245,Journal Import 2628498:,/DEPOSIT ADJUSTMENT/TRANSFER/REFUND,1,,,,,1200,0,Posted
30-09-2024,01.12102.000.0000.000.3706008.00000.000,eHIS,HIS_COLLECTION,3112725 HIS_COLLECTION 3358005YT7JQCWYLTG43,500182245,Journal Import 2628498:,/DEPOSIT ADJUSTMENT/TRANSFER/REFUND,2,,,,,0,1200,Posted
30-09-2024,01.12102.000.0000.000.3706008.00000.000,eHIS,HIS_COLLECTION,3112733 HIS_COLLECTION 3358005YT7JQCWYLTG43,500182405,Journal Import 2628498:,/DEPOSIT ADJUSTMENT/TRANSFER/RECEIPT,2,,,,,0,1850,Posted
30-09-2024,01.12102.000.0000.000.3706008.00000.000,eHIS,HIS_COLLECTION,3112734 HIS_COLLECTION 3358005YT7JQCWYLTG43,500182246,Journal Import 2628498:,/DEPOSIT ADJUSTMENT/TRANSFER/REFUND,1,,,,,1850,0,Posted
30-09-2024,01.12102.000.0000.000.3706008.00000.000,eHIS,HIS_COLLECTION,3112734 HIS_COLLECTION 3358005YT7JQCWYLTG43,500182246,Journal Import 2628498:,/DEPOSIT ADJUSTMENT/TRANSFER/REFUND,2,,,,,0,1850,Posted
30-09-2024,01.12102.000.0000.000.3706008.00000.000,eHIS,HIS_COLLECTION,3112738 HIS_COLLECTION 3358005YT7JQCWYLTG43,500182288,Journal Import 2628498:,/CARD/RECEIPT,2,,,,,0,3550,Posted
30-09-2024,01.12102.000.0000.000.3706008.00000.000,eHIS,HIS_COLLECTION,3112745 HIS_COLLECTION 3358005YT7JQCWYLTG43,500182534,Journal Import 2628498:,/CARD/RECEIPT,2,,,,,0,650,Posted
30-09-2024,01.12102.000.0000.000.3706008.00000.000,eHIS,HIS_COLLECTION,3112747 HIS_COLLECTION 3358005YT7JQCWYLTG43,500182157,Journal Import 2628498:,/CASH/RECEIPT,2,,,,,0,600,Posted
30-09-2024,01.12102.000.0000.000.3706008.00000.000,eHIS,HIS_COLLECTION,3112761 HIS_COLLECTION 3358005YT7JQCWYLTG43,500182130,Journal Import 2628498:,/CASH/RECEIPT,2,,,,,0,500,Posted
30-09-2024,01.12102.000.0000.000.3706008.00000.000,eHIS,HIS_COLLECTION,3112769 HIS_COLLECTION 3358005YT7JQCWYLTG43,500182065,Journal Import 2628498:,/CASH/RECEIPT,2,,,,,0,1000,Posted
30-09-2024,01.12102.000.0000.000.3706008.00000.000,eHIS,HIS_COLLECTION,3112771 HIS_COLLECTION 3358005YT7JQCWYLTG43,500182066,Journal Import 2628498:,/CASH/RECEIPT,2,,,,,0,1000,Posted
30-09-2024,01.12102.000.0000.000.3706008.00000.000,eHIS,HIS_COLLECTION,3112783 HIS_COLLECTION 3358005YT7JQCWYLTG43,500182208,Journal Import 2628498:,/CASH/RECEIPT,2,,,,,0,400,Posted
30-09-2024,01.12102.000.0000.000.3706008.00000.000,eHIS,HIS_COLLECTION,3112796 HIS_COLLECTION 3358005YT7JQCWYLTG43,500182200,Journal Import 2628498:,/CASH/RECEIPT,2,,,,,0,200,Posted
30-09-2024,01.12102.000.0000.000.3706008.00000.000,eHIS,HIS_COLLECTION,3112800 HIS_COLLECTION 3358005YT7JQCWYLTG43,500182368,Journal Import 2628498:,/EFT/RECEIPT,2,,,,,0,1100,Posted
30-09-2024,01.12102.000.0000.000.3706008.00000.000,eHIS,HIS_COLLECTION,3112804 HIS_COLLECTION 3358005YT7JQCWYLTG43,500182411,Journal Import 2628498:,/EFT/RECEIPT,2,,,,,0,3000,Posted
30-09-2024,01.12102.000.0000.000.3706008.00000.000,eHIS,HIS_COLLECTION,3112808 HIS_COLLECTION 3358005YT7JQCWYLTG43,500182203,Journal Import 2628498:,/CASH/RECEIPT,2,,,,,0,250,Posted
30-09-2024,01.12102.000.0000.000.3706008.00000.000,eHIS,HIS_COLLECTION,3112820 HIS_COLLECTION 3358005YT7JQCWYLTG43,500182375,Journal Import 2628498:,/EFT/RECEIPT,2,,,,,0,1200,Posted
30-09-2024,01.12102.000.0000.000.3706008.00000.000,eHIS,HIS_COLLECTION,3112824 HIS_COLLECTION 3358005YT7JQCWYLTG43,500182376,Journal Import 2628498:,/EFT/RECEIPT,2,,,,,0,1200,Posted
30-09-2024,01.12102.000.0000.000.3706008.00000.000,eHIS,HIS_COLLECTION,3112828 HIS_COLLECTION 3358005YT7JQCWYLTG43,500182369,Journal Import 2628498:,/EFT/RECEIPT,2,,,,,0,1100,Posted
30-09-2024,01.12102.000.0000.000.3706008.00000.000,eHIS,HIS_COLLECTION,3112832 HIS_COLLECTION 3358005YT7JQCWYLTG43,500182131,Journal Import 2628498:,/CASH/RECEIPT,2,,,,,0,500,Posted
30-09-2024,01.12102.000.0000.000.3706008.00000.000,eHIS,HIS_COLLECTION,3112837 HIS_COLLECTION 3358005YT7JQCWYLTG43,500182505,Journal Import 2628498:,/EFT/RECEIPT,2,,,,,0,500,Posted
30-09-2024,01.12102.000.0000.000.3706008.00000.000,eHIS,HIS_COLLECTION,3112875 HIS_COLLECTION 3358005YT7JQCWYLTG43,500182652,Journal Import 2628498:,/CASH/RECEIPT,2,,,,,0,1200,Posted
30-09-2024,01.12102.000.0000.000.3706008.00000.000,eHIS,HIS_COLLECTION,3112879 HIS_COLLECTION 3358005YT7JQCWYLTG43,500182582,Journal Import 2628498:,/CASH/RECEIPT,2,,,,,0,7600,Posted
30-09-2024,01.12102.000.0000.000.3706008.00000.000,eHIS,HIS_COLLECTION,3112880 HIS_COLLECTION 3358005YT7JQCWYLTG43,500182489,Journal Import 2628498:,/EFT/RECEIPT,2,,,,,0,50,Posted
30-09-2024,01.12102.000.0000.000.3706008.00000.000,eHIS,HIS_COLLECTION,3112884 HIS_COLLECTION 3358005YT7JQCWYLTG43,500182662,Journal Import 2628498:,/CASH/RECEIPT,2,,,,,0,1850,Posted
30-09-2024,01.12102.000.0000.000.3706008.00000.000,eHIS,HIS_COLLECTION,3112893 HIS_COLLECTION 3358005YT7JQCWYLTG43,500182663,Journal Import 2628498:,/CASH/RECEIPT,2,,,,,0,1850,Posted
30-09-2024,01.12102.000.0000.000.3706008.00000.000,eHIS,HIS_COLLECTION,3112901 HIS_COLLECTION 3358005YT7JQCWYLTG43,500182377,Journal Import 2628498:,/EFT/RECEIPT,2,,,,,0,1200,Posted
30-09-2024,01.12102.000.0000.000.3706008.00000.000,eHIS,HIS_COLLECTION,3112928 HIS_COLLECTION 3358005YT7JQCWYLTG43,500182667,Journal Import 2628498:,/CASH/RECEIPT,2,,,,,0,2320,Posted
30-09-2024,01.12102.000.0000.000.3706008.00000.000,eHIS,HIS_COLLECTION,3112937 HIS_COLLECTION 3358005YT7JQCWYLTG43,500182496,Journal Import 2628498:,/EFT/RECEIPT,2,,,,,0,200,Posted
30-09-2024,01.12102.000.0000.000.3706008.00000.000,eHIS,HIS_COLLECTION,3112939 HIS_COLLECTION 3358005YT7JQCWYLTG43,500182537,Journal Import 2628498:,/EFT/RECEIPT,2,,,,,0,800,Posted
30-09-2024,01.12102.000.0000.000.3706008.00000.000,eHIS,HIS_COLLECTION,3112945 HIS_COLLECTION 3358005YT7JQCWYLTG43,500182506,Journal Import 2628498:,/EFT/RECEIPT,2,,,,,0,500,Posted
30-09-2024,01.12102.000.0000.000.3706008.00000.000,eHIS,HIS_COLLECTION,3112961 HIS_COLLECTION 3358005YT7JQCWYLTG43,500182132,Journal Import 2628498:,/CASH/RECEIPT,2,,,,,0,500,Posted
30-09-2024,01.12102.000.0000.000.3706008.00000.000,eHIS,HIS_COLLECTION,3112967 HIS_COLLECTION 3358005YT7JQCWYLTG43,500182133,Journal Import 2628498:,/CASH/RECEIPT,2,,,,,0,500,Posted
30-09-2024,01.12102.000.0000.000.3706008.00000.000,eHIS,HIS_COLLECTION,3112979 HIS_COLLECTION 3358005YT7JQCWYLTG43,500182318,Journal Import 2628498:,/EFT/RECEIPT,2,,,,,0,8300,Posted
30-09-2024,01.12102.000.0000.000.3706008.00000.000,eHIS,HIS_COLLECTION,3112989 HIS_COLLECTION 3358005YT7JQCWYLTG43,500182287,Journal Import 2628498:,/EFT/RECEIPT,2,,,,,0,3500,Posted
30-09-2024,01.12102.000.0000.000.3706008.00000.000,eHIS,HIS_COLLECTION,3113014 HIS_COLLECTION 3358005YT7JQCWYLTG43,500182040,Journal Import 2628498:,/CASH/RECEIPT,2,,,,,0,800,Posted
30-09-2024,01.12102.000.0000.000.3706008.00000.000,eHIS,HIS_COLLECTION,3113027 HIS_COLLECTION 3358005YT7JQCWYLTG43,500182538,Journal Import 2628498:,/EFT/RECEIPT,2,,,,,0,800,Posted
30-09-2024,01.12102.000.0000.000.3706008.00000.000,eHIS,HIS_COLLECTION,3113035 HIS_COLLECTION 3358005YT7JQCWYLTG43,500182435,Journal Import 2628498:,/CARD/RECEIPT,2,,,,,0,900,Posted
30-09-2024,01.12102.000.0000.000.3706008.00000.000,eHIS,HIS_COLLECTION,3113048 HIS_COLLECTION 3358005YT7JQCWYLTG43,500182134,Journal Import 2628498:,/CASH/RECEIPT,2,,,,,0,500,Posted
30-09-2024,01.12102.000.0000.000.3706008.00000.000,eHIS,HIS_COLLECTION,3113059 HIS_COLLECTION 3358005YT7JQCWYLTG43,500182135,Journal Import 2628498:,/CASH/RECEIPT,2,,,,,0,500,Posted
30-09-2024,01.12102.000.0000.000.3706008.00000.000,eHIS,HIS_COLLECTION,3113088 HIS_COLLECTION 3358005YT7JQCWYLTG43,500182656,Journal Import 2628498:,/CASH/RECEIPT,2,,,,,0,1300,Posted
30-09-2024,01.12102.000.0000.000.3706008.00000.000,eHIS,HIS_COLLECTION,3113097 HIS_COLLECTION 3358005YT7JQCWYLTG43,500183018,Journal Import 2628498:,/CASH/RECEIPT,2,,,,,0,500,Posted
30-09-2024,01.12102.000.0000.000.3706008.00000.000,eHIS,HIS_COLLECTION,3113109 HIS_COLLECTION 3358005YT7JQCWYLTG43,500183019,Journal Import 2628498:,/CASH/RECEIPT,2,,,,,0,500,Posted
30-09-2024,01.12102.000.0000.000.3706008.00000.000,eHIS,HIS_COLLECTION,3113125 HIS_COLLECTION 3358005YT7JQCWYLTG43,500182437,Journal Import 2628498:,/EFT/RECEIPT,2,,,,,0,1000,Posted
30-09-2024,01.12102.000.0000.000.3706008.00000.000,eHIS,HIS_COLLECTION,3113131 HIS_COLLECTION 3358005YT7JQCWYLTG43,500182410,Journal Import 2628498:,/EFT/RECEIPT,2,,,,,0,2000,Posted
30-09-2024,01.12102.000.0000.000.3706008.00000.000,eHIS,HIS_COLLECTION,3113132 HIS_COLLECTION 3358005YT7JQCWYLTG43,500182494,Journal Import 2628498:,/EFT/RECEIPT,2,,,,,0,100,Posted
30-09-2024,01.12102.000.0000.000.3706008.00000.000,eHIS,HIS_COLLECTION,3113142 HIS_COLLECTION 3358005YT7JQCWYLTG43,500182412,Journal Import 2628498:,/DEPOSIT ADJUSTMENT/TRANSFER/RECEIPT,2,,,,,0,3000,Posted
30-09-2024,01.12102.000.0000.000.3706008.00000.000,eHIS,HIS_COLLECTION,3113143 HIS_COLLECTION 3358005YT7JQCWYLTG43,500182247,Journal Import 2628498:,/DEPOSIT ADJUSTMENT/TRANSFER/REFUND,1,,,,,3000,0,Posted
30-09-2024,01.12102.000.0000.000.3706008.00000.000,eHIS,HIS_COLLECTION,3113143 HIS_COLLECTION 3358005YT7JQCWYLTG43,500182247,Journal Import 2628498:,/DEPOSIT ADJUSTMENT/TRANSFER/REFUND,2,,,,,0,3000,Posted
30-09-2024,01.12102.000.0000.000.3706008.00000.000,eHIS,HIS_COLLECTION,3113145 HIS_COLLECTION 3358005YT7JQCWYLTG43,500182067,Journal Import 2628498:,/CASH/RECEIPT,2,,,,,0,1000,Posted
30-09-2024,01.12102.000.0000.000.3706008.00000.000,eHIS,HIS_COLLECTION,3113150 HIS_COLLECTION 3358005YT7JQCWYLTG43,500182659,Journal Import 2628498:,/CASH/RECEIPT,2,,,,,0,1700,Posted
30-09-2024,01.12102.000.0000.000.3706008.00000.000,eHIS,HIS_COLLECTION,3113152 HIS_COLLECTION 3358005YT7JQCWYLTG43,500182244,Journal Import 2628498:,/EFT/RECEIPT,2,,,,,0,100000,Posted
30-09-2024,01.12102.000.0000.000.3706008.00000.000,eHIS,HIS_COLLECTION,3113157 HIS_COLLECTION 3358005YT7JQCWYLTG43,500182284,Journal Import 2628498:,/EFT/REFUND,2,,,,,100000,0,Posted
30-09-2024,01.12102.000.0000.000.3706008.00000.000,eHIS,HIS_COLLECTION,3113160 HIS_COLLECTION 3358005YT7JQCWYLTG43,500182571,Journal Import 2628498:,/CASH/RECEIPT,2,,,,,0,2400,Posted
30-09-2024,01.12102.000.0000.000.3706008.00000.000,eHIS,HIS_COLLECTION,3113162 HIS_COLLECTION 3358005YT7JQCWYLTG43,500182498,Journal Import 2628498:,/EFT/RECEIPT,2,,,,,0,250,Posted
30-09-2024,01.12102.000.0000.000.3706008.00000.000,eHIS,HIS_COLLECTION,3113164 HIS_COLLECTION 3358005YT7JQCWYLTG43,500182653,Journal Import 2628498:,/CASH/RECEIPT,2,,,,,0,1200,Posted
30-09-2024,01.12102.000.0000.000.3706008.00000.000,eHIS,HIS_COLLECTION,3113166 HIS_COLLECTION 3358005YT7JQCWYLTG43,500182539,Journal Import 2628498:,/EFT/RECEIPT,2,,,,,0,800,Posted
30-09-2024,01.12102.000.0000.000.3706008.00000.000,eHIS,HIS_COLLECTION,3113175 HIS_COLLECTION 3358005YT7JQCWYLTG43,500182495,Journal Import 2628498:,/EFT/RECEIPT,2,,,,,0,100,Posted
30-09-2024,01.12102.000.0000.000.3706008.00000.000,eHIS,HIS_COLLECTION,3113177 HIS_COLLECTION 3358005YT7JQCWYLTG43,500182071,Journal Import 2628498:,/CASH/RECEIPT,2,,,,,0,1100,Posted
30-09-2024,01.12102.000.0000.000.3706008.00000.000,eHIS,HIS_COLLECTION,3113183 HIS_COLLECTION 3358005YT7JQCWYLTG43,500183020,Journal Import 2628498:,/CASH/RECEIPT,2,,,,,0,500,Posted
30-09-2024,01.12102.000.0000.000.3706008.00000.000,eHIS,HIS_COLLECTION,3113185 HIS_COLLECTION 3358005YT7JQCWYLTG43,500182370,Journal Import 2628498:,/EFT/RECEIPT,2,,,,,0,1100,Posted
30-09-2024,01.12102.000.0000.000.3706008.00000.000,eHIS,HIS_COLLECTION,3113192 HIS_COLLECTION 3358005YT7JQCWYLTG43,500182540,Journal Import 2628498:,/EFT/RECEIPT,2,,,,,0,800,Posted
30-09-2024,01.12102.000.0000.000.3706008.00000.000,eHIS,HIS_COLLECTION,3113200 HIS_COLLECTION 3358005YT7JQCWYLTG43,500182499,Journal Import 2628498:,/EFT/RECEIPT,2,,,,,0,250,Posted
30-09-2024,01.12102.000.0000.000.3706008.00000.000,eHIS,HIS_COLLECTION,3113202 HIS_COLLECTION 3358005YT7JQCWYLTG43,500183021,Journal Import 2628498:,/CASH/RECEIPT,2,,,,,0,500,Posted
30-09-2024,01.12102.000.0000.000.3706008.00000.000,eHIS,HIS_COLLECTION,3113216 HIS_COLLECTION 3358005YT7JQCWYLTG43,500182541,Journal Import 2628498:,/CARD/RECEIPT,2,,,,,0,800,Posted
30-09-2024,01.12102.000.0000.000.3706008.00000.000,eHIS,HIS_COLLECTION,3113226 HIS_COLLECTION 3358005YT7JQCWYLTG43,500182035,Journal Import 2628498:,/CASH/RECEIPT,2,,,,,0,750,Posted
30-09-2024,01.12102.000.0000.000.3706008.00000.000,eHIS,HIS_COLLECTION,3113233 HIS_COLLECTION 3358005YT7JQCWYLTG43,500183022,Journal Import 2628498:,/CASH/RECEIPT,2,,,,,0,500,Posted
30-09-2024,01.12102.000.0000.000.3706008.00000.000,eHIS,HIS_COLLECTION,3113239 HIS_COLLECTION 3358005YT7JQCWYLTG43,500182414,Journal Import 2628498:,/EFT/RECEIPT,2,,,,,0,800,Posted
30-09-2024,01.12102.000.0000.000.3706008.00000.000,eHIS,HIS_COLLECTION,3113245 HIS_COLLECTION 3358005YT7JQCWYLTG43,500182204,Journal Import 2628498:,/CASH/RECEIPT,2,,,,,0,299,Posted
30-09-2024,01.12102.000.0000.000.3706008.00000.000,eHIS,HIS_COLLECTION,3113253 HIS_COLLECTION 3358005YT7JQCWYLTG43,500182205,Journal Import 2628498:,/CASH/RECEIPT,2,,,,,0,299,Posted
30-09-2024,01.12102.000.0000.000.3706008.00000.000,eHIS,HIS_COLLECTION,3113261 HIS_COLLECTION 3358005YT7JQCWYLTG43,500182379,Journal Import 2628498:,/EFT/RECEIPT,2,,,,,0,1300,Posted
30-09-2024,01.12102.000.0000.000.3706008.00000.000,eHIS,HIS_COLLECTION,3113265 HIS_COLLECTION 3358005YT7JQCWYLTG43,500182415,Journal Import 2628498:,/EFT/RECEIPT,2,,,,,0,800,Posted
30-09-2024,01.12102.000.0000.000.3706008.00000.000,eHIS,HIS_COLLECTION,3113269 HIS_COLLECTION 3358005YT7JQCWYLTG43,500182371,Journal Import 2628498:,/EFT/RECEIPT,2,,,,,0,1100,Posted
30-09-2024,01.12102.000.0000.000.3706008.00000.000,eHIS,HIS_COLLECTION,3113273 HIS_COLLECTION 3358005YT7JQCWYLTG43,500182871,Journal Import 2659476:,/EFT/RECEIPT,2,,,,,0,1180,Posted
30-09-2024,01.12102.000.0000.000.3706008.00000.000,eHIS,HIS_COLLECTION,3113278 HIS_COLLECTION 3358005YT7JQCWYLTG43,500182536,Journal Import 2628498:,/EFT/RECEIPT,2,,,,,0,720,Posted
30-09-2024,01.12102.000.0000.000.3706008.00000.000,eHIS,HIS_COLLECTION,3113280 HIS_COLLECTION 3358005YT7JQCWYLTG43,500182041,Journal Import 2628498:,/CASH/RECEIPT,2,,,,,0,800,Posted
30-09-2024,01.12102.000.0000.000.3706008.00000.000,eHIS,HIS_COLLECTION,3113294 HIS_COLLECTION 3358005YT7JQCWYLTG43,500182042,Journal Import 2628498:,/CASH/RECEIPT,2,,,,,0,800,Posted
30-09-2024,01.12102.000.0000.000.3706008.00000.000,eHIS,HIS_COLLECTION,3113309 HIS_COLLECTION 3358005YT7JQCWYLTG43,500182870,Journal Import 2659476:,/EFT/RECEIPT,2,,,,,0,350,Posted
30-09-2024,01.12102.000.0000.000.3706008.00000.000,eHIS,HIS_COLLECTION,3113313 HIS_COLLECTION 3358005YT7JQCWYLTG43,500182207,Journal Import 2628498:,/CASH/RECEIPT,2,,,,,0,350,Posted
30-09-2024,01.12102.000.0000.000.3706008.00000.000,eHIS,HIS_COLLECTION,3113317 HIS_COLLECTION 3358005YT7JQCWYLTG43,500182197,Journal Import 2628498:,/CASH/RECEIPT,2,,,,,0,100,Posted
30-09-2024,01.12102.000.0000.000.3706008.00000.000,eHIS,HIS_COLLECTION,3113318 HIS_COLLECTION 3358005YT7JQCWYLTG43,500182535,Journal Import 2628498:,/EFT/RECEIPT,2,,,,,0,700,Posted
30-09-2024,01.12102.000.0000.000.3706008.00000.000,eHIS,HIS_COLLECTION,3113324 HIS_COLLECTION 3358005YT7JQCWYLTG43,500182526,Journal Import 2628498:,/EFT/RECEIPT,2,,,,,0,500,Posted
30-09-2024,01.12102.000.0000.000.3706008.00000.000,eHIS,HIS_COLLECTION,3113330 HIS_COLLECTION 3358005YT7JQCWYLTG43,500182416,Journal Import 2628498:,/EFT/RECEIPT,2,,,,,0,800,Posted
30-09-2024,01.12102.000.0000.000.3706008.00000.000,eHIS,HIS_COLLECTION,3113343 HIS_COLLECTION 3358005YT7JQCWYLTG43,500182316,Journal Import 2628498:,/EFT/RECEIPT,2,,,,,0,6750,Posted
30-09-2024,01.12102.000.0000.000.3706008.00000.000,eHIS,HIS_COLLECTION,3113349 HIS_COLLECTION 3358005YT7JQCWYLTG43,500182527,Journal Import 2628498:,/EFT/RECEIPT,2,,,,,0,500,Posted
30-09-2024,01.12102.000.0000.000.3706008.00000.000,eHIS,HIS_COLLECTION,3113351 HIS_COLLECTION 3358005YT7JQCWYLTG43,500182528,Journal Import 2628498:,/EFT/RECEIPT,2,,,,,0,500,Posted
30-09-2024,01.12102.000.0000.000.3706008.00000.000,eHIS,HIS_COLLECTION,3113355 HIS_COLLECTION 3358005YT7JQCWYLTG43,500182576,Journal Import 2628498:,/CASH/RECEIPT,2,,,,,0,3000,Posted
30-09-2024,01.12102.000.0000.000.3706008.00000.000,eHIS,HIS_COLLECTION,3113357 HIS_COLLECTION 3358005YT7JQCWYLTG43,500182529,Journal Import 2628498:,/EFT/RECEIPT,2,,,,,0,500,Posted
30-09-2024,01.12102.000.0000.000.3706008.00000.000,eHIS,HIS_COLLECTION,3113361 HIS_COLLECTION 3358005YT7JQCWYLTG43,500182403,Journal Import 2628498:,/EFT/RECEIPT,2,,,,,0,1700,Posted
30-09-2024,01.12102.000.0000.000.3706008.00000.000,eHIS,HIS_COLLECTION,3113363 HIS_COLLECTION 3358005YT7JQCWYLTG43,500182572,Journal Import 2628498:,/CASH/RECEIPT,2,,,,,0,2400,Posted
30-09-2024,01.12102.000.0000.000.3706008.00000.000,eHIS,HIS_COLLECTION,3113365 HIS_COLLECTION 3358005YT7JQCWYLTG43,500182036,Journal Import 2628498:,/CASH/RECEIPT,2,,,,,0,750,Posted
30-09-2024,01.12102.000.0000.000.3706008.00000.000,eHIS,HIS_COLLECTION,3113379 HIS_COLLECTION 3358005YT7JQCWYLTG43,500182312,Journal Import 2628498:,/EFT/RECEIPT,2,,,,,0,5000,Posted
30-09-2024,01.12102.000.0000.000.3706008.00000.000,eHIS,HIS_COLLECTION,3113380 HIS_COLLECTION 3358005YT7JQCWYLTG43,500182372,Journal Import 2628498:,/EFT/RECEIPT,2,,,,,0,1100,Posted
30-09-2024,01.12102.000.0000.000.3706008.00000.000,eHIS,HIS_COLLECTION,3113383 HIS_COLLECTION 3358005YT7JQCWYLTG43,500182531,Journal Import 2628498:,/EFT/RECEIPT,2,,,,,0,600,Posted
30-09-2024,01.12102.000.0000.000.3706008.00000.000,eHIS,HIS_COLLECTION,3113385 HIS_COLLECTION 3358005YT7JQCWYLTG43,500182209,Journal Import 2628498:,/CASH/RECEIPT,2,,,,,0,400,Posted
30-09-2024,01.12102.000.0000.000.3706008.00000.000,eHIS,HIS_COLLECTION,3113386 HIS_COLLECTION 3358005YT7JQCWYLTG43,500182289,Journal Import 2628498:,/EFT/RECEIPT,2,,,,,0,4080,Posted
30-09-2024,01.12102.000.0000.000.3706008.00000.000,eHIS,HIS_COLLECTION,3113393 HIS_COLLECTION 3358005YT7JQCWYLTG43,500182500,Journal Import 2628498:,/CARD/RECEIPT,2,,,,,0,350,Posted
30-09-2024,01.12102.000.0000.000.3706008.00000.000,eHIS,HIS_COLLECTION,3113395 HIS_COLLECTION 3358005YT7JQCWYLTG43,500182413,Journal Import 2628498:,/EFT/RECEIPT,2,,,,,0,3000,Posted
30-09-2024,01.12102.000.0000.000.3706008.00000.000,eHIS,HIS_COLLECTION,3113402 HIS_COLLECTION 3358005YT7JQCWYLTG43,500182436,Journal Import 2628498:,/EFT/RECEIPT,2,,,,,0,900,Posted
30-09-2024,01.12102.000.0000.000.3706008.00000.000,eHIS,HIS_COLLECTION,3113404 HIS_COLLECTION 3358005YT7JQCWYLTG43,500182043,Journal Import 2628498:,/CASH/RECEIPT,2,,,,,0,800,Posted
30-09-2024,01.12102.000.0000.000.3706008.00000.000,eHIS,HIS_COLLECTION,3113412 HIS_COLLECTION 3358005YT7JQCWYLTG43,500182030,Journal Import 2628498:,/CASH/RECEIPT,2,,,,,0,600,Posted
30-09-2024,01.12102.000.0000.000.3706008.00000.000,eHIS,HIS_COLLECTION,3113418 HIS_COLLECTION 3358005YT7JQCWYLTG43,500182666,Journal Import 2628498:,/CASH/RECEIPT,2,,,,,0,2250,Posted
30-09-2024,01.12102.000.0000.000.3706008.00000.000,eHIS,HIS_COLLECTION,3113422 HIS_COLLECTION 3358005YT7JQCWYLTG43,500182373,Journal Import 2628498:,/EFT/RECEIPT,2,,,,,0,1100,Posted
30-09-2024,01.12102.000.0000.000.3706008.00000.000,eHIS,HIS_COLLECTION,3113435 HIS_COLLECTION 3358005YT7JQCWYLTG43,500182432,Journal Import 2628498:,/EFT/RECEIPT,2,,,,,0,800,Posted
30-09-2024,01.12102.000.0000.000.3706008.00000.000,eHIS,HIS_COLLECTION,3113437 HIS_COLLECTION 3358005YT7JQCWYLTG43,500182322,Journal Import 2628498:,/EFT/RECEIPT,2,,,,,0,14400,Posted
30-09-2024,01.12102.000.0000.000.3706008.00000.000,eHIS,HIS_COLLECTION,3113451 HIS_COLLECTION 3358005YT7JQCWYLTG43,500182406,Journal Import 2628498:,/EFT/RECEIPT,2,,,,,0,1850,Posted
30-09-2024,01.12102.000.0000.000.3706008.00000.000,eHIS,HIS_COLLECTION,3113455 HIS_COLLECTION 3358005YT7JQCWYLTG43,500182530,Journal Import 2628498:,/EFT/RECEIPT,2,,,,,0,500,Posted
30-09-2024,01.12102.000.0000.000.3706008.00000.000,eHIS,HIS_COLLECTION,3113462 HIS_COLLECTION 3358005YT7JQCWYLTG43,500182057,Journal Import 2628498:,/CASH/RECEIPT,2,,,,,0,800,Posted
30-09-2024,01.12102.000.0000.000.3706008.00000.000,eHIS,HIS_COLLECTION,3113473 HIS_COLLECTION 3358005YT7JQCWYLTG43,500182654,Journal Import 2628498:,/CASH/RECEIPT,2,,,,,0,1200,Posted
30-09-2024,01.12102.000.0000.000.3706008.00000.000,eHIS,HIS_COLLECTION,3113475 HIS_COLLECTION 3358005YT7JQCWYLTG43,500182407,Journal Import 2628498:,/EFT/RECEIPT,2,,,,,0,1850,Posted
30-09-2024,01.12102.000.0000.000.3706008.00000.000,eHIS,HIS_COLLECTION,3113480 HIS_COLLECTION 3358005YT7JQCWYLTG43,500182867,Journal Import 2659476:,/EFT/RECEIPT,2,,,,,0,288,Posted
30-09-2024,01.12102.000.0000.000.3706008.00000.000,eHIS,HIS_COLLECTION,3113485 HIS_COLLECTION 3358005YT7JQCWYLTG43,500182323,Journal Import 2628498:,/DEPOSIT ADJUSTMENT/TRANSFER/RECEIPT,2,,,,,0,14400,Posted
30-09-2024,01.12102.000.0000.000.3706008.00000.000,eHIS,HIS_COLLECTION,3113486 HIS_COLLECTION 3358005YT7JQCWYLTG43,500182248,Journal Import 2628498:,/DEPOSIT ADJUSTMENT/TRANSFER/REFUND,1,,,,,14400,0,Posted
30-09-2024,01.12102.000.0000.000.3706008.00000.000,eHIS,HIS_COLLECTION,3113486 HIS_COLLECTION 3358005YT7JQCWYLTG43,500182248,Journal Import 2628498:,/DEPOSIT ADJUSTMENT/TRANSFER/REFUND,2,,,,,0,14400,Posted
30-09-2024,01.12102.000.0000.000.3706008.00000.000,eHIS,HIS_COLLECTION,3113488 HIS_COLLECTION 3358005YT7JQCWYLTG43,500182664,Journal Import 2628498:,/CASH/RECEIPT,2,,,,,0,1850,Posted
30-09-2024,01.12102.000.0000.000.3706008.00000.000,eHIS,HIS_COLLECTION,3113490 HIS_COLLECTION 3358005YT7JQCWYLTG43,500182665,Journal Import 2628498:,/CASH/RECEIPT,2,,,,,0,1850,Posted
30-09-2024,01.12102.000.0000.000.3706008.00000.000,eHIS,HIS_COLLECTION,3113518 HIS_COLLECTION 3358005YT7JQCWYLTG43,500182657,Journal Import 2628498:,/CASH/RECEIPT,2,,,,,0,1300,Posted
30-09-2024,01.12102.000.0000.000.3706008.00000.000,eHIS,HIS_COLLECTION,3113520 HIS_COLLECTION 3358005YT7JQCWYLTG43,500182577,Journal Import 2628498:,/CASH/RECEIPT,2,,,,,0,3100,Posted
30-09-2024,01.12102.000.0000.000.3706008.00000.000,eHIS,HIS_COLLECTION,3113531 HIS_COLLECTION 3358005YT7JQCWYLTG43,500182866,Journal Import 2659476:,/EFT/RECEIPT,2,,,,,0,198,Posted
30-09-2024,01.12102.000.0000.000.3706008.00000.000,eHIS,HIS_COLLECTION,3113541 HIS_COLLECTION 3358005YT7JQCWYLTG43,500182201,Journal Import 2628498:,/CASH/RECEIPT,2,,,,,0,220,Posted
30-09-2024,01.12102.000.0000.000.3706008.00000.000,eHIS,HIS_COLLECTION,3113545 HIS_COLLECTION 3358005YT7JQCWYLTG43,500182032,Journal Import 2628498:,/CASH/RECEIPT,2,,,,,0,675,Posted
30-09-2024,01.12102.000.0000.000.3706008.00000.000,eHIS,HIS_COLLECTION,3113558 HIS_COLLECTION 3358005YT7JQCWYLTG43,500182408,Journal Import 2628498:,/CARD/RECEIPT,2,,,,,0,1850,Posted
30-09-2024,01.12102.000.0000.000.3706008.00000.000,eHIS,HIS_COLLECTION,3113614 HIS_COLLECTION 3358005YT7JQCWYLTG43,500181985,Journal Import 2645561:,/CASH/RECEIPT,2,,,,,0,100,Posted
30-09-2024,01.12102.000.0000.000.3706008.00000.000,eHIS,HIS_COLLECTION,3113629 HIS_COLLECTION 3358005YT7JQCWYLTG43,500181987,Journal Import 2645561:,/CASH/RECEIPT,2,,,,,0,500,Posted
30-09-2024,01.12102.000.0000.000.3706008.00000.000,eHIS,HIS_COLLECTION,3113634 HIS_COLLECTION 3358005YT7JQCWYLTG43,500181988,Journal Import 2645561:,/CASH/RECEIPT,2,,,,,0,500,Posted
30-09-2024,01.12102.000.0000.000.3706008.00000.000,eHIS,HIS_COLLECTION,3113636 HIS_COLLECTION 3358005YT7JQCWYLTG43,500181989,Journal Import 2645561:,/CASH/RECEIPT,2,,,,,0,500,Posted
30-09-2024,01.12102.000.0000.000.3706008.00000.000,eHIS,HIS_COLLECTION,3113639 HIS_COLLECTION 3358005YT7JQCWYLTG43,500181990,Journal Import 2645561:,/CASH/RECEIPT,2,,,,,0,500,Posted
30-09-2024,01.12102.000.0000.000.3706008.00000.000,eHIS,HIS_COLLECTION,3113641 HIS_COLLECTION 3358005YT7JQCWYLTG43,500181991,Journal Import 2645561:,/CASH/RECEIPT,2,,,,,0,500,Posted
30-09-2024,01.12102.000.0000.000.3706008.00000.000,eHIS,HIS_COLLECTION,3113643 HIS_COLLECTION 3358005YT7JQCWYLTG43,500181992,Journal Import 2645561:,/CASH/RECEIPT,2,,,,,0,500,Posted
30-09-2024,01.12102.000.0000.000.3706008.00000.000,eHIS,HIS_COLLECTION,3113645 HIS_COLLECTION 3358005YT7JQCWYLTG43,500181993,Journal Import 2645561:,/CASH/RECEIPT,2,,,,,0,500,Posted
30-09-2024,01.12102.000.0000.000.3706008.00000.000,eHIS,HIS_COLLECTION,3113647 HIS_COLLECTION 3358005YT7JQCWYLTG43,500181994,Journal Import 2645561:,/CASH/RECEIPT,2,,,,,0,500,Posted
30-09-2024,01.12102.000.0000.000.3706008.00000.000,eHIS,HIS_COLLECTION,3113649 HIS_COLLECTION 3358005YT7JQCWYLTG43,500181995,Journal Import 2645561:,/CASH/RECEIPT,2,,,,,0,500,Posted
30-09-2024,01.12102.000.0000.000.3706008.00000.000,eHIS,HIS_COLLECTION,3113652 HIS_COLLECTION 3358005YT7JQCWYLTG43,500181996,Journal Import 2645561:,/CASH/RECEIPT,2,,,,,0,6000,Posted
30-09-2024,01.12102.000.0000.000.3706008.00000.000,eHIS,HIS_COLLECTION,3113660 HIS_COLLECTION 3358005YT7JQCWYLTG43,500181986,Journal Import 2645561:,/CASH/RECEIPT,2,,,,,0,100,Posted
30-09-2024,01.12102.000.0000.000.3706008.00000.000,eHIS,HIS_COLLECTION,3113662 HIS_COLLECTION 3358005YT7JQCWYLTG43,500182005,Journal Import 2645561:,/CARD/RECEIPT,2,,,,,0,1850,Posted
30-09-2024,01.12102.000.0000.000.3706008.00000.000,eHIS,HIS_COLLECTION,3113677 HIS_COLLECTION 3358005YT7JQCWYLTG43,500182007,Journal Import 2645561:,/EFT/RECEIPT,2,,,,,0,3100,Posted
30-09-2024,01.12102.000.0000.000.3706008.00000.000,eHIS,HIS_COLLECTION,3113681 HIS_COLLECTION 3358005YT7JQCWYLTG43,500182000,Journal Import 2645561:,/CASH/REFUND,2,,,,,3100,0,Posted
30-09-2024,01.12102.000.0000.000.3706008.00000.000,eHIS,HIS_COLLECTION,3113686 HIS_COLLECTION 3358005YT7JQCWYLTG43,500182009,Journal Import 2645561:,/CARD/RECEIPT,2,,,,,0,3500,Posted
30-09-2024,01.12102.000.0000.000.3706008.00000.000,eHIS,HIS_COLLECTION,3113688 HIS_COLLECTION 3358005YT7JQCWYLTG43,500182003,Journal Import 2645561:,/EFT/RECEIPT,2,,,,,0,100,Posted
06-09-2024,01.12102.000.0000.000.3706008.00000.000,eHIS,HIS_SETTLEMENT,NSK-ECS-3243 HIS_SETTLEMENT 3358005YT7JQCWYLTG43,500168576,Journal Import 2591614:,//SETTLEMENT,2,,,,,1856,0,Posted
07-09-2024,01.12102.000.0000.000.3706008.00000.000,eHIS,HIS_SETTLEMENT,NSK-ECS-3244 HIS_SETTLEMENT 3358005YT7JQCWYLTG43,500168976,Journal Import 2591614:,//SETTLEMENT,2,,,,,1025,0,Posted
10-09-2024,01.12102.000.0000.000.3706008.00000.000,eHIS,HIS_SETTLEMENT,NSK-ECS-3245 HIS_SETTLEMENT 3358005YT7JQCWYLTG43,500170468,Journal Import 2591641:,//SETTLEMENT,2,,,,,500,0,Posted
11-09-2024,01.12102.000.0000.000.3706008.00000.000,eHIS,HIS_SETTLEMENT,NSK-ECS-3246 HIS_SETTLEMENT 3358005YT7JQCWYLTG43,500171148,Journal Import 2591641:,//SETTLEMENT,2,,,,,3954,0,Posted
12-09-2024,01.12102.000.0000.000.3706008.00000.000,eHIS,HIS_SETTLEMENT,NSK-ECS-3247 HIS_SETTLEMENT 3358005YT7JQCWYLTG43,500171827,Journal Import 2591641:,//SETTLEMENT,2,,,,,3690,0,Posted
13-09-2024,01.12102.000.0000.000.3706008.00000.000,eHIS,HIS_SETTLEMENT,NSK-ECS-3248 HIS_SETTLEMENT 3358005YT7JQCWYLTG43,500172427,Journal Import 2591641:,//SETTLEMENT,2,,,,,2849,0,Posted
14-09-2024,01.12102.000.0000.000.3706008.00000.000,eHIS,HIS_SETTLEMENT,NSK-ECS-3249 HIS_SETTLEMENT 3358005YT7JQCWYLTG43,500173057,Journal Import 2591641:,//SETTLEMENT,2,,,,,2024,0,Posted
16-09-2024,01.12102.000.0000.000.3706008.00000.000,eHIS,HIS_SETTLEMENT,NSK-ECS-3250 HIS_SETTLEMENT 3358005YT7JQCWYLTG43,500173556,Journal Import 2591655:,//SETTLEMENT,2,,,,,7235,0,Posted
16-09-2024,01.12102.000.0000.000.3706008.00000.000,eHIS,HIS_SETTLEMENT,NSK-ECS-3251 HIS_SETTLEMENT 3358005YT7JQCWYLTG43,500173460,Journal Import 2591655:,//SETTLEMENT,2,,,,,2274,0,Posted
17-09-2024,01.12102.000.0000.000.3706008.00000.000,eHIS,HIS_SETTLEMENT,NSK-ECS-3252 HIS_SETTLEMENT 3358005YT7JQCWYLTG43,500174556,Journal Import 2591655:,//SETTLEMENT,2,,,,,480,0,Posted
18-09-2024,01.12102.000.0000.000.3706008.00000.000,eHIS,HIS_SETTLEMENT,NSK-ECS-3253 HIS_SETTLEMENT 3358005YT7JQCWYLTG43,500175193,Journal Import 2591655:,//SETTLEMENT,2,,,,,1312,0,Posted
18-09-2024,01.12102.000.0000.000.3706008.00000.000,eHIS,HIS_SETTLEMENT,NSK-ECS-3254 HIS_SETTLEMENT 3358005YT7JQCWYLTG43,500175194,Journal Import 2591655:,//SETTLEMENT,2,,,,,1385,0,Posted
18-09-2024,01.12102.000.0000.000.3706008.00000.000,eHIS,HIS_SETTLEMENT,NSK-ECS-3255 HIS_SETTLEMENT 3358005YT7JQCWYLTG43,500175281,Journal Import 2591655:,//SETTLEMENT,2,,,,,4860,0,Posted
18-09-2024,01.12102.000.0000.000.3706008.00000.000,eHIS,HIS_SETTLEMENT,NSK-ECS-3256 HIS_SETTLEMENT 3358005YT7JQCWYLTG43,500175313,Journal Import 2591655:,//SETTLEMENT,2,,,,,2120,0,Posted
19-09-2024,01.12102.000.0000.000.3706008.00000.000,eHIS,HIS_SETTLEMENT,NSK-ECS-3257 HIS_SETTLEMENT 3358005YT7JQCWYLTG43,500176137,Journal Import 2591655:,//SETTLEMENT,2,,,,,1100,0,Posted
19-09-2024,01.12102.000.0000.000.3706008.00000.000,eHIS,HIS_SETTLEMENT,NSK-ECS-3258 HIS_SETTLEMENT 3358005YT7JQCWYLTG43,500176192,Journal Import 2591655:,//SETTLEMENT,2,,,,,573,0,Posted
19-09-2024,01.12102.000.0000.000.3706008.00000.000,eHIS,HIS_SETTLEMENT,NSK-ECS-3259 HIS_SETTLEMENT 3358005YT7JQCWYLTG43,500176096,Journal Import 2591655:,//SETTLEMENT,2,,,,,1770,0,Posted
19-09-2024,01.12102.000.0000.000.3706008.00000.000,eHIS,HIS_SETTLEMENT,NSK-ECS-3260 HIS_SETTLEMENT 3358005YT7JQCWYLTG43,500176087,Journal Import 2591655:,//SETTLEMENT,2,,,,,1628,0,Posted
19-09-2024,01.12102.000.0000.000.3706008.00000.000,eHIS,HIS_SETTLEMENT,NSK-ECS-3261 HIS_SETTLEMENT 3358005YT7JQCWYLTG43,500176097,Journal Import 2591655:,//SETTLEMENT,2,,,,,1814,0,Posted
19-09-2024,01.12102.000.0000.000.3706008.00000.000,eHIS,HIS_SETTLEMENT,NSK-ECS-3262 HIS_SETTLEMENT 3358005YT7JQCWYLTG43,500176294,Journal Import 2591655:,//SETTLEMENT,2,,,,,2784,0,Posted
20-09-2024,01.12102.000.0000.000.3706008.00000.000,eHIS,HIS_SETTLEMENT,NSK-ECS-3263 HIS_SETTLEMENT 3358005YT7JQCWYLTG43,500176825,Journal Import 2591655:,//SETTLEMENT,2,,,,,1322,0,Posted
20-09-2024,01.12102.000.0000.000.3706008.00000.000,eHIS,HIS_SETTLEMENT,NSK-ECS-3264 HIS_SETTLEMENT 3358005YT7JQCWYLTG43,500176831,Journal Import 2591655:,//SETTLEMENT,2,,,,,1814,0,Posted
20-09-2024,01.12102.000.0000.000.3706008.00000.000,eHIS,HIS_SETTLEMENT,NSK-ECS-3265 HIS_SETTLEMENT 3358005YT7JQCWYLTG43,500176802,Journal Import 2591655:,//SETTLEMENT,2,,,,,1210,0,Posted
20-09-2024,01.12102.000.0000.000.3706008.00000.000,eHIS,HIS_SETTLEMENT,NSK-ECS-3266 HIS_SETTLEMENT 3358005YT7JQCWYLTG43,500176863,Journal Import 2591655:,//SETTLEMENT,2,,,,,7086,0,Posted
20-09-2024,01.12102.000.0000.000.3706008.00000.000,eHIS,HIS_SETTLEMENT,NSK-ECS-3267 HIS_SETTLEMENT 3358005YT7JQCWYLTG43,500176896,Journal Import 2591655:,//SETTLEMENT,2,,,,,3808,0,Posted
21-09-2024,01.12102.000.0000.000.3706008.00000.000,eHIS,HIS_SETTLEMENT,NSK-ECS-3268 HIS_SETTLEMENT 3358005YT7JQCWYLTG43,500177254,Journal Import 2591655:,//SETTLEMENT,2,,,,,4885,0,Posted
21-09-2024,01.12102.000.0000.000.3706008.00000.000,eHIS,HIS_SETTLEMENT,NSK-ECS-3269 HIS_SETTLEMENT 3358005YT7JQCWYLTG43,500177447,Journal Import 2591676:,//SETTLEMENT,2,,,,,565,0,Posted
22-09-2024,01.12102.000.0000.000.3706008.00000.000,eHIS,HIS_SETTLEMENT,NSK-ECS-3270 HIS_SETTLEMENT 3358005YT7JQCWYLTG43,500177666,Journal Import 2591676:,//SETTLEMENT,2,,,,,344,0,Posted
22-09-2024,01.12102.000.0000.000.3706008.00000.000,eHIS,HIS_SETTLEMENT,NSK-ECS-3271 HIS_SETTLEMENT 3358005YT7JQCWYLTG43,500177659,Journal Import 2591676:,//SETTLEMENT,2,,,,,1949,0,Posted
22-09-2024,01.12102.000.0000.000.3706008.00000.000,eHIS,HIS_SETTLEMENT,NSK-ECS-3272 HIS_SETTLEMENT 3358005YT7JQCWYLTG43,500177643,Journal Import 2591676:,//SETTLEMENT,2,,,,,220,0,Posted
22-09-2024,01.12102.000.0000.000.3706008.00000.000,eHIS,HIS_SETTLEMENT,NSK-ECS-3273 HIS_SETTLEMENT 3358005YT7JQCWYLTG43,500177634,Journal Import 2591676:,//SETTLEMENT,2,,,,,175,0,Posted
22-09-2024,01.12102.000.0000.000.3706008.00000.000,eHIS,HIS_SETTLEMENT,NSK-ECS-3274 HIS_SETTLEMENT 3358005YT7JQCWYLTG43,500177809,Journal Import 2591676:,//SETTLEMENT,2,,,,,2852,0,Posted
23-09-2024,01.12102.000.0000.000.3706008.00000.000,eHIS,HIS_SETTLEMENT,NSK-ECS-3275 HIS_SETTLEMENT 3358005YT7JQCWYLTG43,500177836,Journal Import 2591676:,//SETTLEMENT,2,,,,,2137,0,Posted
23-09-2024,01.12102.000.0000.000.3706008.00000.000,eHIS,HIS_SETTLEMENT,NSK-ECS-3276 HIS_SETTLEMENT 3358005YT7JQCWYLTG43,500178487,Journal Import 2591676:,//SETTLEMENT,2,,,,,3140,0,Posted
23-09-2024,01.12102.000.0000.000.3706008.00000.000,eHIS,HIS_SETTLEMENT,NSK-ECS-3277 HIS_SETTLEMENT 3358005YT7JQCWYLTG43,500177949,Journal Import 2591676:,//SETTLEMENT,2,,,,,220,0,Posted
23-09-2024,01.12102.000.0000.000.3706008.00000.000,eHIS,HIS_SETTLEMENT,NSK-ECS-3278 HIS_SETTLEMENT 3358005YT7JQCWYLTG43,500178486,Journal Import 2591676:,//SETTLEMENT,2,,,,,2807,0,Posted
23-09-2024,01.12102.000.0000.000.3706008.00000.000,eHIS,HIS_SETTLEMENT,NSK-ECS-3279 HIS_SETTLEMENT 3358005YT7JQCWYLTG43,500178460,Journal Import 2591676:,//SETTLEMENT,2,,,,,2610,0,Posted
23-09-2024,01.12102.000.0000.000.3706008.00000.000,eHIS,HIS_SETTLEMENT,NSK-ECS-3280 HIS_SETTLEMENT 3358005YT7JQCWYLTG43,500177873,Journal Import 2591676:,//SETTLEMENT,2,,,,,1959,0,Posted
23-09-2024,01.12102.000.0000.000.3706008.00000.000,eHIS,HIS_SETTLEMENT,NSK-ECS-3281 HIS_SETTLEMENT 3358005YT7JQCWYLTG43,500178298,Journal Import 2591676:,//SETTLEMENT,2,,,,,7255,0,Posted
23-09-2024,01.12102.000.0000.000.3706008.00000.000,eHIS,HIS_SETTLEMENT,NSK-ECS-3282 HIS_SETTLEMENT 3358005YT7JQCWYLTG43,500178484,Journal Import 2591676:,//SETTLEMENT,2,,,,,460,0,Posted
23-09-2024,01.12102.000.0000.000.3706008.00000.000,eHIS,HIS_SETTLEMENT,NSK-ECS-3283 HIS_SETTLEMENT 3358005YT7JQCWYLTG43,500177950,Journal Import 2591676:,//SETTLEMENT,2,,,,,220,0,Posted
24-09-2024,01.12102.000.0000.000.3706008.00000.000,eHIS,HIS_SETTLEMENT,NSK-ECS-3284 HIS_SETTLEMENT 3358005YT7JQCWYLTG43,500178677,Journal Import 2591676:,//SETTLEMENT,2,,,,,1995,0,Posted
24-09-2024,01.12102.000.0000.000.3706008.00000.000,eHIS,HIS_SETTLEMENT,NSK-ECS-3317 HIS_SETTLEMENT 3358005YT7JQCWYLTG43,500179067,Journal Import 2591676:,//SETTLEMENT,2,,,,,2348,0,Posted
24-09-2024,01.12102.000.0000.000.3706008.00000.000,eHIS,HIS_SETTLEMENT,NSK-ECS-3318 HIS_SETTLEMENT 3358005YT7JQCWYLTG43,500179068,Journal Import 2591676:,//SETTLEMENT,2,,,,,2373,0,Posted
24-09-2024,01.12102.000.0000.000.3706008.00000.000,eHIS,HIS_SETTLEMENT,NSK-ECS-3319 HIS_SETTLEMENT 3358005YT7JQCWYLTG43,500178916,Journal Import 2591676:,//SETTLEMENT,2,,,,,81,0,Posted
24-09-2024,01.12102.000.0000.000.3706008.00000.000,eHIS,HIS_SETTLEMENT,NSK-ECS-3320 HIS_SETTLEMENT 3358005YT7JQCWYLTG43,500178918,Journal Import 2591676:,//SETTLEMENT,2,,,,,650,0,Posted
25-09-2024,01.12102.000.0000.000.3706008.00000.000,eHIS,HIS_SETTLEMENT,NSK-ECS-3321 HIS_SETTLEMENT 3358005YT7JQCWYLTG43,500179309,Journal Import 2591676:,//SETTLEMENT,2,,,,,220,0,Posted
25-09-2024,01.12102.000.0000.000.3706008.00000.000,eHIS,HIS_SETTLEMENT,NSK-ECS-3322 HIS_SETTLEMENT 3358005YT7JQCWYLTG43,500179476,Journal Import 2591676:,//SETTLEMENT,2,,,,,1305,0,Posted
25-09-2024,01.12102.000.0000.000.3706008.00000.000,eHIS,HIS_SETTLEMENT,NSK-ECS-3323 HIS_SETTLEMENT 3358005YT7JQCWYLTG43,500179694,Journal Import 2591676:,//SETTLEMENT,2,,,,,460,0,Posted
26-09-2024,01.12102.000.0000.000.3706008.00000.000,eHIS,HIS_SETTLEMENT,NSK-ECS-3324 HIS_SETTLEMENT 3358005YT7JQCWYLTG43,500180005,Journal Import 2591676:,//SETTLEMENT,2,,,,,120,0,Posted
26-09-2024,01.12102.000.0000.000.3706008.00000.000,eHIS,HIS_SETTLEMENT,NSK-ECS-3325 HIS_SETTLEMENT 3358005YT7JQCWYLTG43,500180192,Journal Import 2591676:,//SETTLEMENT,2,,,,,6243,0,Posted
26-09-2024,01.12102.000.0000.000.3706008.00000.000,eHIS,HIS_SETTLEMENT,NSK-ECS-3326 HIS_SETTLEMENT 3358005YT7JQCWYLTG43,500180438,Journal Import 2591676:,//SETTLEMENT,2,,,,,720,0,Posted
26-09-2024,01.12102.000.0000.000.3706008.00000.000,eHIS,HIS_SETTLEMENT,NSK-ECS-3327 HIS_SETTLEMENT 3358005YT7JQCWYLTG43,500180304,Journal Import 2591676:,//SETTLEMENT,2,,,,,460,0,Posted
27-09-2024,01.12102.000.0000.000.3706008.00000.000,eHIS,HIS_SETTLEMENT,NSK-ECS-3328 HIS_SETTLEMENT 3358005YT7JQCWYLTG43,500180839,Journal Import 2594090:,//SETTLEMENT,2,,,,,1024,0,Posted
27-09-2024,01.12102.000.0000.000.3706008.00000.000,eHIS,HIS_SETTLEMENT,NSK-ECS-3329 HIS_SETTLEMENT 3358005YT7JQCWYLTG43,500180928,Journal Import 2594090:,//SETTLEMENT,2,,,,,407,0,Posted
27-09-2024,01.12102.000.0000.000.3706008.00000.000,eHIS,HIS_SETTLEMENT,NSK-ECS-3330 HIS_SETTLEMENT 3358005YT7JQCWYLTG43,500180846,Journal Import 2594090:,//SETTLEMENT,2,,,,,1117,0,Posted
28-09-2024,01.12102.000.0000.000.3706008.00000.000,eHIS,HIS_SETTLEMENT,NSK-ECS-3331 HIS_SETTLEMENT 3358005YT7JQCWYLTG43,500181237,Journal Import 2594090:,//SETTLEMENT,2,,,,,5780,0,Posted
28-09-2024,01.12102.000.0000.000.3706008.00000.000,eHIS,HIS_SETTLEMENT,NSK-ECS-3333 HIS_SETTLEMENT 3358005YT7JQCWYLTG43,500181234,Journal Import 2594090:,//SETTLEMENT,2,,,,,460,0,Posted
28-09-2024,01.12102.000.0000.000.3706008.00000.000,eHIS,HIS_SETTLEMENT,NSK-ECS-3334 HIS_SETTLEMENT 3358005YT7JQCWYLTG43,500181189,Journal Import 2604437:,//SETTLEMENT,2,,,,,460,0,Posted
28-09-2024,01.12102.000.0000.000.3706008.00000.000,eHIS,HIS_SETTLEMENT,NSK-ECS-3335 HIS_SETTLEMENT 3358005YT7JQCWYLTG43,500181673,Journal Import 2604437:,//SETTLEMENT,2,,,,,588,0,Posted
28-09-2024,01.12102.000.0000.000.3706008.00000.000,eHIS,HIS_SETTLEMENT,NSK-ECS-3336 HIS_SETTLEMENT 3358005YT7JQCWYLTG43,500181170,Journal Import 2604437:,//SETTLEMENT,2,,,,,220,0,Posted
28-09-2024,01.12102.000.0000.000.3706008.00000.000,eHIS,HIS_SETTLEMENT,NSK-ECS-3337 HIS_SETTLEMENT 3358005YT7JQCWYLTG43,500181171,Journal Import 2604437:,//SETTLEMENT,2,,,,,220,0,Posted
28-09-2024,01.12102.000.0000.000.3706008.00000.000,eHIS,HIS_SETTLEMENT,NSK-ECS-3338 HIS_SETTLEMENT 3358005YT7JQCWYLTG43,500181022,Journal Import 2604437:,//SETTLEMENT,2,,,,,1790,0,Posted
28-09-2024,01.12102.000.0000.000.3706008.00000.000,eHIS,HIS_SETTLEMENT,NSK-ECS-3339 HIS_SETTLEMENT 3358005YT7JQCWYLTG43,500181059,Journal Import 2604437:,//SETTLEMENT,2,,,,,7133,0,Posted
28-09-2024,01.12102.000.0000.000.3706008.00000.000,eHIS,HIS_SETTLEMENT,NSK-ECS-3340 HIS_SETTLEMENT 3358005YT7JQCWYLTG43,500181029,Journal Import 2604437:,//SETTLEMENT,2,,,,,1855,0,Posted
28-09-2024,01.12102.000.0000.000.3706008.00000.000,eHIS,HIS_SETTLEMENT,NSK-ECS-3341 HIS_SETTLEMENT 3358005YT7JQCWYLTG43,500181172,Journal Import 2604437:,//SETTLEMENT,2,,,,,220,0,Posted
29-09-2024,01.12102.000.0000.000.3706008.00000.000,eHIS,HIS_SETTLEMENT,NSK-ECS-3342 HIS_SETTLEMENT 3358005YT7JQCWYLTG43,500181706,Journal Import 2604437:,//SETTLEMENT,2,,,,,220,0,Posted
29-09-2024,01.12102.000.0000.000.3706008.00000.000,eHIS,HIS_SETTLEMENT,NSK-ECS-3343 HIS_SETTLEMENT 3358005YT7JQCWYLTG43,500181724,Journal Import 2604437:,//SETTLEMENT,2,,,,,7962,0,Posted
29-09-2024,01.12102.000.0000.000.3706008.00000.000,eHIS,HIS_SETTLEMENT,NSK-ECS-3344 HIS_SETTLEMENT 3358005YT7JQCWYLTG43,500181723,Journal Import 2604437:,//SETTLEMENT,2,,,,,4140,0,Posted
29-09-2024,01.12102.000.0000.000.3706008.00000.000,eHIS,HIS_SETTLEMENT,NSK-ECS-3345 HIS_SETTLEMENT 3358005YT7JQCWYLTG43,500181826,Journal Import 2612134:,//SETTLEMENT,2,,,,,2659,0,Posted
29-09-2024,01.12102.000.0000.000.3706008.00000.000,eHIS,HIS_SETTLEMENT,NSK-ECS-3346 HIS_SETTLEMENT 3358005YT7JQCWYLTG43,500181824,Journal Import 2612134:,//SETTLEMENT,2,,,,,2501,0,Posted
29-09-2024,01.12102.000.0000.000.3706008.00000.000,eHIS,HIS_SETTLEMENT,NSK-ECS-3347 HIS_SETTLEMENT 3358005YT7JQCWYLTG43,500181813,Journal Import 2612134:,//SETTLEMENT,2,,,,,220,0,Posted
29-09-2024,01.12102.000.0000.000.3706008.00000.000,eHIS,HIS_SETTLEMENT,NSK-ECS-3348 HIS_SETTLEMENT 3358005YT7JQCWYLTG43,500181814,Journal Import 2612134:,//SETTLEMENT,2,,,,,460,0,Posted
29-09-2024,01.12102.000.0000.000.3706008.00000.000,eHIS,HIS_SETTLEMENT,NSK-ECS-3349 HIS_SETTLEMENT 3358005YT7JQCWYLTG43,500181822,Journal Import 2612134:,//SETTLEMENT,2,,,,,2229,0,Posted
30-09-2024,01.12102.000.0000.000.3706008.00000.000,eHIS,HIS_SETTLEMENT,NSK-ECS-3350 HIS_SETTLEMENT 3358005YT7JQCWYLTG43,500181937,Journal Import 2612134:,//SETTLEMENT,2,,,,,3000,0,Posted
30-09-2024,01.12102.000.0000.000.3706008.00000.000,eHIS,HIS_SETTLEMENT,NSK-ECS-3351 HIS_SETTLEMENT 3358005YT7JQCWYLTG43,500181932,Journal Import 2612134:,//SETTLEMENT,2,,,,,249,0,Posted
30-09-2024,01.12102.000.0000.000.3706008.00000.000,eHIS,HIS_SETTLEMENT,NSK-ECS-3352 HIS_SETTLEMENT 3358005YT7JQCWYLTG43,500181933,Journal Import 2612134:,//SETTLEMENT,2,,,,,263,0,Posted
30-09-2024,01.12102.000.0000.000.3706008.00000.000,eHIS,HIS_SETTLEMENT,NSK-ECS-3353 HIS_SETTLEMENT 3358005YT7JQCWYLTG43,500181930,Journal Import 2612134:,//SETTLEMENT,2,,,,,104,0,Posted
30-09-2024,01.12102.000.0000.000.3706008.00000.000,eHIS,HIS_SETTLEMENT,NSK-ECS-3354 HIS_SETTLEMENT 3358005YT7JQCWYLTG43,500181931,Journal Import 2612134:,//SETTLEMENT,2,,,,,220,0,Posted
30-09-2024,01.12102.000.0000.000.3706008.00000.000,eHIS,HIS_SETTLEMENT,NSK-ECS-3355 HIS_SETTLEMENT 3358005YT7JQCWYLTG43,500182340,Journal Import 2628498:,//SETTLEMENT,2,,,,,220,0,Posted
30-09-2024,01.12102.000.0000.000.3706008.00000.000,eHIS,HIS_SETTLEMENT,NSK-ECS-3356 HIS_SETTLEMENT 3358005YT7JQCWYLTG43,500182515,Journal Import 2628498:,//SETTLEMENT,2,,,,,1223,0,Posted
30-09-2024,01.12102.000.0000.000.3706008.00000.000,eHIS,HIS_SETTLEMENT,NSK-ECS-3357 HIS_SETTLEMENT 3358005YT7JQCWYLTG43,500182341,Journal Import 2628498:,//SETTLEMENT,2,,,,,220,0,Posted
02-09-2024,01.12102.000.0000.000.3706008.00000.000,eHIS,HIS_SETTLEMENT,NSK-OCR-66553 HIS_SETTLEMENT 3358005YT7JQCWYLTG43,500165955,Journal Import 2591614:,//SETTLEMENT,2,,,,,510,0,Posted
04-09-2024,01.12102.000.0000.000.3706008.00000.000,eHIS,HIS_SETTLEMENT,NSK-OCR-66573 HIS_SETTLEMENT 3358005YT7JQCWYLTG43,500167129,Journal Import 2591614:,//SETTLEMENT,2,,,,,105,0,Posted
04-09-2024,01.12102.000.0000.000.3706008.00000.000,eHIS,HIS_SETTLEMENT,NSK-OCR-66574 HIS_SETTLEMENT 3358005YT7JQCWYLTG43,500167410,Journal Import 2591614:,//SETTLEMENT,2,,,,,442,0,Posted
04-09-2024,01.12102.000.0000.000.3706008.00000.000,eHIS,HIS_SETTLEMENT,NSK-OCR-66578 HIS_SETTLEMENT 3358005YT7JQCWYLTG43,500167130,Journal Import 2591614:,//SETTLEMENT,2,,,,,105,0,Posted
04-09-2024,01.12102.000.0000.000.3706008.00000.000,eHIS,HIS_SETTLEMENT,NSK-OCR-66579 HIS_SETTLEMENT 3358005YT7JQCWYLTG43,500167638,Journal Import 2659341:,//SETTLEMENT,2,,,,,105,0,Posted
04-09-2024,01.12102.000.0000.000.3706008.00000.000,eHIS,HIS_SETTLEMENT,NSK-OCR-66582 HIS_SETTLEMENT 3358005YT7JQCWYLTG43,500167098,Journal Import 2591614:,//SETTLEMENT,2,,,,,575,0,Posted
05-09-2024,01.12102.000.0000.000.3706008.00000.000,eHIS,HIS_SETTLEMENT,NSK-OCR-66590 HIS_SETTLEMENT 3358005YT7JQCWYLTG43,500167780,Journal Import 2591614:,//SETTLEMENT,2,,,,,105,0,Posted
08-09-2024,01.12102.000.0000.000.3706008.00000.000,eHIS,HIS_SETTLEMENT,NSK-OCR-66636 HIS_SETTLEMENT 3358005YT7JQCWYLTG43,500169154,Journal Import 2591614:,//SETTLEMENT,2,,,,,483,0,Posted
08-09-2024,01.12102.000.0000.000.3706008.00000.000,eHIS,HIS_SETTLEMENT,NSK-OCR-66639 HIS_SETTLEMENT 3358005YT7JQCWYLTG43,500169155,Journal Import 2591614:,//SETTLEMENT,2,,,,,483,0,Posted
09-09-2024,01.12102.000.0000.000.3706008.00000.000,eHIS,HIS_SETTLEMENT,NSK-OCR-66653 HIS_SETTLEMENT 3358005YT7JQCWYLTG43,500169951,Journal Import 2659341:,//SETTLEMENT,2,,,,,405,0,Posted
09-09-2024,01.12102.000.0000.000.3706008.00000.000,eHIS,HIS_SETTLEMENT,NSK-OCR-66660 HIS_SETTLEMENT 3358005YT7JQCWYLTG43,500169821,Journal Import 2591641:,//SETTLEMENT,2,,,,,336,0,Posted
10-09-2024,01.12102.000.0000.000.3706008.00000.000,eHIS,HIS_SETTLEMENT,NSK-OCR-66664 HIS_SETTLEMENT 3358005YT7JQCWYLTG43,500170625,Journal Import 2591641:,//SETTLEMENT,2,,,,,2850,0,Posted
11-09-2024,01.12102.000.0000.000.3706008.00000.000,eHIS,HIS_SETTLEMENT,NSK-OCR-66679 HIS_SETTLEMENT 3358005YT7JQCWYLTG43,500171316,Journal Import 2591641:,//SETTLEMENT,2,,,,,642,0,Posted
11-09-2024,01.12102.000.0000.000.3706008.00000.000,eHIS,HIS_SETTLEMENT,NSK-OCR-66685 HIS_SETTLEMENT 3358005YT7JQCWYLTG43,500171374,Journal Import 2591641:,//SETTLEMENT,2,,,,,883,0,Posted
11-09-2024,01.12102.000.0000.000.3706008.00000.000,eHIS,HIS_SETTLEMENT,NSK-OCR-66689 HIS_SETTLEMENT 3358005YT7JQCWYLTG43,500171210,Journal Import 2591641:,//SETTLEMENT,2,,,,,1071,0,Posted
12-09-2024,01.12102.000.0000.000.3706008.00000.000,eHIS,HIS_SETTLEMENT,NSK-OCR-66701 HIS_SETTLEMENT 3358005YT7JQCWYLTG43,500171745,Journal Import 2591641:,//SETTLEMENT,2,,,,,1289,0,Posted
12-09-2024,01.12102.000.0000.000.3706008.00000.000,eHIS,HIS_SETTLEMENT,NSK-OCR-66702 HIS_SETTLEMENT 3358005YT7JQCWYLTG43,500171909,Journal Import 2591641:,//SETTLEMENT,2,,,,,37,0,Posted
14-09-2024,01.12102.000.0000.000.3706008.00000.000,eHIS,HIS_SETTLEMENT,NSK-OCR-66765 HIS_SETTLEMENT 3358005YT7JQCWYLTG43,500173052,Journal Import 2591641:,//SETTLEMENT,2,,,,,105,0,Posted
16-09-2024,01.12102.000.0000.000.3706008.00000.000,eHIS,HIS_SETTLEMENT,NSK-OCR-66833 HIS_SETTLEMENT 3358005YT7JQCWYLTG43,500173603,Journal Import 2591655:,//SETTLEMENT,2,,,,,105,0,Posted
16-09-2024,01.12102.000.0000.000.3706008.00000.000,eHIS,HIS_SETTLEMENT,NSK-OCR-66836 HIS_SETTLEMENT 3358005YT7JQCWYLTG43,500173705,Journal Import 2591655:,//SETTLEMENT,2,,,,,483,0,Posted
16-09-2024,01.12102.000.0000.000.3706008.00000.000,eHIS,HIS_SETTLEMENT,NSK-OCR-66838 HIS_SETTLEMENT 3358005YT7JQCWYLTG43,500173497,Journal Import 2659341:,//SETTLEMENT,2,,,,,483,0,Posted
18-09-2024,01.12102.000.0000.000.3706008.00000.000,eHIS,HIS_SETTLEMENT,NSK-OCR-66873 HIS_SETTLEMENT 3358005YT7JQCWYLTG43,500175334,Journal Import 2659341:,//SETTLEMENT,2,,,,,2231,0,Posted
19-09-2024,01.12102.000.0000.000.3706008.00000.000,eHIS,HIS_SETTLEMENT,NSK-OCR-66894 HIS_SETTLEMENT 3358005YT7JQCWYLTG43,500176147,Journal Import 2591655:,//SETTLEMENT,2,,,,,105,0,Posted
19-09-2024,01.12102.000.0000.000.3706008.00000.000,eHIS,HIS_SETTLEMENT,NSK-OCR-66895 HIS_SETTLEMENT 3358005YT7JQCWYLTG43,500176263,Journal Import 2659341:,//SETTLEMENT,2,,,,,105,0,Posted
19-09-2024,01.12102.000.0000.000.3706008.00000.000,eHIS,HIS_SETTLEMENT,NSK-OCR-66902 HIS_SETTLEMENT 3358005YT7JQCWYLTG43,500176270,Journal Import 2591655:,//SETTLEMENT,2,,,,,500,0,Posted
19-09-2024,01.12102.000.0000.000.3706008.00000.000,eHIS,HIS_SETTLEMENT,NSK-OCR-66902 HIS_SETTLEMENT 3358005YT7JQCWYLTG43,500176262,Journal Import 2659341:,//SETTLEMENT,2,,,,,47,0,Posted
19-09-2024,01.12102.000.0000.000.3706008.00000.000,eHIS,HIS_SETTLEMENT,NSK-OCR-66903 HIS_SETTLEMENT 3358005YT7JQCWYLTG43,500176201,Journal Import 2591655:,//SETTLEMENT,2,,,,,600,0,Posted
19-09-2024,01.12102.000.0000.000.3706008.00000.000,eHIS,HIS_SETTLEMENT,NSK-OCR-66913 HIS_SETTLEMENT 3358005YT7JQCWYLTG43,500176207,Journal Import 2591655:,//SETTLEMENT,2,,,,,615,0,Posted
20-09-2024,01.12102.000.0000.000.3706008.00000.000,eHIS,HIS_SETTLEMENT,NSK-OCR-66945 HIS_SETTLEMENT 3358005YT7JQCWYLTG43,500176933,Journal Import 2659341:,//SETTLEMENT,2,,,,,499,0,Posted
21-09-2024,01.12102.000.0000.000.3706008.00000.000,eHIS,HIS_SETTLEMENT,NSK-OCR-66968 HIS_SETTLEMENT 3358005YT7JQCWYLTG43,500177313,Journal Import 2591676:,//SETTLEMENT,2,,,,,105,0,Posted
23-09-2024,01.12102.000.0000.000.3706008.00000.000,eHIS,HIS_SETTLEMENT,NSK-OCR-67021 HIS_SETTLEMENT 3358005YT7JQCWYLTG43,500178485,Journal Import 2591676:,//SETTLEMENT,2,,,,,483,0,Posted
24-09-2024,01.12102.000.0000.000.3706008.00000.000,eHIS,HIS_SETTLEMENT,NSK-OCR-67056 HIS_SETTLEMENT 3358005YT7JQCWYLTG43,500179137,Journal Import 2659341:,//SETTLEMENT,2,,,,,1245,0,Posted
24-09-2024,01.12102.000.0000.000.3706008.00000.000,eHIS,HIS_SETTLEMENT,NSK-OCR-67058 HIS_SETTLEMENT 3358005YT7JQCWYLTG43,500178798,Journal Import 2591676:,//SETTLEMENT,2,,,,,1552,0,Posted
25-09-2024,01.12102.000.0000.000.3706008.00000.000,eHIS,HIS_SETTLEMENT,NSK-OCR-67086 HIS_SETTLEMENT 3358005YT7JQCWYLTG43,500179701,Journal Import 2591676:,//SETTLEMENT,2,,,,,923,0,Posted
27-09-2024,01.12102.000.0000.000.3706008.00000.000,eHIS,HIS_SETTLEMENT,NSK-OCR-67125 HIS_SETTLEMENT 3358005YT7JQCWYLTG43,500180930,Journal Import 2594090:,//SETTLEMENT,2,,,,,497,0,Posted
30-09-2024,01.12102.000.0000.000.3706008.00000.000,eHIS,HIS_SETTLEMENT,NSK-OCR-67181 HIS_SETTLEMENT 3358005YT7JQCWYLTG43,500181934,Journal Import 2612134:,//SETTLEMENT,2,,,,,483,0,Posted
30-09-2024,01.12102.000.0000.000.3706008.00000.000,eHIS,HIS_SETTLEMENT,NSK-OCR-67188 HIS_SETTLEMENT 3358005YT7JQCWYLTG43,500182336,Journal Import 2628498:,//SETTLEMENT,2,,,,,105,0,Posted
30-09-2024,01.12102.000.0000.000.3706008.00000.000,eHIS,HIS_SETTLEMENT,NSK-OCR-67191 HIS_SETTLEMENT 3358005YT7JQCWYLTG43,500182902,Journal Import 2659341:,//SETTLEMENT,2,,,,,415,0,Posted
02-09-2024,01.12102.000.0000.000.3706008.00000.000,eHIS,HIS_SETTLEMENT,NSK-OCS-468063 HIS_SETTLEMENT 3358005YT7JQCWYLTG43,500165885,Journal Import 2599930:,//SETTLEMENT,2,,,,,108,0,Posted
01-09-2024,01.12102.000.0000.000.3706008.00000.000,eHIS,HIS_SETTLEMENT,NSK-OCS-468065 HIS_SETTLEMENT 3358005YT7JQCWYLTG43,500165863,Journal Import 2591614:,//SETTLEMENT,2,,,,,836,0,Posted
01-09-2024,01.12102.000.0000.000.3706008.00000.000,eHIS,HIS_SETTLEMENT,NSK-OCS-468066 HIS_SETTLEMENT 3358005YT7JQCWYLTG43,500165845,Journal Import 2591614:,//SETTLEMENT,2,,,,,1850,0,Posted
01-09-2024,01.12102.000.0000.000.3706008.00000.000,eHIS,HIS_SETTLEMENT,NSK-OCS-468067 HIS_SETTLEMENT 3358005YT7JQCWYLTG43,500165761,Journal Import 2591614:,//SETTLEMENT,2,,,,,100,0,Posted
01-09-2024,01.12102.000.0000.000.3706008.00000.000,eHIS,HIS_SETTLEMENT,NSK-OCS-468068 HIS_SETTLEMENT 3358005YT7JQCWYLTG43,500165765,Journal Import 2591614:,//SETTLEMENT,2,,,,,2760,0,Posted
01-09-2024,01.12102.000.0000.000.3706008.00000.000,eHIS,HIS_SETTLEMENT,NSK-OCS-468069 HIS_SETTLEMENT 3358005YT7JQCWYLTG43,500165777,Journal Import 2591614:,//SETTLEMENT,2,,,,,550,0,Posted
01-09-2024,01.12102.000.0000.000.3706008.00000.000,eHIS,HIS_SETTLEMENT,NSK-OCS-468070 HIS_SETTLEMENT 3358005YT7JQCWYLTG43,500165846,Journal Import 2591614:,//SETTLEMENT,2,,,,,1850,0,Posted
02-09-2024,01.12102.000.0000.000.3706008.00000.000,eHIS,HIS_SETTLEMENT,NSK-OCS-468071 HIS_SETTLEMENT 3358005YT7JQCWYLTG43,500165882,Journal Import 2599930:,//SETTLEMENT,2,,,,,600,0,Posted
01-09-2024,01.12102.000.0000.000.3706008.00000.000,eHIS,HIS_SETTLEMENT,NSK-OCS-468072 HIS_SETTLEMENT 3358005YT7JQCWYLTG43,500165762,Journal Import 2591614:,//SETTLEMENT,2,,,,,100,0,Posted
01-09-2024,01.12102.000.0000.000.3706008.00000.000,eHIS,HIS_SETTLEMENT,NSK-OCS-468073 HIS_SETTLEMENT 3358005YT7JQCWYLTG43,500165857,Journal Import 2591614:,//SETTLEMENT,2,,,,,21800,0,Posted
01-09-2024,01.12102.000.0000.000.3706008.00000.000,eHIS,HIS_SETTLEMENT,NSK-OCS-468074 HIS_SETTLEMENT 3358005YT7JQCWYLTG43,500165764,Journal Import 2591614:,//SETTLEMENT,2,,,,,1000,0,Posted
01-09-2024,01.12102.000.0000.000.3706008.00000.000,eHIS,HIS_SETTLEMENT,NSK-OCS-468075 HIS_SETTLEMENT 3358005YT7JQCWYLTG43,500165785,Journal Import 2591614:,//SETTLEMENT,2,,,,,650,0,Posted
01-09-2024,01.12102.000.0000.000.3706008.00000.000,eHIS,HIS_SETTLEMENT,NSK-OCS-468076 HIS_SETTLEMENT 3358005YT7JQCWYLTG43,500165755,Journal Import 2591614:,//SETTLEMENT,2,,,,,2300,0,Posted
01-09-2024,01.12102.000.0000.000.3706008.00000.000,eHIS,HIS_SETTLEMENT,NSK-OCS-468077 HIS_SETTLEMENT 3358005YT7JQCWYLTG43,500165760,Journal Import 2591614:,//SETTLEMENT,3,,,,,50,0,Posted
01-09-2024,01.12102.000.0000.000.3706008.00000.000,eHIS,HIS_SETTLEMENT,NSK-OCS-468077 HIS_SETTLEMENT 3358005YT7JQCWYLTG43,500165760,Journal Import 2591614:,//SETTLEMENT,4,,,,,500,0,Posted
01-09-2024,01.12102.000.0000.000.3706008.00000.000,eHIS,HIS_SETTLEMENT,NSK-OCS-468078 HIS_SETTLEMENT 3358005YT7JQCWYLTG43,500165847,Journal Import 2591614:,//SETTLEMENT,2,,,,,1850,0,Posted
01-09-2024,01.12102.000.0000.000.3706008.00000.000,eHIS,HIS_SETTLEMENT,NSK-OCS-468079 HIS_SETTLEMENT 3358005YT7JQCWYLTG43,500165848,Journal Import 2591614:,//SETTLEMENT,2,,,,,1850,0,Posted
01-09-2024,01.12102.000.0000.000.3706008.00000.000,eHIS,HIS_SETTLEMENT,NSK-OCS-468080 HIS_SETTLEMENT 3358005YT7JQCWYLTG43,500165849,Journal Import 2591614:,//SETTLEMENT,2,,,,,1850,0,Posted
01-09-2024,01.12102.000.0000.000.3706008.00000.000,eHIS,HIS_SETTLEMENT,NSK-OCS-468081 HIS_SETTLEMENT 3358005YT7JQCWYLTG43,500165763,Journal Import 2591614:,//SETTLEMENT,2,,,,,100,0,Posted
02-09-2024,01.12102.000.0000.000.3706008.00000.000,eHIS,HIS_SETTLEMENT,NSK-OCS-468082 HIS_SETTLEMENT 3358005YT7JQCWYLTG43,500166060,Journal Import 2591614:,//SETTLEMENT,2,,,,,100,0,Posted
02-09-2024,01.12102.000.0000.000.3706008.00000.000,eHIS,HIS_SETTLEMENT,NSK-OCS-468083 HIS_SETTLEMENT 3358005YT7JQCWYLTG43,500166091,Journal Import 2591614:,//SETTLEMENT,2,,,,,450,0,Posted
02-09-2024,01.12102.000.0000.000.3706008.00000.000,eHIS,HIS_SETTLEMENT,NSK-OCS-468084 HIS_SETTLEMENT 3358005YT7JQCWYLTG43,500166061,Journal Import 2591614:,//SETTLEMENT,2,,,,,100,0,Posted
02-09-2024,01.12102.000.0000.000.3706008.00000.000,eHIS,HIS_SETTLEMENT,NSK-OCS-468085 HIS_SETTLEMENT 3358005YT7JQCWYLTG43,500165974,Journal Import 2591614:,//SETTLEMENT,2,,,,,3710,0,Posted
02-09-2024,01.12102.000.0000.000.3706008.00000.000,eHIS,HIS_SETTLEMENT,NSK-OCS-468086 HIS_SETTLEMENT 3358005YT7JQCWYLTG43,500165970,Journal Import 2591614:,//SETTLEMENT,2,,,,,550,0,Posted
02-09-2024,01.12102.000.0000.000.3706008.00000.000,eHIS,HIS_SETTLEMENT,NSK-OCS-468087 HIS_SETTLEMENT 3358005YT7JQCWYLTG43,500166150,Journal Import 2591614:,//SETTLEMENT,2,,,,,1550,0,Posted
02-09-2024,01.12102.000.0000.000.3706008.00000.000,eHIS,HIS_SETTLEMENT,NSK-OCS-468088 HIS_SETTLEMENT 3358005YT7JQCWYLTG43,500166343,Journal Import 2591614:,//SETTLEMENT,2,,,,,100,0,Posted
02-09-2024,01.12102.000.0000.000.3706008.00000.000,eHIS,HIS_SETTLEMENT,NSK-OCS-468089 HIS_SETTLEMENT 3358005YT7JQCWYLTG43,500166344,Journal Import 2591614:,//SETTLEMENT,2,,,,,100,0,Posted
02-09-2024,01.12102.000.0000.000.3706008.00000.000,eHIS,HIS_SETTLEMENT,NSK-OCS-468090 HIS_SETTLEMENT 3358005YT7JQCWYLTG43,500166092,Journal Import 2591614:,//SETTLEMENT,2,,,,,450,0,Posted
02-09-2024,01.12102.000.0000.000.3706008.00000.000,eHIS,HIS_SETTLEMENT,NSK-OCS-468091 HIS_SETTLEMENT 3358005YT7JQCWYLTG43,500166035,Journal Import 2591614:,//SETTLEMENT,2,,,,,2475,0,Posted
02-09-2024,01.12102.000.0000.000.3706008.00000.000,eHIS,HIS_SETTLEMENT,NSK-OCS-468092 HIS_SETTLEMENT 3358005YT7JQCWYLTG43,500166152,Journal Import 2591614:,//SETTLEMENT,2,,,,,1700,0,Posted
02-09-2024,01.12102.000.0000.000.3706008.00000.000,eHIS,HIS_SETTLEMENT,NSK-OCS-468093 HIS_SETTLEMENT 3358005YT7JQCWYLTG43,500165996,Journal Import 2591614:,//SETTLEMENT,2,,,,,650,0,Posted
02-09-2024,01.12102.000.0000.000.3706008.00000.000,eHIS,HIS_SETTLEMENT,NSK-OCS-468094 HIS_SETTLEMENT 3358005YT7JQCWYLTG43,500165922,Journal Import 2591614:,//SETTLEMENT,2,,,,,6130,0,Posted
02-09-2024,01.12102.000.0000.000.3706008.00000.000,eHIS,HIS_SETTLEMENT,NSK-OCS-468095 HIS_SETTLEMENT 3358005YT7JQCWYLTG43,500165960,Journal Import 2591614:,//SETTLEMENT,2,,,,,3500,0,Posted
02-09-2024,01.12102.000.0000.000.3706008.00000.000,eHIS,HIS_SETTLEMENT,NSK-OCS-468096 HIS_SETTLEMENT 3358005YT7JQCWYLTG43,500166008,Journal Import 2591614:,//SETTLEMENT,2,,,,,4550,0,Posted
02-09-2024,01.12102.000.0000.000.3706008.00000.000,eHIS,HIS_SETTLEMENT,NSK-OCS-468097 HIS_SETTLEMENT 3358005YT7JQCWYLTG43,500166040,Journal Import 2591614:,//SETTLEMENT,2,,,,,2600,0,Posted
02-09-2024,01.12102.000.0000.000.3706008.00000.000,eHIS,HIS_SETTLEMENT,NSK-OCS-468098 HIS_SETTLEMENT 3358005YT7JQCWYLTG43,500166068,Journal Import 2591614:,//SETTLEMENT,2,,,,,2880,0,Posted
02-09-2024,01.12102.000.0000.000.3706008.00000.000,eHIS,HIS_SETTLEMENT,NSK-OCS-468101 HIS_SETTLEMENT 3358005YT7JQCWYLTG43,500166154,Journal Import 2591614:,//SETTLEMENT,2,,,,,10212,0,Posted
02-09-2024,01.12102.000.0000.000.3706008.00000.000,eHIS,HIS_SETTLEMENT,NSK-OCS-468102 HIS_SETTLEMENT 3358005YT7JQCWYLTG43,500166090,Journal Import 2591614:,//SETTLEMENT,3,,,,,430,0,Posted
02-09-2024,01.12102.000.0000.000.3706008.00000.000,eHIS,HIS_SETTLEMENT,NSK-OCS-468102 HIS_SETTLEMENT 3358005YT7JQCWYLTG43,500166090,Journal Import 2591614:,//SETTLEMENT,4,,,,,3000,0,Posted
02-09-2024,01.12102.000.0000.000.3706008.00000.000,eHIS,HIS_SETTLEMENT,NSK-OCS-468103 HIS_SETTLEMENT 3358005YT7JQCWYLTG43,500165891,Journal Import 2591614:,//SETTLEMENT,2,,,,,1200,0,Posted
02-09-2024,01.12102.000.0000.000.3706008.00000.000,eHIS,HIS_SETTLEMENT,NSK-OCS-468104 HIS_SETTLEMENT 3358005YT7JQCWYLTG43,500166133,Journal Import 2591614:,//SETTLEMENT,2,,,,,900,0,Posted
02-09-2024,01.12102.000.0000.000.3706008.00000.000,eHIS,HIS_SETTLEMENT,NSK-OCS-468105 HIS_SETTLEMENT 3358005YT7JQCWYLTG43,500166058,Journal Import 2591614:,//SETTLEMENT,3,,,,,80,0,Posted
02-09-2024,01.12102.000.0000.000.3706008.00000.000,eHIS,HIS_SETTLEMENT,NSK-OCS-468105 HIS_SETTLEMENT 3358005YT7JQCWYLTG43,500166058,Journal Import 2591614:,//SETTLEMENT,4,,,,,1600,0,Posted
02-09-2024,01.12102.000.0000.000.3706008.00000.000,eHIS,HIS_SETTLEMENT,NSK-OCS-468106 HIS_SETTLEMENT 3358005YT7JQCWYLTG43,500166134,Journal Import 2591614:,//SETTLEMENT,2,,,,,900,0,Posted
02-09-2024,01.12102.000.0000.000.3706008.00000.000,eHIS,HIS_SETTLEMENT,NSK-OCS-468107 HIS_SETTLEMENT 3358005YT7JQCWYLTG43,500166041,Journal Import 2591614:,//SETTLEMENT,2,,,,,2600,0,Posted
02-09-2024,01.12102.000.0000.000.3706008.00000.000,eHIS,HIS_SETTLEMENT,NSK-OCS-468108 HIS_SETTLEMENT 3358005YT7JQCWYLTG43,500166067,Journal Import 2591614:,//SETTLEMENT,2,,,,,2680,0,Posted
02-09-2024,01.12102.000.0000.000.3706008.00000.000,eHIS,HIS_SETTLEMENT,NSK-OCS-468109 HIS_SETTLEMENT 3358005YT7JQCWYLTG43,500166135,Journal Import 2591614:,//SETTLEMENT,2,,,,,900,0,Posted
02-09-2024,01.12102.000.0000.000.3706008.00000.000,eHIS,HIS_SETTLEMENT,NSK-OCS-468111 HIS_SETTLEMENT 3358005YT7JQCWYLTG43,500166036,Journal Import 2591614:,//SETTLEMENT,2,,,,,2499,0,Posted
02-09-2024,01.12102.000.0000.000.3706008.00000.000,eHIS,HIS_SETTLEMENT,NSK-OCS-468112 HIS_SETTLEMENT 3358005YT7JQCWYLTG43,500165878,Journal Import 2591614:,//SETTLEMENT,2,,,,,1300,0,Posted
02-09-2024,01.12102.000.0000.000.3706008.00000.000,eHIS,HIS_SETTLEMENT,NSK-OCS-468113 HIS_SETTLEMENT 3358005YT7JQCWYLTG43,500166095,Journal Import 2591614:,//SETTLEMENT,2,,,,,21800,0,Posted
02-09-2024,01.12102.000.0000.000.3706008.00000.000,eHIS,HIS_SETTLEMENT,NSK-OCS-468114 HIS_SETTLEMENT 3358005YT7JQCWYLTG43,500166174,Journal Import 2591614:,//SETTLEMENT,2,,,,,350,0,Posted
02-09-2024,01.12102.000.0000.000.3706008.00000.000,eHIS,HIS_SETTLEMENT,NSK-OCS-468115 HIS_SETTLEMENT 3358005YT7JQCWYLTG43,500166037,Journal Import 2591614:,//SETTLEMENT,2,,,,,2499,0,Posted
02-09-2024,01.12102.000.0000.000.3706008.00000.000,eHIS,HIS_SETTLEMENT,NSK-OCS-468116 HIS_SETTLEMENT 3358005YT7JQCWYLTG43,500166345,Journal Import 2591614:,//SETTLEMENT,2,,,,,100,0,Posted
02-09-2024,01.12102.000.0000.000.3706008.00000.000,eHIS,HIS_SETTLEMENT,NSK-OCS-468117 HIS_SETTLEMENT 3358005YT7JQCWYLTG43,500166062,Journal Import 2591614:,//SETTLEMENT,2,,,,,1000,0,Posted
02-09-2024,01.12102.000.0000.000.3706008.00000.000,eHIS,HIS_SETTLEMENT,NSK-OCS-468118 HIS_SETTLEMENT 3358005YT7JQCWYLTG43,500166000,Journal Import 2591614:,//SETTLEMENT,2,,,,,1100,0,Posted
02-09-2024,01.12102.000.0000.000.3706008.00000.000,eHIS,HIS_SETTLEMENT,NSK-OCS-468119 HIS_SETTLEMENT 3358005YT7JQCWYLTG43,500165950,Journal Import 2591614:,//SETTLEMENT,2,,,,,800,0,Posted
02-09-2024,01.12102.000.0000.000.3706008.00000.000,eHIS,HIS_SETTLEMENT,NSK-OCS-468120 HIS_SETTLEMENT 3358005YT7JQCWYLTG43,500166181,Journal Import 2591614:,//SETTLEMENT,2,,,,,1850,0,Posted
02-09-2024,01.12102.000.0000.000.3706008.00000.000,eHIS,HIS_SETTLEMENT,NSK-OCS-468121 HIS_SETTLEMENT 3358005YT7JQCWYLTG43,500166063,Journal Import 2591614:,//SETTLEMENT,2,,,,,1000,0,Posted
02-09-2024,01.12102.000.0000.000.3706008.00000.000,eHIS,HIS_SETTLEMENT,NSK-OCS-468122 HIS_SETTLEMENT 3358005YT7JQCWYLTG43,500166153,Journal Import 2591614:,//SETTLEMENT,2,,,,,1700,0,Posted
02-09-2024,01.12102.000.0000.000.3706008.00000.000,eHIS,HIS_SETTLEMENT,NSK-OCS-468123 HIS_SETTLEMENT 3358005YT7JQCWYLTG43,500166009,Journal Import 2591614:,//SETTLEMENT,2,,,,,4808,0,Posted
02-09-2024,01.12102.000.0000.000.3706008.00000.000,eHIS,HIS_SETTLEMENT,NSK-OCS-468124 HIS_SETTLEMENT 3358005YT7JQCWYLTG43,500166110,Journal Import 2591614:,//SETTLEMENT,2,,,,,500,0,Posted
02-09-2024,01.12102.000.0000.000.3706008.00000.000,eHIS,HIS_SETTLEMENT,NSK-OCS-468125 HIS_SETTLEMENT 3358005YT7JQCWYLTG43,500166346,Journal Import 2591614:,//SETTLEMENT,2,,,,,100,0,Posted
02-09-2024,01.12102.000.0000.000.3706008.00000.000,eHIS,HIS_SETTLEMENT,NSK-OCS-468126 HIS_SETTLEMENT 3358005YT7JQCWYLTG43,500166059,Journal Import 2591614:,//SETTLEMENT,2,,,,,99,0,Posted
02-09-2024,01.12102.000.0000.000.3706008.00000.000,eHIS,HIS_SETTLEMENT,NSK-OCS-468127 HIS_SETTLEMENT 3358005YT7JQCWYLTG43,500166038,Journal Import 2591614:,//SETTLEMENT,2,,,,,2500,0,Posted
02-09-2024,01.12102.000.0000.000.3706008.00000.000,eHIS,HIS_SETTLEMENT,NSK-OCS-468128 HIS_SETTLEMENT 3358005YT7JQCWYLTG43,500165948,Journal Import 2591614:,//SETTLEMENT,2,,,,,250,0,Posted
02-09-2024,01.12102.000.0000.000.3706008.00000.000,eHIS,HIS_SETTLEMENT,NSK-OCS-468129 HIS_SETTLEMENT 3358005YT7JQCWYLTG43,500165971,Journal Import 2591614:,//SETTLEMENT,2,,,,,600,0,Posted
02-09-2024,01.12102.000.0000.000.3706008.00000.000,eHIS,HIS_SETTLEMENT,NSK-OCS-468130 HIS_SETTLEMENT 3358005YT7JQCWYLTG43,500165998,Journal Import 2591614:,//SETTLEMENT,2,,,,,700,0,Posted
02-09-2024,01.12102.000.0000.000.3706008.00000.000,eHIS,HIS_SETTLEMENT,NSK-OCS-468131 HIS_SETTLEMENT 3358005YT7JQCWYLTG43,500166182,Journal Import 2591614:,//SETTLEMENT,2,,,,,1850,0,Posted
02-09-2024,01.12102.000.0000.000.3706008.00000.000,eHIS,HIS_SETTLEMENT,NSK-OCS-468132 HIS_SETTLEMENT 3358005YT7JQCWYLTG43,500166183,Journal Import 2591614:,//SETTLEMENT,2,,,,,1850,0,Posted
02-09-2024,01.12102.000.0000.000.3706008.00000.000,eHIS,HIS_SETTLEMENT,NSK-OCS-468133 HIS_SETTLEMENT 3358005YT7JQCWYLTG43,500166111,Journal Import 2591614:,//SETTLEMENT,2,,,,,500,0,Posted
02-09-2024,01.12102.000.0000.000.3706008.00000.000,eHIS,HIS_SETTLEMENT,NSK-OCS-468134 HIS_SETTLEMENT 3358005YT7JQCWYLTG43,500165995,Journal Import 2591614:,//SETTLEMENT,2,,,,,640,0,Posted
02-09-2024,01.12102.000.0000.000.3706008.00000.000,eHIS,HIS_SETTLEMENT,NSK-OCS-468135 HIS_SETTLEMENT 3358005YT7JQCWYLTG43,500166347,Journal Import 2591614:,//SETTLEMENT,2,,,,,100,0,Posted
02-09-2024,01.12102.000.0000.000.3706008.00000.000,eHIS,HIS_SETTLEMENT,NSK-OCS-468136 HIS_SETTLEMENT 3358005YT7JQCWYLTG43,500165969,Journal Import 2591614:,//SETTLEMENT,2,,,,,525,0,Posted
02-09-2024,01.12102.000.0000.000.3706008.00000.000,eHIS,HIS_SETTLEMENT,NSK-OCS-468137 HIS_SETTLEMENT 3358005YT7JQCWYLTG43,500165864,Journal Import 2591614:,//SETTLEMENT,2,,,,,800,0,Posted
02-09-2024,01.12102.000.0000.000.3706008.00000.000,eHIS,HIS_SETTLEMENT,NSK-OCS-468138 HIS_SETTLEMENT 3358005YT7JQCWYLTG43,500166112,Journal Import 2591614:,//SETTLEMENT,2,,,,,500,0,Posted
02-09-2024,01.12102.000.0000.000.3706008.00000.000,eHIS,HIS_SETTLEMENT,NSK-OCS-468139 HIS_SETTLEMENT 3358005YT7JQCWYLTG43,500166136,Journal Import 2591614:,//SETTLEMENT,2,,,,,900,0,Posted
02-09-2024,01.12102.000.0000.000.3706008.00000.000,eHIS,HIS_SETTLEMENT,NSK-OCS-468140 HIS_SETTLEMENT 3358005YT7JQCWYLTG43,500166113,Journal Import 2591614:,//SETTLEMENT,2,,,,,500,0,Posted
02-09-2024,01.12102.000.0000.000.3706008.00000.000,eHIS,HIS_SETTLEMENT,NSK-OCS-468141 HIS_SETTLEMENT 3358005YT7JQCWYLTG43,500166114,Journal Import 2591614:,//SETTLEMENT,2,,,,,500,0,Posted
02-09-2024,01.12102.000.0000.000.3706008.00000.000,eHIS,HIS_SETTLEMENT,NSK-OCS-468142 HIS_SETTLEMENT 3358005YT7JQCWYLTG43,500166348,Journal Import 2591614:,//SETTLEMENT,2,,,,,100,0,Posted
02-09-2024,01.12102.000.0000.000.3706008.00000.000,eHIS,HIS_SETTLEMENT,NSK-OCS-468143 HIS_SETTLEMENT 3358005YT7JQCWYLTG43,500165865,Journal Import 2591614:,//SETTLEMENT,2,,,,,800,0,Posted
02-09-2024,01.12102.000.0000.000.3706008.00000.000,eHIS,HIS_SETTLEMENT,NSK-OCS-468144 HIS_SETTLEMENT 3358005YT7JQCWYLTG43,500166115,Journal Import 2591614:,//SETTLEMENT,2,,,,,500,0,Posted
02-09-2024,01.12102.000.0000.000.3706008.00000.000,eHIS,HIS_SETTLEMENT,NSK-OCS-468145 HIS_SETTLEMENT 3358005YT7JQCWYLTG43,500165866,Journal Import 2591614:,//SETTLEMENT,2,,,,,800,0,Posted
02-09-2024,01.12102.000.0000.000.3706008.00000.000,eHIS,HIS_SETTLEMENT,NSK-OCS-468146 HIS_SETTLEMENT 3358005YT7JQCWYLTG43,500166093,Journal Import 2591614:,//SETTLEMENT,2,,,,,450,0,Posted
02-09-2024,01.12102.000.0000.000.3706008.00000.000,eHIS,HIS_SETTLEMENT,NSK-OCS-468147 HIS_SETTLEMENT 3358005YT7JQCWYLTG43,500166039,Journal Import 2591614:,//SETTLEMENT,2,,,,,2580,0,Posted
02-09-2024,01.12102.000.0000.000.3706008.00000.000,eHIS,HIS_SETTLEMENT,NSK-OCS-468148 HIS_SETTLEMENT 3358005YT7JQCWYLTG43,500166264,Journal Import 2591614:,//SETTLEMENT,2,,,,,9000,0,Posted
02-09-2024,01.12102.000.0000.000.3706008.00000.000,eHIS,HIS_SETTLEMENT,NSK-OCS-468149 HIS_SETTLEMENT 3358005YT7JQCWYLTG43,500166180,Journal Import 2591614:,//SETTLEMENT,2,,,,,1800,0,Posted
02-09-2024,01.12102.000.0000.000.3706008.00000.000,eHIS,HIS_SETTLEMENT,NSK-OCS-468150 HIS_SETTLEMENT 3358005YT7JQCWYLTG43,500166096,Journal Import 2591614:,//SETTLEMENT,2,,,,,21800,0,Posted
02-09-2024,01.12102.000.0000.000.3706008.00000.000,eHIS,HIS_SETTLEMENT,NSK-OCS-468151 HIS_SETTLEMENT 3358005YT7JQCWYLTG43,500166175,Journal Import 2591614:,//SETTLEMENT,2,,,,,350,0,Posted
02-09-2024,01.12102.000.0000.000.3706008.00000.000,eHIS,HIS_SETTLEMENT,NSK-OCS-468152 HIS_SETTLEMENT 3358005YT7JQCWYLTG43,500166094,Journal Import 2591614:,//SETTLEMENT,2,,,,,450,0,Posted
02-09-2024,01.12102.000.0000.000.3706008.00000.000,eHIS,HIS_SETTLEMENT,NSK-OCS-468153 HIS_SETTLEMENT 3358005YT7JQCWYLTG43,500166064,Journal Import 2591614:,//SETTLEMENT,2,,,,,1000,0,Posted
02-09-2024,01.12102.000.0000.000.3706008.00000.000,eHIS,HIS_SETTLEMENT,NSK-OCS-468154 HIS_SETTLEMENT 3358005YT7JQCWYLTG43,500166034,Journal Import 2591614:,//SETTLEMENT,3,,,,,2340,0,Posted
02-09-2024,01.12102.000.0000.000.3706008.00000.000,eHIS,HIS_SETTLEMENT,NSK-OCS-468154 HIS_SETTLEMENT 3358005YT7JQCWYLTG43,500166034,Journal Import 2591614:,//SETTLEMENT,4,,,,,6000,0,Posted
02-09-2024,01.12102.000.0000.000.3706008.00000.000,eHIS,HIS_SETTLEMENT,NSK-OCS-468155 HIS_SETTLEMENT 3358005YT7JQCWYLTG43,500165949,Journal Import 2591614:,//SETTLEMENT,2,,,,,250,0,Posted
02-09-2024,01.12102.000.0000.000.3706008.00000.000,eHIS,HIS_SETTLEMENT,NSK-OCS-468156 HIS_SETTLEMENT 3358005YT7JQCWYLTG43,500166177,Journal Import 2591614:,//SETTLEMENT,2,,,,,400,0,Posted
02-09-2024,01.12102.000.0000.000.3706008.00000.000,eHIS,HIS_SETTLEMENT,NSK-OCS-468157 HIS_SETTLEMENT 3358005YT7JQCWYLTG43,500166258,Journal Import 2591614:,//SETTLEMENT,2,,,,,250,0,Posted
02-09-2024,01.12102.000.0000.000.3706008.00000.000,eHIS,HIS_SETTLEMENT,NSK-OCS-468158 HIS_SETTLEMENT 3358005YT7JQCWYLTG43,500165959,Journal Import 2591614:,//SETTLEMENT,2,,,,,3400,0,Posted
02-09-2024,01.12102.000.0000.000.3706008.00000.000,eHIS,HIS_SETTLEMENT,NSK-OCS-468159 HIS_SETTLEMENT 3358005YT7JQCWYLTG43,500165892,Journal Import 2591614:,//SETTLEMENT,2,,,,,1200,0,Posted
02-09-2024,01.12102.000.0000.000.3706008.00000.000,eHIS,HIS_SETTLEMENT,NSK-OCS-468160 HIS_SETTLEMENT 3358005YT7JQCWYLTG43,500166178,Journal Import 2591614:,//SETTLEMENT,2,,,,,400,0,Posted
02-09-2024,01.12102.000.0000.000.3706008.00000.000,eHIS,HIS_SETTLEMENT,NSK-OCS-468162 HIS_SETTLEMENT 3358005YT7JQCWYLTG43,500166116,Journal Import 2591614:,//SETTLEMENT,2,,,,,500,0,Posted
02-09-2024,01.12102.000.0000.000.3706008.00000.000,eHIS,HIS_SETTLEMENT,NSK-OCS-468163 HIS_SETTLEMENT 3358005YT7JQCWYLTG43,500165867,Journal Import 2591614:,//SETTLEMENT,2,,,,,800,0,Posted
02-09-2024,01.12102.000.0000.000.3706008.00000.000,eHIS,HIS_SETTLEMENT,NSK-OCS-468164 HIS_SETTLEMENT 3358005YT7JQCWYLTG43,500166001,Journal Import 2591614:,//SETTLEMENT,2,,,,,1100,0,Posted
02-09-2024,01.12102.000.0000.000.3706008.00000.000,eHIS,HIS_SETTLEMENT,NSK-OCS-468165 HIS_SETTLEMENT 3358005YT7JQCWYLTG43,500165868,Journal Import 2591614:,//SETTLEMENT,2,,,,,800,0,Posted
02-09-2024,01.12102.000.0000.000.3706008.00000.000,eHIS,HIS_SETTLEMENT,NSK-OCS-468166 HIS_SETTLEMENT 3358005YT7JQCWYLTG43,500166002,Journal Import 2591614:,//SETTLEMENT,2,,,,,1100,0,Posted
02-09-2024,01.12102.000.0000.000.3706008.00000.000,eHIS,HIS_SETTLEMENT,NSK-OCS-468167 HIS_SETTLEMENT 3358005YT7JQCWYLTG43,500166179,Journal Import 2591614:,//SETTLEMENT,2,,,,,400,0,Posted
02-09-2024,01.12102.000.0000.000.3706008.00000.000,eHIS,HIS_SETTLEMENT,NSK-OCS-468168 HIS_SETTLEMENT 3358005YT7JQCWYLTG43,500165869,Journal Import 2591614:,//SETTLEMENT,2,,,,,800,0,Posted
02-09-2024,01.12102.000.0000.000.3706008.00000.000,eHIS,HIS_SETTLEMENT,NSK-OCS-468169 HIS_SETTLEMENT 3358005YT7JQCWYLTG43,500166129,Journal Import 2591614:,//SETTLEMENT,2,,,,,500,0,Posted
02-09-2024,01.12102.000.0000.000.3706008.00000.000,eHIS,HIS_SETTLEMENT,NSK-OCS-468170 HIS_SETTLEMENT 3358005YT7JQCWYLTG43,500165870,Journal Import 2591614:,//SETTLEMENT,2,,,,,800,0,Posted
02-09-2024,01.12102.000.0000.000.3706008.00000.000,eHIS,HIS_SETTLEMENT,NSK-OCS-468171 HIS_SETTLEMENT 3358005YT7JQCWYLTG43,500166184,Journal Import 2591614:,//SETTLEMENT,2,,,,,1850,0,Posted
02-09-2024,01.12102.000.0000.000.3706008.00000.000,eHIS,HIS_SETTLEMENT,NSK-OCS-468172 HIS_SETTLEMENT 3358005YT7JQCWYLTG43,500165871,Journal Import 2591614:,//SETTLEMENT,2,,,,,800,0,Posted
02-09-2024,01.12102.000.0000.000.3706008.00000.000,eHIS,HIS_SETTLEMENT,NSK-OCS-468173 HIS_SETTLEMENT 3358005YT7JQCWYLTG43,500165999,Journal Import 2591614:,//SETTLEMENT,2,,,,,1030,0,Posted
02-09-2024,01.12102.000.0000.000.3706008.00000.000,eHIS,HIS_SETTLEMENT,NSK-OCS-468174 HIS_SETTLEMENT 3358005YT7JQCWYLTG43,500166340,Journal Import 2591614:,//SETTLEMENT,2,,,,,299,0,Posted
02-09-2024,01.12102.000.0000.000.3706008.00000.000,eHIS,HIS_SETTLEMENT,NSK-OCS-468175 HIS_SETTLEMENT 3358005YT7JQCWYLTG43,500166151,Journal Import 2591614:,//SETTLEMENT,2,,,,,1680,0,Posted
02-09-2024,01.12102.000.0000.000.3706008.00000.000,eHIS,HIS_SETTLEMENT,NSK-OCS-468176 HIS_SETTLEMENT 3358005YT7JQCWYLTG43,500166007,Journal Import 2591614:,//SETTLEMENT,2,,,,,3980,0,Posted
02-09-2024,01.12102.000.0000.000.3706008.00000.000,eHIS,HIS_SETTLEMENT,NSK-OCS-468177 HIS_SETTLEMENT 3358005YT7JQCWYLTG43,500165872,Journal Import 2591614:,//SETTLEMENT,2,,,,,800,0,Posted
02-09-2024,01.12102.000.0000.000.3706008.00000.000,eHIS,HIS_SETTLEMENT,NSK-OCS-468178 HIS_SETTLEMENT 3358005YT7JQCWYLTG43,500166139,Journal Import 2591614:,//SETTLEMENT,2,,,,,2000,0,Posted
02-09-2024,01.12102.000.0000.000.3706008.00000.000,eHIS,HIS_SETTLEMENT,NSK-OCS-468179 HIS_SETTLEMENT 3358005YT7JQCWYLTG43,500166065,Journal Import 2591614:,//SETTLEMENT,2,,,,,1000,0,Posted
02-09-2024,01.12102.000.0000.000.3706008.00000.000,eHIS,HIS_SETTLEMENT,NSK-OCS-468180 HIS_SETTLEMENT 3358005YT7JQCWYLTG43,500166141,Journal Import 2591614:,//SETTLEMENT,2,,,,,2080,0,Posted
02-09-2024,01.12102.000.0000.000.3706008.00000.000,eHIS,HIS_SETTLEMENT,NSK-OCS-468181 HIS_SETTLEMENT 3358005YT7JQCWYLTG43,500166130,Journal Import 2591614:,//SETTLEMENT,2,,,,,500,0,Posted
02-09-2024,01.12102.000.0000.000.3706008.00000.000,eHIS,HIS_SETTLEMENT,NSK-OCS-468182 HIS_SETTLEMENT 3358005YT7JQCWYLTG43,500165916,Journal Import 2591614:,//SETTLEMENT,2,,,,,200,0,Posted
02-09-2024,01.12102.000.0000.000.3706008.00000.000,eHIS,HIS_SETTLEMENT,NSK-OCS-468183 HIS_SETTLEMENT 3358005YT7JQCWYLTG43,500165956,Journal Import 2591614:,//SETTLEMENT,2,,,,,1000,0,Posted
02-09-2024,01.12102.000.0000.000.3706008.00000.000,eHIS,HIS_SETTLEMENT,NSK-OCS-468184 HIS_SETTLEMENT 3358005YT7JQCWYLTG43,500166003,Journal Import 2591614:,//SETTLEMENT,2,,,,,1100,0,Posted
02-09-2024,01.12102.000.0000.000.3706008.00000.000,eHIS,HIS_SETTLEMENT,NSK-OCS-468185 HIS_SETTLEMENT 3358005YT7JQCWYLTG43,500166131,Journal Import 2591614:,//SETTLEMENT,2,,,,,500,0,Posted
02-09-2024,01.12102.000.0000.000.3706008.00000.000,eHIS,HIS_SETTLEMENT,NSK-OCS-468186 HIS_SETTLEMENT 3358005YT7JQCWYLTG43,500166140,Journal Import 2591614:,//SETTLEMENT,2,,,,,2050,0,Posted
02-09-2024,01.12102.000.0000.000.3706008.00000.000,eHIS,HIS_SETTLEMENT,NSK-OCS-468187 HIS_SETTLEMENT 3358005YT7JQCWYLTG43,500165972,Journal Import 2591614:,//SETTLEMENT,2,,,,,600,0,Posted
02-09-2024,01.12102.000.0000.000.3706008.00000.000,eHIS,HIS_SETTLEMENT,NSK-OCS-468188 HIS_SETTLEMENT 3358005YT7JQCWYLTG43,500165873,Journal Import 2591614:,//SETTLEMENT,2,,,,,800,0,Posted
02-09-2024,01.12102.000.0000.000.3706008.00000.000,eHIS,HIS_SETTLEMENT,NSK-OCS-468189 HIS_SETTLEMENT 3358005YT7JQCWYLTG43,500165917,Journal Import 2591614:,//SETTLEMENT,2,,,,,200,0,Posted
02-09-2024,01.12102.000.0000.000.3706008.00000.000,eHIS,HIS_SETTLEMENT,NSK-OCS-468190 HIS_SETTLEMENT 3358005YT7JQCWYLTG43,500165957,Journal Import 2591614:,//SETTLEMENT,2,,,,,1000,0,Posted
02-09-2024,01.12102.000.0000.000.3706008.00000.000,eHIS,HIS_SETTLEMENT,NSK-OCS-468191 HIS_SETTLEMENT 3358005YT7JQCWYLTG43,500166259,Journal Import 2591614:,//SETTLEMENT,2,,,,,250,0,Posted
02-09-2024,01.12102.000.0000.000.3706008.00000.000,eHIS,HIS_SETTLEMENT,NSK-OCS-468192 HIS_SETTLEMENT 3358005YT7JQCWYLTG43,500166004,Journal Import 2591614:,//SETTLEMENT,2,,,,,1100,0,Posted
02-09-2024,01.12102.000.0000.000.3706008.00000.000,eHIS,HIS_SETTLEMENT,NSK-OCS-468193 HIS_SETTLEMENT 3358005YT7JQCWYLTG43,500166089,Journal Import 2591614:,//SETTLEMENT,2,,,,,400,0,Posted
02-09-2024,01.12102.000.0000.000.3706008.00000.000,eHIS,HIS_SETTLEMENT,NSK-OCS-468194 HIS_SETTLEMENT 3358005YT7JQCWYLTG43,500165890,Journal Import 2591614:,//SETTLEMENT,2,,,,,127,0,Posted
02-09-2024,01.12102.000.0000.000.3706008.00000.000,eHIS,HIS_SETTLEMENT,NSK-OCS-468195 HIS_SETTLEMENT 3358005YT7JQCWYLTG43,500166176,Journal Import 2591614:,//SETTLEMENT,2,,,,,350,0,Posted
02-09-2024,01.12102.000.0000.000.3706008.00000.000,eHIS,HIS_SETTLEMENT,NSK-OCS-468196 HIS_SETTLEMENT 3358005YT7JQCWYLTG43,500166005,Journal Import 2591614:,//SETTLEMENT,2,,,,,1100,0,Posted
02-09-2024,01.12102.000.0000.000.3706008.00000.000,eHIS,HIS_SETTLEMENT,NSK-OCS-468197 HIS_SETTLEMENT 3358005YT7JQCWYLTG43,500165874,Journal Import 2591614:,//SETTLEMENT,2,,,,,800,0,Posted
02-09-2024,01.12102.000.0000.000.3706008.00000.000,eHIS,HIS_SETTLEMENT,NSK-OCS-468198 HIS_SETTLEMENT 3358005YT7JQCWYLTG43,500165961,Journal Import 2591614:,//SETTLEMENT,2,,,,,3500,0,Posted
02-09-2024,01.12102.000.0000.000.3706008.00000.000,eHIS,HIS_SETTLEMENT,NSK-OCS-468199 HIS_SETTLEMENT 3358005YT7JQCWYLTG43,500165921,Journal Import 2591614:,//SETTLEMENT,2,,,,,750,0,Posted
02-09-2024,01.12102.000.0000.000.3706008.00000.000,eHIS,HIS_SETTLEMENT,NSK-OCS-468200 HIS_SETTLEMENT 3358005YT7JQCWYLTG43,500165875,Journal Import 2591614:,//SETTLEMENT,2,,,,,800,0,Posted
02-09-2024,01.12102.000.0000.000.3706008.00000.000,eHIS,HIS_SETTLEMENT,NSK-OCS-468201 HIS_SETTLEMENT 3358005YT7JQCWYLTG43,500165975,Journal Import 2591614:,//SETTLEMENT,2,,,,,3900,0,Posted
02-09-2024,01.12102.000.0000.000.3706008.00000.000,eHIS,HIS_SETTLEMENT,NSK-OCS-468202 HIS_SETTLEMENT 3358005YT7JQCWYLTG43,500165879,Journal Import 2591614:,//SETTLEMENT,2,,,,,1300,0,Posted
02-09-2024,01.12102.000.0000.000.3706008.00000.000,eHIS,HIS_SETTLEMENT,NSK-OCS-468203 HIS_SETTLEMENT 3358005YT7JQCWYLTG43,500166349,Journal Import 2591614:,//SETTLEMENT,2,,,,,100,0,Posted
02-09-2024,01.12102.000.0000.000.3706008.00000.000,eHIS,HIS_SETTLEMENT,NSK-OCS-468204 HIS_SETTLEMENT 3358005YT7JQCWYLTG43,500166149,Journal Import 2591614:,//SETTLEMENT,3,,,,,300,0,Posted
02-09-2024,01.12102.000.0000.000.3706008.00000.000,eHIS,HIS_SETTLEMENT,NSK-OCS-468204 HIS_SETTLEMENT 3358005YT7JQCWYLTG43,500166149,Journal Import 2591614:,//SETTLEMENT,4,,,,,500,0,Posted
02-09-2024,01.12102.000.0000.000.3706008.00000.000,eHIS,HIS_SETTLEMENT,NSK-OCS-468205 HIS_SETTLEMENT 3358005YT7JQCWYLTG43,500165893,Journal Import 2591614:,//SETTLEMENT,2,,,,,1200,0,Posted
02-09-2024,01.12102.000.0000.000.3706008.00000.000,eHIS,HIS_SETTLEMENT,NSK-OCS-468206 HIS_SETTLEMENT 3358005YT7JQCWYLTG43,500165997,Journal Import 2591614:,//SETTLEMENT,2,,,,,650,0,Posted
02-09-2024,01.12102.000.0000.000.3706008.00000.000,eHIS,HIS_SETTLEMENT,NSK-OCS-468207 HIS_SETTLEMENT 3358005YT7JQCWYLTG43,500165876,Journal Import 2591614:,//SETTLEMENT,2,,,,,800,0,Posted
02-09-2024,01.12102.000.0000.000.3706008.00000.000,eHIS,HIS_SETTLEMENT,NSK-OCS-468208 HIS_SETTLEMENT 3358005YT7JQCWYLTG43,500166261,Journal Import 2591614:,//SETTLEMENT,2,,,,,800,0,Posted
02-09-2024,01.12102.000.0000.000.3706008.00000.000,eHIS,HIS_SETTLEMENT,NSK-OCS-468209 HIS_SETTLEMENT 3358005YT7JQCWYLTG43,500165918,Journal Import 2591614:,//SETTLEMENT,2,,,,,200,0,Posted
02-09-2024,01.12102.000.0000.000.3706008.00000.000,eHIS,HIS_SETTLEMENT,NSK-OCS-468210 HIS_SETTLEMENT 3358005YT7JQCWYLTG43,500166069,Journal Import 2591614:,//SETTLEMENT,2,,,,,3050,0,Posted
02-09-2024,01.12102.000.0000.000.3706008.00000.000,eHIS,HIS_SETTLEMENT,NSK-OCS-468211 HIS_SETTLEMENT 3358005YT7JQCWYLTG43,500166006,Journal Import 2591614:,//SETTLEMENT,2,,,,,1100,0,Posted
02-09-2024,01.12102.000.0000.000.3706008.00000.000,eHIS,HIS_SETTLEMENT,NSK-OCS-468212 HIS_SETTLEMENT 3358005YT7JQCWYLTG43,500166339,Journal Import 2591614:,//SETTLEMENT,3,,,,,280,0,Posted
02-09-2024,01.12102.000.0000.000.3706008.00000.000,eHIS,HIS_SETTLEMENT,NSK-OCS-468212 HIS_SETTLEMENT 3358005YT7JQCWYLTG43,500166339,Journal Import 2591614:,//SETTLEMENT,4,,,,,3000,0,Posted
02-09-2024,01.12102.000.0000.000.3706008.00000.000,eHIS,HIS_SETTLEMENT,NSK-OCS-468213 HIS_SETTLEMENT 3358005YT7JQCWYLTG43,500166066,Journal Import 2591614:,//SETTLEMENT,2,,,,,2600,0,Posted
02-09-2024,01.12102.000.0000.000.3706008.00000.000,eHIS,HIS_SETTLEMENT,NSK-OCS-468214 HIS_SETTLEMENT 3358005YT7JQCWYLTG43,500165958,Journal Import 2591614:,//SETTLEMENT,2,,,,,1000,0,Posted
03-09-2024,01.12102.000.0000.000.3706008.00000.000,eHIS,HIS_SETTLEMENT,NSK-OCS-468215 HIS_SETTLEMENT 3358005YT7JQCWYLTG43,500166445,Journal Import 2599930:,//SETTLEMENT,2,,,,,350,0,Posted
02-09-2024,01.12102.000.0000.000.3706008.00000.000,eHIS,HIS_SETTLEMENT,NSK-OCS-468216 HIS_SETTLEMENT 3358005YT7JQCWYLTG43,500166098,Journal Import 2591614:,//SETTLEMENT,2,,,,,28088,0,Posted
02-09-2024,01.12102.000.0000.000.3706008.00000.000,eHIS,HIS_SETTLEMENT,NSK-OCS-468217 HIS_SETTLEMENT 3358005YT7JQCWYLTG43,500166137,Journal Import 2591614:,//SETTLEMENT,2,,,,,900,0,Posted
02-09-2024,01.12102.000.0000.000.3706008.00000.000,eHIS,HIS_SETTLEMENT,NSK-OCS-468218 HIS_SETTLEMENT 3358005YT7JQCWYLTG43,500165919,Journal Import 2591614:,//SETTLEMENT,2,,,,,200,0,Posted
02-09-2024,01.12102.000.0000.000.3706008.00000.000,eHIS,HIS_SETTLEMENT,NSK-OCS-468219 HIS_SETTLEMENT 3358005YT7JQCWYLTG43,500166263,Journal Import 2591614:,//SETTLEMENT,2,,,,,1500,0,Posted
02-09-2024,01.12102.000.0000.000.3706008.00000.000,eHIS,HIS_SETTLEMENT,NSK-OCS-468220 HIS_SETTLEMENT 3358005YT7JQCWYLTG43,500165896,Journal Import 2591614:,//SETTLEMENT,2,,,,,5700,0,Posted
02-09-2024,01.12102.000.0000.000.3706008.00000.000,eHIS,HIS_SETTLEMENT,NSK-OCS-468221 HIS_SETTLEMENT 3358005YT7JQCWYLTG43,500166260,Journal Import 2591614:,//SETTLEMENT,2,,,,,250,0,Posted
03-09-2024,01.12102.000.0000.000.3706008.00000.000,eHIS,HIS_SETTLEMENT,NSK-OCS-468222 HIS_SETTLEMENT 3358005YT7JQCWYLTG43,500166442,Journal Import 2599930:,//SETTLEMENT,2,,,,,800,0,Posted
02-09-2024,01.12102.000.0000.000.3706008.00000.000,eHIS,HIS_SETTLEMENT,NSK-OCS-468223 HIS_SETTLEMENT 3358005YT7JQCWYLTG43,500165920,Journal Import 2591614:,//SETTLEMENT,2,,,,,200,0,Posted
02-09-2024,01.12102.000.0000.000.3706008.00000.000,eHIS,HIS_SETTLEMENT,NSK-OCS-468224 HIS_SETTLEMENT 3358005YT7JQCWYLTG43,500165894,Journal Import 2591614:,//SETTLEMENT,2,,,,,1200,0,Posted
02-09-2024,01.12102.000.0000.000.3706008.00000.000,eHIS,HIS_SETTLEMENT,NSK-OCS-468225 HIS_SETTLEMENT 3358005YT7JQCWYLTG43,500166155,Journal Import 2591614:,//SETTLEMENT,2,,,,,12000,0,Posted
02-09-2024,01.12102.000.0000.000.3706008.00000.000,eHIS,HIS_SETTLEMENT,NSK-OCS-468226 HIS_SETTLEMENT 3358005YT7JQCWYLTG43,500165877,Journal Import 2591614:,//SETTLEMENT,2,,,,,1250,0,Posted
02-09-2024,01.12102.000.0000.000.3706008.00000.000,eHIS,HIS_SETTLEMENT,NSK-OCS-468227 HIS_SETTLEMENT 3358005YT7JQCWYLTG43,500166350,Journal Import 2591614:,//SETTLEMENT,2,,,,,100,0,Posted
02-09-2024,01.12102.000.0000.000.3706008.00000.000,eHIS,HIS_SETTLEMENT,NSK-OCS-468228 HIS_SETTLEMENT 3358005YT7JQCWYLTG43,500166132,Journal Import 2591614:,//SETTLEMENT,2,,,,,500,0,Posted
02-09-2024,01.12102.000.0000.000.3706008.00000.000,eHIS,HIS_SETTLEMENT,NSK-OCS-468229 HIS_SETTLEMENT 3358005YT7JQCWYLTG43,500165973,Journal Import 2591614:,//SETTLEMENT,2,,,,,600,0,Posted
02-09-2024,01.12102.000.0000.000.3706008.00000.000,eHIS,HIS_SETTLEMENT,NSK-OCS-468230 HIS_SETTLEMENT 3358005YT7JQCWYLTG43,500166138,Journal Import 2591614:,//SETTLEMENT,2,,,,,900,0,Posted
02-09-2024,01.12102.000.0000.000.3706008.00000.000,eHIS,HIS_SETTLEMENT,NSK-OCS-468231 HIS_SETTLEMENT 3358005YT7JQCWYLTG43,500166351,Journal Import 2591614:,//SETTLEMENT,2,,,,,100,0,Posted
02-09-2024,01.12102.000.0000.000.3706008.00000.000,eHIS,HIS_SETTLEMENT,NSK-OCS-468232 HIS_SETTLEMENT 3358005YT7JQCWYLTG43,500166262,Journal Import 2591614:,//SETTLEMENT,2,,,,,800,0,Posted
02-09-2024,01.12102.000.0000.000.3706008.00000.000,eHIS,HIS_SETTLEMENT,NSK-OCS-468233 HIS_SETTLEMENT 3358005YT7JQCWYLTG43,500166185,Journal Import 2591614:,//SETTLEMENT,2,,,,,1850,0,Posted
02-09-2024,01.12102.000.0000.000.3706008.00000.000,eHIS,HIS_SETTLEMENT,NSK-OCS-468234 HIS_SETTLEMENT 3358005YT7JQCWYLTG43,500166173,Journal Import 2591614:,//SETTLEMENT,2,,,,,320,0,Posted
02-09-2024,01.12102.000.0000.000.3706008.00000.000,eHIS,HIS_SETTLEMENT,NSK-OCS-468235 HIS_SETTLEMENT 3358005YT7JQCWYLTG43,500166352,Journal Import 2591614:,//SETTLEMENT,2,,,,,100,0,Posted
02-09-2024,01.12102.000.0000.000.3706008.00000.000,eHIS,HIS_SETTLEMENT,NSK-OCS-468236 HIS_SETTLEMENT 3358005YT7JQCWYLTG43,500166186,Journal Import 2591614:,//SETTLEMENT,2,,,,,1850,0,Posted
02-09-2024,01.12102.000.0000.000.3706008.00000.000,eHIS,HIS_SETTLEMENT,NSK-OCS-468237 HIS_SETTLEMENT 3358005YT7JQCWYLTG43,500166057,Journal Import 2591614:,//SETTLEMENT,3,,,,,50,0,Posted
02-09-2024,01.12102.000.0000.000.3706008.00000.000,eHIS,HIS_SETTLEMENT,NSK-OCS-468237 HIS_SETTLEMENT 3358005YT7JQCWYLTG43,500166057,Journal Import 2591614:,//SETTLEMENT,4,,,,,1800,0,Posted
03-09-2024,01.12102.000.0000.000.3706008.00000.000,eHIS,HIS_SETTLEMENT,NSK-OCS-468238 HIS_SETTLEMENT 3358005YT7JQCWYLTG43,500166632,Journal Import 2591614:,//SETTLEMENT,2,,,,,2880,0,Posted
03-09-2024,01.12102.000.0000.000.3706008.00000.000,eHIS,HIS_SETTLEMENT,NSK-OCS-468239 HIS_SETTLEMENT 3358005YT7JQCWYLTG43,500166973,Journal Import 2591614:,//SETTLEMENT,2,,,,,100,0,Posted
03-09-2024,01.12102.000.0000.000.3706008.00000.000,eHIS,HIS_SETTLEMENT,NSK-OCS-468240 HIS_SETTLEMENT 3358005YT7JQCWYLTG43,500166974,Journal Import 2591614:,//SETTLEMENT,2,,,,,100,0,Posted
03-09-2024,01.12102.000.0000.000.3706008.00000.000,eHIS,HIS_SETTLEMENT,NSK-OCS-468241 HIS_SETTLEMENT 3358005YT7JQCWYLTG43,500166747,Journal Import 2591614:,//SETTLEMENT,2,,,,,1850,0,Posted
03-09-2024,01.12102.000.0000.000.3706008.00000.000,eHIS,HIS_SETTLEMENT,NSK-OCS-468242 HIS_SETTLEMENT 3358005YT7JQCWYLTG43,500166530,Journal Import 2591614:,//SETTLEMENT,2,,,,,3500,0,Posted
03-09-2024,01.12102.000.0000.000.3706008.00000.000,eHIS,HIS_SETTLEMENT,NSK-OCS-468243 HIS_SETTLEMENT 3358005YT7JQCWYLTG43,500166531,Journal Import 2591614:,//SETTLEMENT,2,,,,,3500,0,Posted
03-09-2024,01.12102.000.0000.000.3706008.00000.000,eHIS,HIS_SETTLEMENT,NSK-OCS-468244 HIS_SETTLEMENT 3358005YT7JQCWYLTG43,500166521,Journal Import 2591614:,//SETTLEMENT,2,,,,,507,0,Posted
03-09-2024,01.12102.000.0000.000.3706008.00000.000,eHIS,HIS_SETTLEMENT,NSK-OCS-468245 HIS_SETTLEMENT 3358005YT7JQCWYLTG43,500166975,Journal Import 2591614:,//SETTLEMENT,2,,,,,100,0,Posted
03-09-2024,01.12102.000.0000.000.3706008.00000.000,eHIS,HIS_SETTLEMENT,NSK-OCS-468246 HIS_SETTLEMENT 3358005YT7JQCWYLTG43,500166528,Journal Import 2591614:,//SETTLEMENT,2,,,,,3200,0,Posted
03-09-2024,01.12102.000.0000.000.3706008.00000.000,eHIS,HIS_SETTLEMENT,NSK-OCS-468247 HIS_SETTLEMENT 3358005YT7JQCWYLTG43,500166615,Journal Import 2591614:,//SETTLEMENT,2,,,,,2300,0,Posted
03-09-2024,01.12102.000.0000.000.3706008.00000.000,eHIS,HIS_SETTLEMENT,NSK-OCS-468248 HIS_SETTLEMENT 3358005YT7JQCWYLTG43,500166976,Journal Import 2591614:,//SETTLEMENT,2,,,,,100,0,Posted
03-09-2024,01.12102.000.0000.000.3706008.00000.000,eHIS,HIS_SETTLEMENT,NSK-OCS-468249 HIS_SETTLEMENT 3358005YT7JQCWYLTG43,500166532,Journal Import 2591614:,//SETTLEMENT,2,,,,,3500,0,Posted
03-09-2024,01.12102.000.0000.000.3706008.00000.000,eHIS,HIS_SETTLEMENT,NSK-OCS-468250 HIS_SETTLEMENT 3358005YT7JQCWYLTG43,500166401,Journal Import 2591614:,//SETTLEMENT,2,,,,,5888,0,Posted
03-09-2024,01.12102.000.0000.000.3706008.00000.000,eHIS,HIS_SETTLEMENT,NSK-OCS-468251 HIS_SETTLEMENT 3358005YT7JQCWYLTG43,500166402,Journal Import 2591614:,//SETTLEMENT,2,,,,,5888,0,Posted
04-09-2024,01.12102.000.0000.000.3706008.00000.000,eHIS,HIS_SETTLEMENT,NSK-OCS-468252 HIS_SETTLEMENT 3358005YT7JQCWYLTG43,500167086,Journal Import 2599930:,//SETTLEMENT,2,,,,,258,0,Posted
03-09-2024,01.12102.000.0000.000.3706008.00000.000,eHIS,HIS_SETTLEMENT,NSK-OCS-468253 HIS_SETTLEMENT 3358005YT7JQCWYLTG43,500166977,Journal Import 2591614:,//SETTLEMENT,2,,,,,100,0,Posted
04-09-2024,01.12102.000.0000.000.3706008.00000.000,eHIS,HIS_SETTLEMENT,NSK-OCS-468254 HIS_SETTLEMENT 3358005YT7JQCWYLTG43,500167069,Journal Import 2599930:,//SETTLEMENT,2,,,,,1690,0,Posted
04-09-2024,01.12102.000.0000.000.3706008.00000.000,eHIS,HIS_SETTLEMENT,NSK-OCS-468255 HIS_SETTLEMENT 3358005YT7JQCWYLTG43,500167070,Journal Import 2599930:,//SETTLEMENT,2,,,,,3500,0,Posted
03-09-2024,01.12102.000.0000.000.3706008.00000.000,eHIS,HIS_SETTLEMENT,NSK-OCS-468256 HIS_SETTLEMENT 3358005YT7JQCWYLTG43,500166592,Journal Import 2591614:,//SETTLEMENT,2,,,,,2100,0,Posted
04-09-2024,01.12102.000.0000.000.3706008.00000.000,eHIS,HIS_SETTLEMENT,NSK-OCS-468257 HIS_SETTLEMENT 3358005YT7JQCWYLTG43,500167071,Journal Import 2599930:,//SETTLEMENT,2,,,,,3500,0,Posted
03-09-2024,01.12102.000.0000.000.3706008.00000.000,eHIS,HIS_SETTLEMENT,NSK-OCS-468258 HIS_SETTLEMENT 3358005YT7JQCWYLTG43,500166812,Journal Import 2591614:,//SETTLEMENT,2,,,,,800,0,Posted
03-09-2024,01.12102.000.0000.000.3706008.00000.000,eHIS,HIS_SETTLEMENT,NSK-OCS-468259 HIS_SETTLEMENT 3358005YT7JQCWYLTG43,500166767,Journal Import 2591614:,//SETTLEMENT,2,,,,,400,0,Posted
03-09-2024,01.12102.000.0000.000.3706008.00000.000,eHIS,HIS_SETTLEMENT,NSK-OCS-468260 HIS_SETTLEMENT 3358005YT7JQCWYLTG43,500166578,Journal Import 2591614:,//SETTLEMENT,2,,,,,700,0,Posted
04-09-2024,01.12102.000.0000.000.3706008.00000.000,eHIS,HIS_SETTLEMENT,NSK-OCS-468261 HIS_SETTLEMENT 3358005YT7JQCWYLTG43,500167068,Journal Import 2599930:,//SETTLEMENT,2,,,,,1375,0,Posted
03-09-2024,01.12102.000.0000.000.3706008.00000.000,eHIS,HIS_SETTLEMENT,NSK-OCS-468262 HIS_SETTLEMENT 3358005YT7JQCWYLTG43,500166813,Journal Import 2591614:,//SETTLEMENT,2,,,,,800,0,Posted
03-09-2024,01.12102.000.0000.000.3706008.00000.000,eHIS,HIS_SETTLEMENT,NSK-OCS-468263 HIS_SETTLEMENT 3358005YT7JQCWYLTG43,500166634,Journal Import 2591614:,//SETTLEMENT,2,,,,,3080,0,Posted
04-09-2024,01.12102.000.0000.000.3706008.00000.000,eHIS,HIS_SETTLEMENT,NSK-OCS-468264 HIS_SETTLEMENT 3358005YT7JQCWYLTG43,500167067,Journal Import 2599930:,//SETTLEMENT,2,,,,,800,0,Posted
03-09-2024,01.12102.000.0000.000.3706008.00000.000,eHIS,HIS_SETTLEMENT,NSK-OCS-468265 HIS_SETTLEMENT 3358005YT7JQCWYLTG43,500166695,Journal Import 2591614:,//SETTLEMENT,2,,,,,500,0,Posted
03-09-2024,01.12102.000.0000.000.3706008.00000.000,eHIS,HIS_SETTLEMENT,NSK-OCS-468266 HIS_SETTLEMENT 3358005YT7JQCWYLTG43,500166978,Journal Import 2591614:,//SETTLEMENT,2,,,,,100,0,Posted
03-09-2024,01.12102.000.0000.000.3706008.00000.000,eHIS,HIS_SETTLEMENT,NSK-OCS-468267 HIS_SETTLEMENT 3358005YT7JQCWYLTG43,500166499,Journal Import 2591614:,//SETTLEMENT,3,,,,,200,0,Posted
03-09-2024,01.12102.000.0000.000.3706008.00000.000,eHIS,HIS_SETTLEMENT,NSK-OCS-468267 HIS_SETTLEMENT 3358005YT7JQCWYLTG43,500166499,Journal Import 2591614:,//SETTLEMENT,4,,,,,1650,0,Posted
03-09-2024,01.12102.000.0000.000.3706008.00000.000,eHIS,HIS_SETTLEMENT,NSK-OCS-468268 HIS_SETTLEMENT 3358005YT7JQCWYLTG43,500166727,Journal Import 2591614:,//SETTLEMENT,2,,,,,1700,0,Posted
03-09-2024,01.12102.000.0000.000.3706008.00000.000,eHIS,HIS_SETTLEMENT,NSK-OCS-468269 HIS_SETTLEMENT 3358005YT7JQCWYLTG43,500166726,Journal Import 2591614:,//SETTLEMENT,2,,,,,1600,0,Posted
03-09-2024,01.12102.000.0000.000.3706008.00000.000,eHIS,HIS_SETTLEMENT,NSK-OCS-468270 HIS_SETTLEMENT 3358005YT7JQCWYLTG43,500166814,Journal Import 2591614:,//SETTLEMENT,2,,,,,800,0,Posted
03-09-2024,01.12102.000.0000.000.3706008.00000.000,eHIS,HIS_SETTLEMENT,NSK-OCS-468271 HIS_SETTLEMENT 3358005YT7JQCWYLTG43,500166472,Journal Import 2591614:,//SETTLEMENT,2,,,,,1200,0,Posted
03-09-2024,01.12102.000.0000.000.3706008.00000.000,eHIS,HIS_SETTLEMENT,NSK-OCS-468272 HIS_SETTLEMENT 3358005YT7JQCWYLTG43,500166748,Journal Import 2591614:,//SETTLEMENT,2,,,,,1850,0,Posted
03-09-2024,01.12102.000.0000.000.3706008.00000.000,eHIS,HIS_SETTLEMENT,NSK-OCS-468274 HIS_SETTLEMENT 3358005YT7JQCWYLTG43,500166804,Journal Import 2591614:,//SETTLEMENT,3,,,,,250,0,Posted
03-09-2024,01.12102.000.0000.000.3706008.00000.000,eHIS,HIS_SETTLEMENT,NSK-OCS-468274 HIS_SETTLEMENT 3358005YT7JQCWYLTG43,500166804,Journal Import 2591614:,//SETTLEMENT,4,,,,,500,0,Posted
03-09-2024,01.12102.000.0000.000.3706008.00000.000,eHIS,HIS_SETTLEMENT,NSK-OCS-468275 HIS_SETTLEMENT 3358005YT7JQCWYLTG43,500166815,Journal Import 2591614:,//SETTLEMENT,2,,,,,800,0,Posted
03-09-2024,01.12102.000.0000.000.3706008.00000.000,eHIS,HIS_SETTLEMENT,NSK-OCS-468276 HIS_SETTLEMENT 3358005YT7JQCWYLTG43,500166584,Journal Import 2591614:,//SETTLEMENT,2,,,,,900,0,Posted
03-09-2024,01.12102.000.0000.000.3706008.00000.000,eHIS,HIS_SETTLEMENT,NSK-OCS-468277 HIS_SETTLEMENT 3358005YT7JQCWYLTG43,500166527,Journal Import 2591614:,//SETTLEMENT,2,,,,,3100,0,Posted
03-09-2024,01.12102.000.0000.000.3706008.00000.000,eHIS,HIS_SETTLEMENT,NSK-OCS-468278 HIS_SETTLEMENT 3358005YT7JQCWYLTG43,500166533,Journal Import 2591614:,//SETTLEMENT,2,,,,,3500,0,Posted
03-09-2024,01.12102.000.0000.000.3706008.00000.000,eHIS,HIS_SETTLEMENT,NSK-OCS-468279 HIS_SETTLEMENT 3358005YT7JQCWYLTG43,500166475,Journal Import 2591614:,//SETTLEMENT,2,,,,,5000,0,Posted
03-09-2024,01.12102.000.0000.000.3706008.00000.000,eHIS,HIS_SETTLEMENT,NSK-OCS-468280 HIS_SETTLEMENT 3358005YT7JQCWYLTG43,500166522,Journal Import 2591614:,//SETTLEMENT,2,,,,,1000,0,Posted
03-09-2024,01.12102.000.0000.000.3706008.00000.000,eHIS,HIS_SETTLEMENT,NSK-OCS-468281 HIS_SETTLEMENT 3358005YT7JQCWYLTG43,500166591,Journal Import 2591614:,//SETTLEMENT,2,,,,,2050,0,Posted
03-09-2024,01.12102.000.0000.000.3706008.00000.000,eHIS,HIS_SETTLEMENT,NSK-OCS-468282 HIS_SETTLEMENT 3358005YT7JQCWYLTG43,500166770,Journal Import 2591614:,//SETTLEMENT,2,,,,,1850,0,Posted
03-09-2024,01.12102.000.0000.000.3706008.00000.000,eHIS,HIS_SETTLEMENT,NSK-OCS-468283 HIS_SETTLEMENT 3358005YT7JQCWYLTG43,500166746,Journal Import 2591614:,//SETTLEMENT,2,,,,,1800,0,Posted
03-09-2024,01.12102.000.0000.000.3706008.00000.000,eHIS,HIS_SETTLEMENT,NSK-OCS-468284 HIS_SETTLEMENT 3358005YT7JQCWYLTG43,500166816,Journal Import 2591614:,//SETTLEMENT,2,,,,,800,0,Posted
03-09-2024,01.12102.000.0000.000.3706008.00000.000,eHIS,HIS_SETTLEMENT,NSK-OCS-468285 HIS_SETTLEMENT 3358005YT7JQCWYLTG43,500166817,Journal Import 2591614:,//SETTLEMENT,2,,,,,800,0,Posted
03-09-2024,01.12102.000.0000.000.3706008.00000.000,eHIS,HIS_SETTLEMENT,NSK-OCS-468286 HIS_SETTLEMENT 3358005YT7JQCWYLTG43,500166818,Journal Import 2591614:,//SETTLEMENT,2,,,,,800,0,Posted
03-09-2024,01.12102.000.0000.000.3706008.00000.000,eHIS,HIS_SETTLEMENT,NSK-OCS-468287 HIS_SETTLEMENT 3358005YT7JQCWYLTG43,500166768,Journal Import 2591614:,//SETTLEMENT,2,,,,,400,0,Posted
04-09-2024,01.12102.000.0000.000.3706008.00000.000,eHIS,HIS_SETTLEMENT,NSK-OCS-468288 HIS_SETTLEMENT 3358005YT7JQCWYLTG43,500167065,Journal Import 2599930:,//SETTLEMENT,2,,,,,450,0,Posted
03-09-2024,01.12102.000.0000.000.3706008.00000.000,eHIS,HIS_SETTLEMENT,NSK-OCS-468289 HIS_SETTLEMENT 3358005YT7JQCWYLTG43,500166716,Journal Import 2591614:,//SETTLEMENT,3,,,,,300,0,Posted
03-09-2024,01.12102.000.0000.000.3706008.00000.000,eHIS,HIS_SETTLEMENT,NSK-OCS-468289 HIS_SETTLEMENT 3358005YT7JQCWYLTG43,500166716,Journal Import 2591614:,//SETTLEMENT,4,,,,,500,0,Posted
03-09-2024,01.12102.000.0000.000.3706008.00000.000,eHIS,HIS_SETTLEMENT,NSK-OCS-468290 HIS_SETTLEMENT 3358005YT7JQCWYLTG43,500166455,Journal Import 2591614:,//SETTLEMENT,2,,,,,4900,0,Posted
03-09-2024,01.12102.000.0000.000.3706008.00000.000,eHIS,HIS_SETTLEMENT,NSK-OCS-468291 HIS_SETTLEMENT 3358005YT7JQCWYLTG43,500166585,Journal Import 2591614:,//SETTLEMENT,2,,,,,900,0,Posted
03-09-2024,01.12102.000.0000.000.3706008.00000.000,eHIS,HIS_SETTLEMENT,NSK-OCS-468292 HIS_SETTLEMENT 3358005YT7JQCWYLTG43,500166819,Journal Import 2591614:,//SETTLEMENT,2,,,,,800,0,Posted
03-09-2024,01.12102.000.0000.000.3706008.00000.000,eHIS,HIS_SETTLEMENT,NSK-OCS-468293 HIS_SETTLEMENT 3358005YT7JQCWYLTG43,500166820,Journal Import 2591614:,//SETTLEMENT,2,,,,,800,0,Posted
03-09-2024,01.12102.000.0000.000.3706008.00000.000,eHIS,HIS_SETTLEMENT,NSK-OCS-468294 HIS_SETTLEMENT 3358005YT7JQCWYLTG43,500166523,Journal Import 2591614:,//SETTLEMENT,2,,,,,1000,0,Posted
03-09-2024,01.12102.000.0000.000.3706008.00000.000,eHIS,HIS_SETTLEMENT,NSK-OCS-468295 HIS_SETTLEMENT 3358005YT7JQCWYLTG43,500166805,Journal Import 2591614:,//SETTLEMENT,2,,,,,250,0,Posted
03-09-2024,01.12102.000.0000.000.3706008.00000.000,eHIS,HIS_SETTLEMENT,NSK-OCS-468296 HIS_SETTLEMENT 3358005YT7JQCWYLTG43,500166821,Journal Import 2591614:,//SETTLEMENT,2,,,,,800,0,Posted
03-09-2024,01.12102.000.0000.000.3706008.00000.000,eHIS,HIS_SETTLEMENT,NSK-OCS-468297 HIS_SETTLEMENT 3358005YT7JQCWYLTG43,500166573,Journal Import 2591614:,//SETTLEMENT,2,,,,,650,0,Posted
03-09-2024,01.12102.000.0000.000.3706008.00000.000,eHIS,HIS_SETTLEMENT,NSK-OCS-468298 HIS_SETTLEMENT 3358005YT7JQCWYLTG43,500166579,Journal Import 2591614:,//SETTLEMENT,2,,,,,1100,0,Posted
03-09-2024,01.12102.000.0000.000.3706008.00000.000,eHIS,HIS_SETTLEMENT,NSK-OCS-468299 HIS_SETTLEMENT 3358005YT7JQCWYLTG43,500166580,Journal Import 2591614:,//SETTLEMENT,2,,,,,1100,0,Posted
03-09-2024,01.12102.000.0000.000.3706008.00000.000,eHIS,HIS_SETTLEMENT,NSK-OCS-468300 HIS_SETTLEMENT 3358005YT7JQCWYLTG43,500166717,Journal Import 2591614:,//SETTLEMENT,2,,,,,300,0,Posted
03-09-2024,01.12102.000.0000.000.3706008.00000.000,eHIS,HIS_SETTLEMENT,NSK-OCS-468301 HIS_SETTLEMENT 3358005YT7JQCWYLTG43,500166806,Journal Import 2591614:,//SETTLEMENT,2,,,,,250,0,Posted
03-09-2024,01.12102.000.0000.000.3706008.00000.000,eHIS,HIS_SETTLEMENT,NSK-OCS-468302 HIS_SETTLEMENT 3358005YT7JQCWYLTG43,500166829,Journal Import 2591614:,//SETTLEMENT,2,,,,,1350,0,Posted
03-09-2024,01.12102.000.0000.000.3706008.00000.000,eHIS,HIS_SETTLEMENT,NSK-OCS-468303 HIS_SETTLEMENT 3358005YT7JQCWYLTG43,500166507,Journal Import 2591614:,//SETTLEMENT,2,,,,,736,0,Posted
04-09-2024,01.12102.000.0000.000.3706008.00000.000,eHIS,HIS_SETTLEMENT,NSK-OCS-468304 HIS_SETTLEMENT 3358005YT7JQCWYLTG43,500167088,Journal Import 2599930:,//SETTLEMENT,2,,,,,350,0,Posted
03-09-2024,01.12102.000.0000.000.3706008.00000.000,eHIS,HIS_SETTLEMENT,NSK-OCS-468305 HIS_SETTLEMENT 3358005YT7JQCWYLTG43,500166500,Journal Import 2591614:,//SETTLEMENT,2,,,,,200,0,Posted
03-09-2024,01.12102.000.0000.000.3706008.00000.000,eHIS,HIS_SETTLEMENT,NSK-OCS-468306 HIS_SETTLEMENT 3358005YT7JQCWYLTG43,500166471,Journal Import 2591614:,//SETTLEMENT,2,,,,,700,0,Posted
03-09-2024,01.12102.000.0000.000.3706008.00000.000,eHIS,HIS_SETTLEMENT,NSK-OCS-468307 HIS_SETTLEMENT 3358005YT7JQCWYLTG43,500166554,Journal Import 2591614:,//SETTLEMENT,2,,,,,600,0,Posted
03-09-2024,01.12102.000.0000.000.3706008.00000.000,eHIS,HIS_SETTLEMENT,NSK-OCS-468308 HIS_SETTLEMENT 3358005YT7JQCWYLTG43,500166524,Journal Import 2591614:,//SETTLEMENT,2,,,,,1000,0,Posted
03-09-2024,01.12102.000.0000.000.3706008.00000.000,eHIS,HIS_SETTLEMENT,NSK-OCS-468309 HIS_SETTLEMENT 3358005YT7JQCWYLTG43,500166718,Journal Import 2591614:,//SETTLEMENT,2,,,,,300,0,Posted
03-09-2024,01.12102.000.0000.000.3706008.00000.000,eHIS,HIS_SETTLEMENT,NSK-OCS-468310 HIS_SETTLEMENT 3358005YT7JQCWYLTG43,500166725,Journal Import 2591614:,//SETTLEMENT,2,,,,,1550,0,Posted
03-09-2024,01.12102.000.0000.000.3706008.00000.000,eHIS,HIS_SETTLEMENT,NSK-OCS-468311 HIS_SETTLEMENT 3358005YT7JQCWYLTG43,500166822,Journal Import 2591614:,//SETTLEMENT,2,,,,,800,0,Posted
03-09-2024,01.12102.000.0000.000.3706008.00000.000,eHIS,HIS_SETTLEMENT,NSK-OCS-468312 HIS_SETTLEMENT 3358005YT7JQCWYLTG43,500166555,Journal Import 2591614:,//SETTLEMENT,2,,,,,600,0,Posted
03-09-2024,01.12102.000.0000.000.3706008.00000.000,eHIS,HIS_SETTLEMENT,NSK-OCS-468313 HIS_SETTLEMENT 3358005YT7JQCWYLTG43,500166823,Journal Import 2591614:,//SETTLEMENT,2,,,,,800,0,Posted
03-09-2024,01.12102.000.0000.000.3706008.00000.000,eHIS,HIS_SETTLEMENT,NSK-OCS-468314 HIS_SETTLEMENT 3358005YT7JQCWYLTG43,500166473,Journal Import 2591614:,//SETTLEMENT,2,,,,,1200,0,Posted
03-09-2024,01.12102.000.0000.000.3706008.00000.000,eHIS,HIS_SETTLEMENT,NSK-OCS-468315 HIS_SETTLEMENT 3358005YT7JQCWYLTG43,500166744,Journal Import 2591614:,//SETTLEMENT,2,,,,,350,0,Posted
03-09-2024,01.12102.000.0000.000.3706008.00000.000,eHIS,HIS_SETTLEMENT,NSK-OCS-468316 HIS_SETTLEMENT 3358005YT7JQCWYLTG43,500166513,Journal Import 2591614:,//SETTLEMENT,2,,,,,1200,0,Posted
03-09-2024,01.12102.000.0000.000.3706008.00000.000,eHIS,HIS_SETTLEMENT,NSK-OCS-468317 HIS_SETTLEMENT 3358005YT7JQCWYLTG43,500166696,Journal Import 2591614:,//SETTLEMENT,2,,,,,500,0,Posted
03-09-2024,01.12102.000.0000.000.3706008.00000.000,eHIS,HIS_SETTLEMENT,NSK-OCS-468318 HIS_SETTLEMENT 3358005YT7JQCWYLTG43,500166454,Journal Import 2591614:,//SETTLEMENT,2,,,,,4150,0,Posted
03-09-2024,01.12102.000.0000.000.3706008.00000.000,eHIS,HIS_SETTLEMENT,NSK-OCS-468319 HIS_SETTLEMENT 3358005YT7JQCWYLTG43,500166675,Journal Import 2591614:,//SETTLEMENT,2,,,,,450,0,Posted
03-09-2024,01.12102.000.0000.000.3706008.00000.000,eHIS,HIS_SETTLEMENT,NSK-OCS-468320 HIS_SETTLEMENT 3358005YT7JQCWYLTG43,500166831,Journal Import 2591614:,//SETTLEMENT,2,,,,,1480,0,Posted
03-09-2024,01.12102.000.0000.000.3706008.00000.000,eHIS,HIS_SETTLEMENT,NSK-OCS-468321 HIS_SETTLEMENT 3358005YT7JQCWYLTG43,500166824,Journal Import 2591614:,//SETTLEMENT,2,,,,,800,0,Posted
03-09-2024,01.12102.000.0000.000.3706008.00000.000,eHIS,HIS_SETTLEMENT,NSK-OCS-468322 HIS_SETTLEMENT 3358005YT7JQCWYLTG43,500166979,Journal Import 2591614:,//SETTLEMENT,2,,,,,100,0,Posted
03-09-2024,01.12102.000.0000.000.3706008.00000.000,eHIS,HIS_SETTLEMENT,NSK-OCS-468323 HIS_SETTLEMENT 3358005YT7JQCWYLTG43,500166556,Journal Import 2591614:,//SETTLEMENT,2,,,,,600,0,Posted
03-09-2024,01.12102.000.0000.000.3706008.00000.000,eHIS,HIS_SETTLEMENT,NSK-OCS-468324 HIS_SETTLEMENT 3358005YT7JQCWYLTG43,500166825,Journal Import 2591614:,//SETTLEMENT,2,,,,,800,0,Posted
03-09-2024,01.12102.000.0000.000.3706008.00000.000,eHIS,HIS_SETTLEMENT,NSK-OCS-468325 HIS_SETTLEMENT 3358005YT7JQCWYLTG43,500166826,Journal Import 2591614:,//SETTLEMENT,2,,,,,800,0,Posted
03-09-2024,01.12102.000.0000.000.3706008.00000.000,eHIS,HIS_SETTLEMENT,NSK-OCS-468326 HIS_SETTLEMENT 3358005YT7JQCWYLTG43,500166501,Journal Import 2591614:,//SETTLEMENT,2,,,,,200,0,Posted
03-09-2024,01.12102.000.0000.000.3706008.00000.000,eHIS,HIS_SETTLEMENT,NSK-OCS-468327 HIS_SETTLEMENT 3358005YT7JQCWYLTG43,500166697,Journal Import 2591614:,//SETTLEMENT,2,,,,,500,0,Posted
03-09-2024,01.12102.000.0000.000.3706008.00000.000,eHIS,HIS_SETTLEMENT,NSK-OCS-468328 HIS_SETTLEMENT 3358005YT7JQCWYLTG43,500166698,Journal Import 2591614:,//SETTLEMENT,2,,,,,500,0,Posted
03-09-2024,01.12102.000.0000.000.3706008.00000.000,eHIS,HIS_SETTLEMENT,NSK-OCS-468329 HIS_SETTLEMENT 3358005YT7JQCWYLTG43,500166502,Journal Import 2591614:,//SETTLEMENT,2,,,,,200,0,Posted
03-09-2024,01.12102.000.0000.000.3706008.00000.000,eHIS,HIS_SETTLEMENT,NSK-OCS-468330 HIS_SETTLEMENT 3358005YT7JQCWYLTG43,500166525,Journal Import 2591614:,//SETTLEMENT,2,,,,,1000,0,Posted
03-09-2024,01.12102.000.0000.000.3706008.00000.000,eHIS,HIS_SETTLEMENT,NSK-OCS-468331 HIS_SETTLEMENT 3358005YT7JQCWYLTG43,500166514,Journal Import 2591614:,//SETTLEMENT,2,,,,,1200,0,Posted
03-09-2024,01.12102.000.0000.000.3706008.00000.000,eHIS,HIS_SETTLEMENT,NSK-OCS-468332 HIS_SETTLEMENT 3358005YT7JQCWYLTG43,500166586,Journal Import 2591614:,//SETTLEMENT,2,,,,,900,0,Posted
03-09-2024,01.12102.000.0000.000.3706008.00000.000,eHIS,HIS_SETTLEMENT,NSK-OCS-468333 HIS_SETTLEMENT 3358005YT7JQCWYLTG43,500166827,Journal Import 2591614:,//SETTLEMENT,2,,,,,800,0,Posted
03-09-2024,01.12102.000.0000.000.3706008.00000.000,eHIS,HIS_SETTLEMENT,NSK-OCS-468334 HIS_SETTLEMENT 3358005YT7JQCWYLTG43,500166515,Journal Import 2591614:,//SETTLEMENT,2,,,,,1200,0,Posted
03-09-2024,01.12102.000.0000.000.3706008.00000.000,eHIS,HIS_SETTLEMENT,NSK-OCS-468335 HIS_SETTLEMENT 3358005YT7JQCWYLTG43,500166435,Journal Import 2591614:,//SETTLEMENT,2,,,,,1300,0,Posted
03-09-2024,01.12102.000.0000.000.3706008.00000.000,eHIS,HIS_SETTLEMENT,NSK-OCS-468336 HIS_SETTLEMENT 3358005YT7JQCWYLTG43,500166469,Journal Import 2591614:,//SETTLEMENT,2,,,,,199,0,Posted
03-09-2024,01.12102.000.0000.000.3706008.00000.000,eHIS,HIS_SETTLEMENT,NSK-OCS-468337 HIS_SETTLEMENT 3358005YT7JQCWYLTG43,500166470,Journal Import 2591614:,//SETTLEMENT,2,,,,,199,0,Posted
03-09-2024,01.12102.000.0000.000.3706008.00000.000,eHIS,HIS_SETTLEMENT,NSK-OCS-468338 HIS_SETTLEMENT 3358005YT7JQCWYLTG43,500166749,Journal Import 2591614:,//SETTLEMENT,2,,,,,12250,0,Posted
03-09-2024,01.12102.000.0000.000.3706008.00000.000,eHIS,HIS_SETTLEMENT,NSK-OCS-468339 HIS_SETTLEMENT 3358005YT7JQCWYLTG43,500166699,Journal Import 2591614:,//SETTLEMENT,2,,,,,500,0,Posted
03-09-2024,01.12102.000.0000.000.3706008.00000.000,eHIS,HIS_SETTLEMENT,NSK-OCS-468340 HIS_SETTLEMENT 3358005YT7JQCWYLTG43,500166700,Journal Import 2591614:,//SETTLEMENT,2,,,,,500,0,Posted
03-09-2024,01.12102.000.0000.000.3706008.00000.000,eHIS,HIS_SETTLEMENT,NSK-OCS-468341 HIS_SETTLEMENT 3358005YT7JQCWYLTG43,500166828,Journal Import 2591614:,//SETTLEMENT,2,,,,,800,0,Posted
03-09-2024,01.12102.000.0000.000.3706008.00000.000,eHIS,HIS_SETTLEMENT,NSK-OCS-468342 HIS_SETTLEMENT 3358005YT7JQCWYLTG43,500166701,Journal Import 2591614:,//SETTLEMENT,2,,,,,500,0,Posted
03-09-2024,01.12102.000.0000.000.3706008.00000.000,eHIS,HIS_SETTLEMENT,NSK-OCS-468343 HIS_SETTLEMENT 3358005YT7JQCWYLTG43,500166719,Journal Import 2591614:,//SETTLEMENT,2,,,,,800,0,Posted
03-09-2024,01.12102.000.0000.000.3706008.00000.000,eHIS,HIS_SETTLEMENT,NSK-OCS-468344 HIS_SETTLEMENT 3358005YT7JQCWYLTG43,500166980,Journal Import 2591614:,//SETTLEMENT,2,,,,,100,0,Posted
03-09-2024,01.12102.000.0000.000.3706008.00000.000,eHIS,HIS_SETTLEMENT,NSK-OCS-468345 HIS_SETTLEMENT 3358005YT7JQCWYLTG43,500166508,Journal Import 2591614:,//SETTLEMENT,2,,,,,750,0,Posted
03-09-2024,01.12102.000.0000.000.3706008.00000.000,eHIS,HIS_SETTLEMENT,NSK-OCS-468346 HIS_SETTLEMENT 3358005YT7JQCWYLTG43,500166587,Journal Import 2591614:,//SETTLEMENT,2,,,,,900,0,Posted
03-09-2024,01.12102.000.0000.000.3706008.00000.000,eHIS,HIS_SETTLEMENT,NSK-OCS-468347 HIS_SETTLEMENT 3358005YT7JQCWYLTG43,500166582,Journal Import 2591614:,//SETTLEMENT,2,,,,,825,0,Posted
03-09-2024,01.12102.000.0000.000.3706008.00000.000,eHIS,HIS_SETTLEMENT,NSK-OCS-468348 HIS_SETTLEMENT 3358005YT7JQCWYLTG43,500166516,Journal Import 2591614:,//SETTLEMENT,2,,,,,1200,0,Posted
03-09-2024,01.12102.000.0000.000.3706008.00000.000,eHIS,HIS_SETTLEMENT,NSK-OCS-468349 HIS_SETTLEMENT 3358005YT7JQCWYLTG43,500166588,Journal Import 2591614:,//SETTLEMENT,2,,,,,900,0,Posted
03-09-2024,01.12102.000.0000.000.3706008.00000.000,eHIS,HIS_SETTLEMENT,NSK-OCS-468350 HIS_SETTLEMENT 3358005YT7JQCWYLTG43,500166807,Journal Import 2591614:,//SETTLEMENT,2,,,,,250,0,Posted
03-09-2024,01.12102.000.0000.000.3706008.00000.000,eHIS,HIS_SETTLEMENT,NSK-OCS-468351 HIS_SETTLEMENT 3358005YT7JQCWYLTG43,500166808,Journal Import 2591614:,//SETTLEMENT,2,,,,,250,0,Posted
03-09-2024,01.12102.000.0000.000.3706008.00000.000,eHIS,HIS_SETTLEMENT,NSK-OCS-468352 HIS_SETTLEMENT 3358005YT7JQCWYLTG43,500166809,Journal Import 2591614:,//SETTLEMENT,2,,,,,250,0,Posted
03-09-2024,01.12102.000.0000.000.3706008.00000.000,eHIS,HIS_SETTLEMENT,NSK-OCS-468353 HIS_SETTLEMENT 3358005YT7JQCWYLTG43,500166981,Journal Import 2591614:,//SETTLEMENT,2,,,,,100,0,Posted
03-09-2024,01.12102.000.0000.000.3706008.00000.000,eHIS,HIS_SETTLEMENT,NSK-OCS-468354 HIS_SETTLEMENT 3358005YT7JQCWYLTG43,500166810,Journal Import 2591614:,//SETTLEMENT,2,,,,,250,0,Posted
03-09-2024,01.12102.000.0000.000.3706008.00000.000,eHIS,HIS_SETTLEMENT,NSK-OCS-468355 HIS_SETTLEMENT 3358005YT7JQCWYLTG43,500166720,Journal Import 2591614:,//SETTLEMENT,2,,,,,800,0,Posted
04-09-2024,01.12102.000.0000.000.3706008.00000.000,eHIS,HIS_SETTLEMENT,NSK-OCS-468356 HIS_SETTLEMENT 3358005YT7JQCWYLTG43,500167066,Journal Import 2599930:,//SETTLEMENT,2,,,,,710,0,Posted
03-09-2024,01.12102.000.0000.000.3706008.00000.000,eHIS,HIS_SETTLEMENT,NSK-OCS-468357 HIS_SETTLEMENT 3358005YT7JQCWYLTG43,500166721,Journal Import 2591614:,//SETTLEMENT,2,,,,,800,0,Posted
03-09-2024,01.12102.000.0000.000.3706008.00000.000,eHIS,HIS_SETTLEMENT,NSK-OCS-468358 HIS_SETTLEMENT 3358005YT7JQCWYLTG43,500166702,Journal Import 2591614:,//SETTLEMENT,2,,,,,500,0,Posted
03-09-2024,01.12102.000.0000.000.3706008.00000.000,eHIS,HIS_SETTLEMENT,NSK-OCS-468359 HIS_SETTLEMENT 3358005YT7JQCWYLTG43,500166399,Journal Import 2591614:,//SETTLEMENT,2,,,,,1200,0,Posted
03-09-2024,01.12102.000.0000.000.3706008.00000.000,eHIS,HIS_SETTLEMENT,NSK-OCS-468360 HIS_SETTLEMENT 3358005YT7JQCWYLTG43,500166722,Journal Import 2591614:,//SETTLEMENT,2,,,,,800,0,Posted
03-09-2024,01.12102.000.0000.000.3706008.00000.000,eHIS,HIS_SETTLEMENT,NSK-OCS-468361 HIS_SETTLEMENT 3358005YT7JQCWYLTG43,500166550,Journal Import 2591614:,//SETTLEMENT,2,,,,,100,0,Posted
03-09-2024,01.12102.000.0000.000.3706008.00000.000,eHIS,HIS_SETTLEMENT,NSK-OCS-468362 HIS_SETTLEMENT 3358005YT7JQCWYLTG43,500166589,Journal Import 2591614:,//SETTLEMENT,2,,,,,900,0,Posted
03-09-2024,01.12102.000.0000.000.3706008.00000.000,eHIS,HIS_SETTLEMENT,NSK-OCS-468363 HIS_SETTLEMENT 3358005YT7JQCWYLTG43,500166551,Journal Import 2591614:,//SETTLEMENT,2,,,,,100,0,Posted
03-09-2024,01.12102.000.0000.000.3706008.00000.000,eHIS,HIS_SETTLEMENT,NSK-OCS-468364 HIS_SETTLEMENT 3358005YT7JQCWYLTG43,500166723,Journal Import 2591614:,//SETTLEMENT,2,,,,,800,0,Posted
03-09-2024,01.12102.000.0000.000.3706008.00000.000,eHIS,HIS_SETTLEMENT,NSK-OCS-468365 HIS_SETTLEMENT 3358005YT7JQCWYLTG43,500166771,Journal Import 2591614:,//SETTLEMENT,2,,,,,1850,0,Posted
03-09-2024,01.12102.000.0000.000.3706008.00000.000,eHIS,HIS_SETTLEMENT,NSK-OCS-468366 HIS_SETTLEMENT 3358005YT7JQCWYLTG43,500166503,Journal Import 2591614:,//SETTLEMENT,2,,,,,200,0,Posted
03-09-2024,01.12102.000.0000.000.3706008.00000.000,eHIS,HIS_SETTLEMENT,NSK-OCS-468367 HIS_SETTLEMENT 3358005YT7JQCWYLTG43,500166434,Journal Import 2591614:,//SETTLEMENT,3,,,,,225,0,Posted
03-09-2024,01.12102.000.0000.000.3706008.00000.000,eHIS,HIS_SETTLEMENT,NSK-OCS-468367 HIS_SETTLEMENT 3358005YT7JQCWYLTG43,500166434,Journal Import 2591614:,//SETTLEMENT,4,,,,,275,0,Posted
03-09-2024,01.12102.000.0000.000.3706008.00000.000,eHIS,HIS_SETTLEMENT,NSK-OCS-468368 HIS_SETTLEMENT 3358005YT7JQCWYLTG43,500166703,Journal Import 2591614:,//SETTLEMENT,2,,,,,500,0,Posted
03-09-2024,01.12102.000.0000.000.3706008.00000.000,eHIS,HIS_SETTLEMENT,NSK-OCS-468369 HIS_SETTLEMENT 3358005YT7JQCWYLTG43,500166631,Journal Import 2591614:,//SETTLEMENT,3,,,,,70,0,Posted
03-09-2024,01.12102.000.0000.000.3706008.00000.000,eHIS,HIS_SETTLEMENT,NSK-OCS-468369 HIS_SETTLEMENT 3358005YT7JQCWYLTG43,500166631,Journal Import 2591614:,//SETTLEMENT,4,,,,,3800,0,Posted
03-09-2024,01.12102.000.0000.000.3706008.00000.000,eHIS,HIS_SETTLEMENT,NSK-OCS-468370 HIS_SETTLEMENT 3358005YT7JQCWYLTG43,500166574,Journal Import 2591614:,//SETTLEMENT,2,,,,,650,0,Posted
03-09-2024,01.12102.000.0000.000.3706008.00000.000,eHIS,HIS_SETTLEMENT,NSK-OCS-468371 HIS_SETTLEMENT 3358005YT7JQCWYLTG43,500166704,Journal Import 2591614:,//SETTLEMENT,2,,,,,500,0,Posted
03-09-2024,01.12102.000.0000.000.3706008.00000.000,eHIS,HIS_SETTLEMENT,NSK-OCS-468372 HIS_SETTLEMENT 3358005YT7JQCWYLTG43,500166453,Journal Import 2591614:,//SETTLEMENT,2,,,,,1100,0,Posted
03-09-2024,01.12102.000.0000.000.3706008.00000.000,eHIS,HIS_SETTLEMENT,NSK-OCS-468373 HIS_SETTLEMENT 3358005YT7JQCWYLTG43,500166769,Journal Import 2591614:,//SETTLEMENT,2,,,,,400,0,Posted
03-09-2024,01.12102.000.0000.000.3706008.00000.000,eHIS,HIS_SETTLEMENT,NSK-OCS-468374 HIS_SETTLEMENT 3358005YT7JQCWYLTG43,500166590,Journal Import 2591614:,//SETTLEMENT,2,,,,,900,0,Posted
03-09-2024,01.12102.000.0000.000.3706008.00000.000,eHIS,HIS_SETTLEMENT,NSK-OCS-468375 HIS_SETTLEMENT 3358005YT7JQCWYLTG43,500166705,Journal Import 2591614:,//SETTLEMENT,2,,,,,500,0,Posted
03-09-2024,01.12102.000.0000.000.3706008.00000.000,eHIS,HIS_SETTLEMENT,NSK-OCS-468376 HIS_SETTLEMENT 3358005YT7JQCWYLTG43,500166552,Journal Import 2591614:,//SETTLEMENT,3,,,,,100,0,Posted
03-09-2024,01.12102.000.0000.000.3706008.00000.000,eHIS,HIS_SETTLEMENT,NSK-OCS-468376 HIS_SETTLEMENT 3358005YT7JQCWYLTG43,500166552,Journal Import 2591614:,//SETTLEMENT,4,,,,,400,0,Posted
03-09-2024,01.12102.000.0000.000.3706008.00000.000,eHIS,HIS_SETTLEMENT,NSK-OCS-468377 HIS_SETTLEMENT 3358005YT7JQCWYLTG43,500166504,Journal Import 2591614:,//SETTLEMENT,2,,,,,200,0,Posted
03-09-2024,01.12102.000.0000.000.3706008.00000.000,eHIS,HIS_SETTLEMENT,NSK-OCS-468378 HIS_SETTLEMENT 3358005YT7JQCWYLTG43,500166811,Journal Import 2591614:,//SETTLEMENT,2,,,,,250,0,Posted
03-09-2024,01.12102.000.0000.000.3706008.00000.000,eHIS,HIS_SETTLEMENT,NSK-OCS-468379 HIS_SETTLEMENT 3358005YT7JQCWYLTG43,500166509,Journal Import 2591614:,//SETTLEMENT,2,,,,,750,0,Posted
03-09-2024,01.12102.000.0000.000.3706008.00000.000,eHIS,HIS_SETTLEMENT,NSK-OCS-468380 HIS_SETTLEMENT 3358005YT7JQCWYLTG43,500166510,Journal Import 2591614:,//SETTLEMENT,2,,,,,750,0,Posted
03-09-2024,01.12102.000.0000.000.3706008.00000.000,eHIS,HIS_SETTLEMENT,NSK-OCS-468381 HIS_SETTLEMENT 3358005YT7JQCWYLTG43,500166505,Journal Import 2591614:,//SETTLEMENT,2,,,,,200,0,Posted
03-09-2024,01.12102.000.0000.000.3706008.00000.000,eHIS,HIS_SETTLEMENT,NSK-OCS-468382 HIS_SETTLEMENT 3358005YT7JQCWYLTG43,500166476,Journal Import 2591614:,//SETTLEMENT,2,,,,,5016,0,Posted
03-09-2024,01.12102.000.0000.000.3706008.00000.000,eHIS,HIS_SETTLEMENT,NSK-OCS-468383 HIS_SETTLEMENT 3358005YT7JQCWYLTG43,500166575,Journal Import 2591614:,//SETTLEMENT,2,,,,,650,0,Posted
03-09-2024,01.12102.000.0000.000.3706008.00000.000,eHIS,HIS_SETTLEMENT,NSK-OCS-468384 HIS_SETTLEMENT 3358005YT7JQCWYLTG43,500166745,Journal Import 2591614:,//SETTLEMENT,2,,,,,350,0,Posted
03-09-2024,01.12102.000.0000.000.3706008.00000.000,eHIS,HIS_SETTLEMENT,NSK-OCS-468385 HIS_SETTLEMENT 3358005YT7JQCWYLTG43,500166706,Journal Import 2591614:,//SETTLEMENT,2,,,,,500,0,Posted
03-09-2024,01.12102.000.0000.000.3706008.00000.000,eHIS,HIS_SETTLEMENT,NSK-OCS-468386 HIS_SETTLEMENT 3358005YT7JQCWYLTG43,500166576,Journal Import 2591614:,//SETTLEMENT,2,,,,,650,0,Posted
03-09-2024,01.12102.000.0000.000.3706008.00000.000,eHIS,HIS_SETTLEMENT,NSK-OCS-468387 HIS_SETTLEMENT 3358005YT7JQCWYLTG43,500166404,Journal Import 2591614:,//SETTLEMENT,2,,,,,6550,0,Posted
03-09-2024,01.12102.000.0000.000.3706008.00000.000,eHIS,HIS_SETTLEMENT,NSK-OCS-468388 HIS_SETTLEMENT 3358005YT7JQCWYLTG43,500166830,Journal Import 2591614:,//SETTLEMENT,2,,,,,1400,0,Posted
03-09-2024,01.12102.000.0000.000.3706008.00000.000,eHIS,HIS_SETTLEMENT,NSK-OCS-468389 HIS_SETTLEMENT 3358005YT7JQCWYLTG43,500166772,Journal Import 2591614:,//SETTLEMENT,2,,,,,1850,0,Posted
03-09-2024,01.12102.000.0000.000.3706008.00000.000,eHIS,HIS_SETTLEMENT,NSK-OCS-468390 HIS_SETTLEMENT 3358005YT7JQCWYLTG43,500166534,Journal Import 2591614:,//SETTLEMENT,2,,,,,3500,0,Posted
03-09-2024,01.12102.000.0000.000.3706008.00000.000,eHIS,HIS_SETTLEMENT,NSK-OCS-468391 HIS_SETTLEMENT 3358005YT7JQCWYLTG43,500166707,Journal Import 2591614:,//SETTLEMENT,2,,,,,500,0,Posted
03-09-2024,01.12102.000.0000.000.3706008.00000.000,eHIS,HIS_SETTLEMENT,NSK-OCS-468392 HIS_SETTLEMENT 3358005YT7JQCWYLTG43,500166832,Journal Import 2591614:,//SETTLEMENT,2,,,,,1500,0,Posted
03-09-2024,01.12102.000.0000.000.3706008.00000.000,eHIS,HIS_SETTLEMENT,NSK-OCS-468393 HIS_SETTLEMENT 3358005YT7JQCWYLTG43,500166511,Journal Import 2591614:,//SETTLEMENT,2,,,,,750,0,Posted
03-09-2024,01.12102.000.0000.000.3706008.00000.000,eHIS,HIS_SETTLEMENT,NSK-OCS-468394 HIS_SETTLEMENT 3358005YT7JQCWYLTG43,500166583,Journal Import 2591614:,//SETTLEMENT,2,,,,,825,0,Posted
03-09-2024,01.12102.000.0000.000.3706008.00000.000,eHIS,HIS_SETTLEMENT,NSK-OCS-468395 HIS_SETTLEMENT 3358005YT7JQCWYLTG43,500166676,Journal Import 2591614:,//SETTLEMENT,2,,,,,450,0,Posted
03-09-2024,01.12102.000.0000.000.3706008.00000.000,eHIS,HIS_SETTLEMENT,NSK-OCS-468396 HIS_SETTLEMENT 3358005YT7JQCWYLTG43,500166577,Journal Import 2591614:,//SETTLEMENT,2,,,,,650,0,Posted
03-09-2024,01.12102.000.0000.000.3706008.00000.000,eHIS,HIS_SETTLEMENT,NSK-OCS-468397 HIS_SETTLEMENT 3358005YT7JQCWYLTG43,500166611,Journal Import 2591614:,//SETTLEMENT,3,,,,,10,0,Posted
03-09-2024,01.12102.000.0000.000.3706008.00000.000,eHIS,HIS_SETTLEMENT,NSK-OCS-468397 HIS_SETTLEMENT 3358005YT7JQCWYLTG43,500166611,Journal Import 2591614:,//SETTLEMENT,4,,,,,2270,0,Posted
04-09-2024,01.12102.000.0000.000.3706008.00000.000,eHIS,HIS_SETTLEMENT,NSK-OCS-468398 HIS_SETTLEMENT 3358005YT7JQCWYLTG43,500167089,Journal Import 2599930:,//SETTLEMENT,2,,,,,350,0,Posted
03-09-2024,01.12102.000.0000.000.3706008.00000.000,eHIS,HIS_SETTLEMENT,NSK-OCS-468399 HIS_SETTLEMENT 3358005YT7JQCWYLTG43,500166708,Journal Import 2591614:,//SETTLEMENT,2,,,,,500,0,Posted
03-09-2024,01.12102.000.0000.000.3706008.00000.000,eHIS,HIS_SETTLEMENT,NSK-OCS-468400 HIS_SETTLEMENT 3358005YT7JQCWYLTG43,500166724,Journal Import 2591614:,//SETTLEMENT,2,,,,,800,0,Posted
03-09-2024,01.12102.000.0000.000.3706008.00000.000,eHIS,HIS_SETTLEMENT,NSK-OCS-468401 HIS_SETTLEMENT 3358005YT7JQCWYLTG43,500166506,Journal Import 2591614:,//SETTLEMENT,2,,,,,200,0,Posted
03-09-2024,01.12102.000.0000.000.3706008.00000.000,eHIS,HIS_SETTLEMENT,NSK-OCS-468402 HIS_SETTLEMENT 3358005YT7JQCWYLTG43,500166512,Journal Import 2591614:,//SETTLEMENT,2,,,,,750,0,Posted
04-09-2024,01.12102.000.0000.000.3706008.00000.000,eHIS,HIS_SETTLEMENT,NSK-OCS-468403 HIS_SETTLEMENT 3358005YT7JQCWYLTG43,500167087,Journal Import 2599930:,//SETTLEMENT,2,,,,,300,0,Posted
04-09-2024,01.12102.000.0000.000.3706008.00000.000,eHIS,HIS_SETTLEMENT,NSK-OCS-468404 HIS_SETTLEMENT 3358005YT7JQCWYLTG43,500167072,Journal Import 2599930:,//SETTLEMENT,2,,,,,9275,0,Posted
03-09-2024,01.12102.000.0000.000.3706008.00000.000,eHIS,HIS_SETTLEMENT,NSK-OCS-468405 HIS_SETTLEMENT 3358005YT7JQCWYLTG43,500166557,Journal Import 2591614:,//SETTLEMENT,2,,,,,600,0,Posted
03-09-2024,01.12102.000.0000.000.3706008.00000.000,eHIS,HIS_SETTLEMENT,NSK-OCS-468406 HIS_SETTLEMENT 3358005YT7JQCWYLTG43,500166728,Journal Import 2591614:,//SETTLEMENT,2,,,,,1750,0,Posted
03-09-2024,01.12102.000.0000.000.3706008.00000.000,eHIS,HIS_SETTLEMENT,NSK-OCS-468407 HIS_SETTLEMENT 3358005YT7JQCWYLTG43,500166613,Journal Import 2591614:,//SETTLEMENT,2,,,,,900,0,Posted
03-09-2024,01.12102.000.0000.000.3706008.00000.000,eHIS,HIS_SETTLEMENT,NSK-OCS-468408 HIS_SETTLEMENT 3358005YT7JQCWYLTG43,500166477,Journal Import 2591614:,//SETTLEMENT,2,,,,,5100,0,Posted
03-09-2024,01.12102.000.0000.000.3706008.00000.000,eHIS,HIS_SETTLEMENT,NSK-OCS-468409 HIS_SETTLEMENT 3358005YT7JQCWYLTG43,500166729,Journal Import 2591614:,//SETTLEMENT,2,,,,,1750,0,Posted
03-09-2024,01.12102.000.0000.000.3706008.00000.000,eHIS,HIS_SETTLEMENT,NSK-OCS-468410 HIS_SETTLEMENT 3358005YT7JQCWYLTG43,500166526,Journal Import 2591614:,//SETTLEMENT,2,,,,,1000,0,Posted
03-09-2024,01.12102.000.0000.000.3706008.00000.000,eHIS,HIS_SETTLEMENT,NSK-OCS-468411 HIS_SETTLEMENT 3358005YT7JQCWYLTG43,500166581,Journal Import 2591614:,//SETTLEMENT,2,,,,,500,0,Posted
03-09-2024,01.12102.000.0000.000.3706008.00000.000,eHIS,HIS_SETTLEMENT,NSK-OCS-468412 HIS_SETTLEMENT 3358005YT7JQCWYLTG43,500166612,Journal Import 2591614:,//SETTLEMENT,2,,,,,500,0,Posted
03-09-2024,01.12102.000.0000.000.3706008.00000.000,eHIS,HIS_SETTLEMENT,NSK-OCS-468413 HIS_SETTLEMENT 3358005YT7JQCWYLTG43,500166646,Journal Import 2591614:,//SETTLEMENT,2,,,,,21800,0,Posted
03-09-2024,01.12102.000.0000.000.3706008.00000.000,eHIS,HIS_SETTLEMENT,NSK-OCS-468414 HIS_SETTLEMENT 3358005YT7JQCWYLTG43,500166468,Journal Import 2591614:,//SETTLEMENT,2,,,,,180,0,Posted
03-09-2024,01.12102.000.0000.000.3706008.00000.000,eHIS,HIS_SETTLEMENT,NSK-OCS-468415 HIS_SETTLEMENT 3358005YT7JQCWYLTG43,500166400,Journal Import 2591614:,//SETTLEMENT,2,,,,,1200,0,Posted
03-09-2024,01.12102.000.0000.000.3706008.00000.000,eHIS,HIS_SETTLEMENT,NSK-OCS-468416 HIS_SETTLEMENT 3358005YT7JQCWYLTG43,500166614,Journal Import 2591614:,//SETTLEMENT,2,,,,,900,0,Posted
03-09-2024,01.12102.000.0000.000.3706008.00000.000,eHIS,HIS_SETTLEMENT,NSK-OCS-468417 HIS_SETTLEMENT 3358005YT7JQCWYLTG43,500166553,Journal Import 2591614:,//SETTLEMENT,2,,,,,100,0,Posted
03-09-2024,01.12102.000.0000.000.3706008.00000.000,eHIS,HIS_SETTLEMENT,NSK-OCS-468418 HIS_SETTLEMENT 3358005YT7JQCWYLTG43,500166645,Journal Import 2591614:,//SETTLEMENT,2,,,,,1850,0,Posted
04-09-2024,01.12102.000.0000.000.3706008.00000.000,eHIS,HIS_SETTLEMENT,NSK-OCS-468419 HIS_SETTLEMENT 3358005YT7JQCWYLTG43,500167206,Journal Import 2591614:,//SETTLEMENT,2,,,,,3250,0,Posted
04-09-2024,01.12102.000.0000.000.3706008.00000.000,eHIS,HIS_SETTLEMENT,NSK-OCS-468420 HIS_SETTLEMENT 3358005YT7JQCWYLTG43,500167319,Journal Import 2591614:,//SETTLEMENT,3,,,,,825,0,Posted
04-09-2024,01.12102.000.0000.000.3706008.00000.000,eHIS,HIS_SETTLEMENT,NSK-OCS-468420 HIS_SETTLEMENT 3358005YT7JQCWYLTG43,500167319,Journal Import 2591614:,//SETTLEMENT,4,,,,,2675,0,Posted
04-09-2024,01.12102.000.0000.000.3706008.00000.000,eHIS,HIS_SETTLEMENT,NSK-OCS-468421 HIS_SETTLEMENT 3358005YT7JQCWYLTG43,500167092,Journal Import 2591614:,//SETTLEMENT,2,,,,,100,0,Posted
04-09-2024,01.12102.000.0000.000.3706008.00000.000,eHIS,HIS_SETTLEMENT,NSK-OCS-468422 HIS_SETTLEMENT 3358005YT7JQCWYLTG43,500167101,Journal Import 2591614:,//SETTLEMENT,2,,,,,3500,0,Posted
04-09-2024,01.12102.000.0000.000.3706008.00000.000,eHIS,HIS_SETTLEMENT,NSK-OCS-468423 HIS_SETTLEMENT 3358005YT7JQCWYLTG43,500167283,Journal Import 2591614:,//SETTLEMENT,2,,,,,1850,0,Posted
04-09-2024,01.12102.000.0000.000.3706008.00000.000,eHIS,HIS_SETTLEMENT,NSK-OCS-468424 HIS_SETTLEMENT 3358005YT7JQCWYLTG43,500167148,Journal Import 2591614:,//SETTLEMENT,2,,,,,200,0,Posted
04-09-2024,01.12102.000.0000.000.3706008.00000.000,eHIS,HIS_SETTLEMENT,NSK-OCS-468425 HIS_SETTLEMENT 3358005YT7JQCWYLTG43,500167385,Journal Import 2591614:,//SETTLEMENT,2,,,,,1800,0,Posted
04-09-2024,01.12102.000.0000.000.3706008.00000.000,eHIS,HIS_SETTLEMENT,NSK-OCS-468426 HIS_SETTLEMENT 3358005YT7JQCWYLTG43,500167093,Journal Import 2591614:,//SETTLEMENT,2,,,,,100,0,Posted
04-09-2024,01.12102.000.0000.000.3706008.00000.000,eHIS,HIS_SETTLEMENT,NSK-OCS-468427 HIS_SETTLEMENT 3358005YT7JQCWYLTG43,500167230,Journal Import 2591614:,//SETTLEMENT,2,,,,,500,0,Posted
04-09-2024,01.12102.000.0000.000.3706008.00000.000,eHIS,HIS_SETTLEMENT,NSK-OCS-468428 HIS_SETTLEMENT 3358005YT7JQCWYLTG43,500167231,Journal Import 2591614:,//SETTLEMENT,2,,,,,500,0,Posted
04-09-2024,01.12102.000.0000.000.3706008.00000.000,eHIS,HIS_SETTLEMENT,NSK-OCS-468430 HIS_SETTLEMENT 3358005YT7JQCWYLTG43,500167232,Journal Import 2591614:,//SETTLEMENT,2,,,,,500,0,Posted
04-09-2024,01.12102.000.0000.000.3706008.00000.000,eHIS,HIS_SETTLEMENT,NSK-OCS-468431 HIS_SETTLEMENT 3358005YT7JQCWYLTG43,500167233,Journal Import 2591614:,//SETTLEMENT,2,,,,,500,0,Posted
04-09-2024,01.12102.000.0000.000.3706008.00000.000,eHIS,HIS_SETTLEMENT,NSK-OCS-468432 HIS_SETTLEMENT 3358005YT7JQCWYLTG43,500167234,Journal Import 2591614:,//SETTLEMENT,2,,,,,500,0,Posted
04-09-2024,01.12102.000.0000.000.3706008.00000.000,eHIS,HIS_SETTLEMENT,NSK-OCS-468433 HIS_SETTLEMENT 3358005YT7JQCWYLTG43,500167235,Journal Import 2591614:,//SETTLEMENT,2,,,,,500,0,Posted
04-09-2024,01.12102.000.0000.000.3706008.00000.000,eHIS,HIS_SETTLEMENT,NSK-OCS-468434 HIS_SETTLEMENT 3358005YT7JQCWYLTG43,500167236,Journal Import 2591614:,//SETTLEMENT,2,,,,,500,0,Posted
04-09-2024,01.12102.000.0000.000.3706008.00000.000,eHIS,HIS_SETTLEMENT,NSK-OCS-468435 HIS_SETTLEMENT 3358005YT7JQCWYLTG43,500167237,Journal Import 2591614:,//SETTLEMENT,2,,,,,500,0,Posted
04-09-2024,01.12102.000.0000.000.3706008.00000.000,eHIS,HIS_SETTLEMENT,NSK-OCS-468436 HIS_SETTLEMENT 3358005YT7JQCWYLTG43,500167238,Journal Import 2591614:,//SETTLEMENT,2,,,,,500,0,Posted
04-09-2024,01.12102.000.0000.000.3706008.00000.000,eHIS,HIS_SETTLEMENT,NSK-OCS-468437 HIS_SETTLEMENT 3358005YT7JQCWYLTG43,500167239,Journal Import 2591614:,//SETTLEMENT,2,,,,,500,0,Posted
04-09-2024,01.12102.000.0000.000.3706008.00000.000,eHIS,HIS_SETTLEMENT,NSK-OCS-468438 HIS_SETTLEMENT 3358005YT7JQCWYLTG43,500167240,Journal Import 2591614:,//SETTLEMENT,2,,,,,500,0,Posted
04-09-2024,01.12102.000.0000.000.3706008.00000.000,eHIS,HIS_SETTLEMENT,NSK-OCS-468440 HIS_SETTLEMENT 3358005YT7JQCWYLTG43,500167104,Journal Import 2591614:,//SETTLEMENT,2,,,,,3650,0,Posted
04-09-2024,01.12102.000.0000.000.3706008.00000.000,eHIS,HIS_SETTLEMENT,NSK-OCS-468441 HIS_SETTLEMENT 3358005YT7JQCWYLTG43,500167117,Journal Import 2591614:,//SETTLEMENT,2,,,,,4550,0,Posted
04-09-2024,01.12102.000.0000.000.3706008.00000.000,eHIS,HIS_SETTLEMENT,NSK-OCS-468442 HIS_SETTLEMENT 3358005YT7JQCWYLTG43,500167421,Journal Import 2591614:,//SETTLEMENT,2,,,,,9200,0,Posted
04-09-2024,01.12102.000.0000.000.3706008.00000.000,eHIS,HIS_SETTLEMENT,NSK-OCS-468443 HIS_SETTLEMENT 3358005YT7JQCWYLTG43,500167474,Journal Import 2591614:,//SETTLEMENT,2,,,,,9650,0,Posted
04-09-2024,01.12102.000.0000.000.3706008.00000.000,eHIS,HIS_SETTLEMENT,NSK-OCS-468444 HIS_SETTLEMENT 3358005YT7JQCWYLTG43,500167102,Journal Import 2591614:,//SETTLEMENT,2,,,,,3500,0,Posted
04-09-2024,01.12102.000.0000.000.3706008.00000.000,eHIS,HIS_SETTLEMENT,NSK-OCS-468445 HIS_SETTLEMENT 3358005YT7JQCWYLTG43,500167387,Journal Import 2591614:,//SETTLEMENT,2,,,,,14380,0,Posted
04-09-2024,01.12102.000.0000.000.3706008.00000.000,eHIS,HIS_SETTLEMENT,NSK-OCS-468446 HIS_SETTLEMENT 3358005YT7JQCWYLTG43,500167103,Journal Import 2591614:,//SETTLEMENT,2,,,,,3500,0,Posted
04-09-2024,01.12102.000.0000.000.3706008.00000.000,eHIS,HIS_SETTLEMENT,NSK-OCS-468447 HIS_SETTLEMENT 3358005YT7JQCWYLTG43,500167177,Journal Import 2591614:,//SETTLEMENT,2,,,,,2600,0,Posted
04-09-2024,01.12102.000.0000.000.3706008.00000.000,eHIS,HIS_SETTLEMENT,NSK-OCS-468448 HIS_SETTLEMENT 3358005YT7JQCWYLTG43,500167284,Journal Import 2591614:,//SETTLEMENT,2,,,,,1850,0,Posted
04-09-2024,01.12102.000.0000.000.3706008.00000.000,eHIS,HIS_SETTLEMENT,NSK-OCS-468449 HIS_SETTLEMENT 3358005YT7JQCWYLTG43,500167178,Journal Import 2591614:,//SETTLEMENT,2,,,,,2600,0,Posted
04-09-2024,01.12102.000.0000.000.3706008.00000.000,eHIS,HIS_SETTLEMENT,NSK-OCS-468450 HIS_SETTLEMENT 3358005YT7JQCWYLTG43,500167176,Journal Import 2591614:,//SETTLEMENT,2,,,,,999,0,Posted
04-09-2024,01.12102.000.0000.000.3706008.00000.000,eHIS,HIS_SETTLEMENT,NSK-OCS-468451 HIS_SETTLEMENT 3358005YT7JQCWYLTG43,500167132,Journal Import 2591614:,//SETTLEMENT,2,,,,,1125,0,Posted
04-09-2024,01.12102.000.0000.000.3706008.00000.000,eHIS,HIS_SETTLEMENT,NSK-OCS-468452 HIS_SETTLEMENT 3358005YT7JQCWYLTG43,500167456,Journal Import 2591614:,//SETTLEMENT,2,,,,,800,0,Posted
04-09-2024,01.12102.000.0000.000.3706008.00000.000,eHIS,HIS_SETTLEMENT,NSK-OCS-468453 HIS_SETTLEMENT 3358005YT7JQCWYLTG43,500167241,Journal Import 2591614:,//SETTLEMENT,2,,,,,500,0,Posted
04-09-2024,01.12102.000.0000.000.3706008.00000.000,eHIS,HIS_SETTLEMENT,NSK-OCS-468454 HIS_SETTLEMENT 3358005YT7JQCWYLTG43,500167094,Journal Import 2591614:,//SETTLEMENT,2,,,,,100,0,Posted
04-09-2024,01.12102.000.0000.000.3706008.00000.000,eHIS,HIS_SETTLEMENT,NSK-OCS-468455 HIS_SETTLEMENT 3358005YT7JQCWYLTG43,500167248,Journal Import 2591614:,//SETTLEMENT,2,,,,,900,0,Posted
04-09-2024,01.12102.000.0000.000.3706008.00000.000,eHIS,HIS_SETTLEMENT,NSK-OCS-468456 HIS_SETTLEMENT 3358005YT7JQCWYLTG43,500167149,Journal Import 2591614:,//SETTLEMENT,2,,,,,200,0,Posted
04-09-2024,01.12102.000.0000.000.3706008.00000.000,eHIS,HIS_SETTLEMENT,NSK-OCS-468457 HIS_SETTLEMENT 3358005YT7JQCWYLTG43,500167536,Journal Import 2591614:,//SETTLEMENT,2,,,,,250,0,Posted
04-09-2024,01.12102.000.0000.000.3706008.00000.000,eHIS,HIS_SETTLEMENT,NSK-OCS-468458 HIS_SETTLEMENT 3358005YT7JQCWYLTG43,500167470,Journal Import 2591614:,//SETTLEMENT,2,,,,,1700,0,Posted
04-09-2024,01.12102.000.0000.000.3706008.00000.000,eHIS,HIS_SETTLEMENT,NSK-OCS-468459 HIS_SETTLEMENT 3358005YT7JQCWYLTG43,500167386,Journal Import 2591614:,//SETTLEMENT,2,,,,,1800,0,Posted
04-09-2024,01.12102.000.0000.000.3706008.00000.000,eHIS,HIS_SETTLEMENT,NSK-OCS-468460 HIS_SETTLEMENT 3358005YT7JQCWYLTG43,500167537,Journal Import 2591614:,//SETTLEMENT,2,,,,,250,0,Posted
04-09-2024,01.12102.000.0000.000.3706008.00000.000,eHIS,HIS_SETTLEMENT,NSK-OCS-468461 HIS_SETTLEMENT 3358005YT7JQCWYLTG43,500167420,Journal Import 2591614:,//SETTLEMENT,2,,,,,9000,0,Posted
04-09-2024,01.12102.000.0000.000.3706008.00000.000,eHIS,HIS_SETTLEMENT,NSK-OCS-468462 HIS_SETTLEMENT 3358005YT7JQCWYLTG43,500167457,Journal Import 2591614:,//SETTLEMENT,2,,,,,800,0,Posted
04-09-2024,01.12102.000.0000.000.3706008.00000.000,eHIS,HIS_SETTLEMENT,NSK-OCS-468463 HIS_SETTLEMENT 3358005YT7JQCWYLTG43,500167154,Journal Import 2591614:,//SETTLEMENT,2,,,,,1200,0,Posted
05-09-2024,01.12102.000.0000.000.3706008.00000.000,eHIS,HIS_SETTLEMENT,NSK-OCS-468464 HIS_SETTLEMENT 3358005YT7JQCWYLTG43,500167717,Journal Import 2599930:,//SETTLEMENT,2,,,,,375,0,Posted
04-09-2024,01.12102.000.0000.000.3706008.00000.000,eHIS,HIS_SETTLEMENT,NSK-OCS-468465 HIS_SETTLEMENT 3358005YT7JQCWYLTG43,500167249,Journal Import 2591614:,//SETTLEMENT,2,,,,,900,0,Posted
04-09-2024,01.12102.000.0000.000.3706008.00000.000,eHIS,HIS_SETTLEMENT,NSK-OCS-468466 HIS_SETTLEMENT 3358005YT7JQCWYLTG43,500167419,Journal Import 2591614:,//SETTLEMENT,2,,,,,8700,0,Posted
04-09-2024,01.12102.000.0000.000.3706008.00000.000,eHIS,HIS_SETTLEMENT,NSK-OCS-468467 HIS_SETTLEMENT 3358005YT7JQCWYLTG43,500167196,Journal Import 2591614:,//SETTLEMENT,2,,,,,1000,0,Posted
04-09-2024,01.12102.000.0000.000.3706008.00000.000,eHIS,HIS_SETTLEMENT,NSK-OCS-468468 HIS_SETTLEMENT 3358005YT7JQCWYLTG43,500167057,Journal Import 2591614:,//SETTLEMENT,2,,,,,1300,0,Posted
04-09-2024,01.12102.000.0000.000.3706008.00000.000,eHIS,HIS_SETTLEMENT,NSK-OCS-468469 HIS_SETTLEMENT 3358005YT7JQCWYLTG43,500167458,Journal Import 2591614:,//SETTLEMENT,2,,,,,800,0,Posted
04-09-2024,01.12102.000.0000.000.3706008.00000.000,eHIS,HIS_SETTLEMENT,NSK-OCS-468470 HIS_SETTLEMENT 3358005YT7JQCWYLTG43,500167242,Journal Import 2591614:,//SETTLEMENT,2,,,,,500,0,Posted
04-09-2024,01.12102.000.0000.000.3706008.00000.000,eHIS,HIS_SETTLEMENT,NSK-OCS-468471 HIS_SETTLEMENT 3358005YT7JQCWYLTG43,500167285,Journal Import 2591614:,//SETTLEMENT,2,,,,,1850,0,Posted
04-09-2024,01.12102.000.0000.000.3706008.00000.000,eHIS,HIS_SETTLEMENT,NSK-OCS-468472 HIS_SETTLEMENT 3358005YT7JQCWYLTG43,500167459,Journal Import 2591614:,//SETTLEMENT,2,,,,,800,0,Posted
04-09-2024,01.12102.000.0000.000.3706008.00000.000,eHIS,HIS_SETTLEMENT,NSK-OCS-468473 HIS_SETTLEMENT 3358005YT7JQCWYLTG43,500167036,Journal Import 2591614:,//SETTLEMENT,2,,,,,7055,0,Posted
04-09-2024,01.12102.000.0000.000.3706008.00000.000,eHIS,HIS_SETTLEMENT,NSK-OCS-468474 HIS_SETTLEMENT 3358005YT7JQCWYLTG43,500167460,Journal Import 2591614:,//SETTLEMENT,2,,,,,800,0,Posted
04-09-2024,01.12102.000.0000.000.3706008.00000.000,eHIS,HIS_SETTLEMENT,NSK-OCS-468475 HIS_SETTLEMENT 3358005YT7JQCWYLTG43,500167151,Journal Import 2591614:,//SETTLEMENT,2,,,,,750,0,Posted
05-09-2024,01.12102.000.0000.000.3706008.00000.000,eHIS,HIS_SETTLEMENT,NSK-OCS-468476 HIS_SETTLEMENT 3358005YT7JQCWYLTG43,500167724,Journal Import 2599930:,//SETTLEMENT,2,,,,,350,0,Posted
04-09-2024,01.12102.000.0000.000.3706008.00000.000,eHIS,HIS_SETTLEMENT,NSK-OCS-468477 HIS_SETTLEMENT 3358005YT7JQCWYLTG43,500167197,Journal Import 2591614:,//SETTLEMENT,2,,,,,1000,0,Posted
04-09-2024,01.12102.000.0000.000.3706008.00000.000,eHIS,HIS_SETTLEMENT,NSK-OCS-468478 HIS_SETTLEMENT 3358005YT7JQCWYLTG43,500167250,Journal Import 2591614:,//SETTLEMENT,2,,,,,900,0,Posted
04-09-2024,01.12102.000.0000.000.3706008.00000.000,eHIS,HIS_SETTLEMENT,NSK-OCS-468479 HIS_SETTLEMENT 3358005YT7JQCWYLTG43,500167307,Journal Import 2591614:,//SETTLEMENT,2,,,,,450,0,Posted
04-09-2024,01.12102.000.0000.000.3706008.00000.000,eHIS,HIS_SETTLEMENT,NSK-OCS-468480 HIS_SETTLEMENT 3358005YT7JQCWYLTG43,500167243,Journal Import 2591614:,//SETTLEMENT,2,,,,,500,0,Posted
04-09-2024,01.12102.000.0000.000.3706008.00000.000,eHIS,HIS_SETTLEMENT,NSK-OCS-468481 HIS_SETTLEMENT 3358005YT7JQCWYLTG43,500167251,Journal Import 2591614:,//SETTLEMENT,2,,,,,900,0,Posted
04-09-2024,01.12102.000.0000.000.3706008.00000.000,eHIS,HIS_SETTLEMENT,NSK-OCS-468482 HIS_SETTLEMENT 3358005YT7JQCWYLTG43,500167035,Journal Import 2591614:,//SETTLEMENT,2,,,,,6650,0,Posted
04-09-2024,01.12102.000.0000.000.3706008.00000.000,eHIS,HIS_SETTLEMENT,NSK-OCS-468483 HIS_SETTLEMENT 3358005YT7JQCWYLTG43,500167461,Journal Import 2591614:,//SETTLEMENT,2,,,,,800,0,Posted
04-09-2024,01.12102.000.0000.000.3706008.00000.000,eHIS,HIS_SETTLEMENT,NSK-OCS-468484 HIS_SETTLEMENT 3358005YT7JQCWYLTG43,500167114,Journal Import 2591614:,//SETTLEMENT,2,,,,,1100,0,Posted
04-09-2024,01.12102.000.0000.000.3706008.00000.000,eHIS,HIS_SETTLEMENT,NSK-OCS-468485 HIS_SETTLEMENT 3358005YT7JQCWYLTG43,500167538,Journal Import 2591614:,//SETTLEMENT,2,,,,,250,0,Posted
04-09-2024,01.12102.000.0000.000.3706008.00000.000,eHIS,HIS_SETTLEMENT,NSK-OCS-468486 HIS_SETTLEMENT 3358005YT7JQCWYLTG43,500167244,Journal Import 2591614:,//SETTLEMENT,2,,,,,500,0,Posted
04-09-2024,01.12102.000.0000.000.3706008.00000.000,eHIS,HIS_SETTLEMENT,NSK-OCS-468487 HIS_SETTLEMENT 3358005YT7JQCWYLTG43,500167198,Journal Import 2591614:,//SETTLEMENT,2,,,,,1000,0,Posted
04-09-2024,01.12102.000.0000.000.3706008.00000.000,eHIS,HIS_SETTLEMENT,NSK-OCS-468488 HIS_SETTLEMENT 3358005YT7JQCWYLTG43,500167199,Journal Import 2591614:,//SETTLEMENT,2,,,,,1000,0,Posted
04-09-2024,01.12102.000.0000.000.3706008.00000.000,eHIS,HIS_SETTLEMENT,NSK-OCS-468489 HIS_SETTLEMENT 3358005YT7JQCWYLTG43,500167029,Journal Import 2591614:,//SETTLEMENT,2,,,,,1200,0,Posted
04-09-2024,01.12102.000.0000.000.3706008.00000.000,eHIS,HIS_SETTLEMENT,NSK-OCS-468490 HIS_SETTLEMENT 3358005YT7JQCWYLTG43,500167030,Journal Import 2591614:,//SETTLEMENT,2,,,,,1200,0,Posted
04-09-2024,01.12102.000.0000.000.3706008.00000.000,eHIS,HIS_SETTLEMENT,NSK-OCS-468491 HIS_SETTLEMENT 3358005YT7JQCWYLTG43,500167252,Journal Import 2591614:,//SETTLEMENT,2,,,,,900,0,Posted
04-09-2024,01.12102.000.0000.000.3706008.00000.000,eHIS,HIS_SETTLEMENT,NSK-OCS-468492 HIS_SETTLEMENT 3358005YT7JQCWYLTG43,500167462,Journal Import 2591614:,//SETTLEMENT,2,,,,,800,0,Posted
04-09-2024,01.12102.000.0000.000.3706008.00000.000,eHIS,HIS_SETTLEMENT,NSK-OCS-468493 HIS_SETTLEMENT 3358005YT7JQCWYLTG43,500167105,Journal Import 2591614:,//SETTLEMENT,2,,,,,3700,0,Posted
04-09-2024,01.12102.000.0000.000.3706008.00000.000,eHIS,HIS_SETTLEMENT,NSK-OCS-468494 HIS_SETTLEMENT 3358005YT7JQCWYLTG43,500167245,Journal Import 2591614:,//SETTLEMENT,2,,,,,500,0,Posted
04-09-2024,01.12102.000.0000.000.3706008.00000.000,eHIS,HIS_SETTLEMENT,NSK-OCS-468495 HIS_SETTLEMENT 3358005YT7JQCWYLTG43,500167463,Journal Import 2591614:,//SETTLEMENT,2,,,,,800,0,Posted
04-09-2024,01.12102.000.0000.000.3706008.00000.000,eHIS,HIS_SETTLEMENT,NSK-OCS-468496 HIS_SETTLEMENT 3358005YT7JQCWYLTG43,500167200,Journal Import 2591614:,//SETTLEMENT,2,,,,,1000,0,Posted
04-09-2024,01.12102.000.0000.000.3706008.00000.000,eHIS,HIS_SETTLEMENT,NSK-OCS-468497 HIS_SETTLEMENT 3358005YT7JQCWYLTG43,500167058,Journal Import 2591614:,//SETTLEMENT,2,,,,,1300,0,Posted
04-09-2024,01.12102.000.0000.000.3706008.00000.000,eHIS,HIS_SETTLEMENT,NSK-OCS-468498 HIS_SETTLEMENT 3358005YT7JQCWYLTG43,500167253,Journal Import 2591614:,//SETTLEMENT,2,,,,,900,0,Posted
04-09-2024,01.12102.000.0000.000.3706008.00000.000,eHIS,HIS_SETTLEMENT,NSK-OCS-468499 HIS_SETTLEMENT 3358005YT7JQCWYLTG43,500167254,Journal Import 2591614:,//SETTLEMENT,2,,,,,900,0,Posted
04-09-2024,01.12102.000.0000.000.3706008.00000.000,eHIS,HIS_SETTLEMENT,NSK-OCS-468500 HIS_SETTLEMENT 3358005YT7JQCWYLTG43,500167099,Journal Import 2591614:,//SETTLEMENT,2,,,,,600,0,Posted
04-09-2024,01.12102.000.0000.000.3706008.00000.000,eHIS,HIS_SETTLEMENT,NSK-OCS-468501 HIS_SETTLEMENT 3358005YT7JQCWYLTG43,500167411,Journal Import 2591614:,//SETTLEMENT,2,,,,,250,0,Posted
04-09-2024,01.12102.000.0000.000.3706008.00000.000,eHIS,HIS_SETTLEMENT,NSK-OCS-468502 HIS_SETTLEMENT 3358005YT7JQCWYLTG43,500167116,Journal Import 2591614:,//SETTLEMENT,2,,,,,4150,0,Posted
04-09-2024,01.12102.000.0000.000.3706008.00000.000,eHIS,HIS_SETTLEMENT,NSK-OCS-468503 HIS_SETTLEMENT 3358005YT7JQCWYLTG43,500167464,Journal Import 2591614:,//SETTLEMENT,2,,,,,800,0,Posted
04-09-2024,01.12102.000.0000.000.3706008.00000.000,eHIS,HIS_SETTLEMENT,NSK-OCS-468504 HIS_SETTLEMENT 3358005YT7JQCWYLTG43,500167371,Journal Import 2591614:,//SETTLEMENT,2,,,,,350,0,Posted
04-09-2024,01.12102.000.0000.000.3706008.00000.000,eHIS,HIS_SETTLEMENT,NSK-OCS-468505 HIS_SETTLEMENT 3358005YT7JQCWYLTG43,500167246,Journal Import 2591614:,//SETTLEMENT,2,,,,,500,0,Posted
04-09-2024,01.12102.000.0000.000.3706008.00000.000,eHIS,HIS_SETTLEMENT,NSK-OCS-468506 HIS_SETTLEMENT 3358005YT7JQCWYLTG43,500167465,Journal Import 2591614:,//SETTLEMENT,2,,,,,800,0,Posted
04-09-2024,01.12102.000.0000.000.3706008.00000.000,eHIS,HIS_SETTLEMENT,NSK-OCS-468507 HIS_SETTLEMENT 3358005YT7JQCWYLTG43,500167466,Journal Import 2591614:,//SETTLEMENT,2,,,,,800,0,Posted
04-09-2024,01.12102.000.0000.000.3706008.00000.000,eHIS,HIS_SETTLEMENT,NSK-OCS-468508 HIS_SETTLEMENT 3358005YT7JQCWYLTG43,500167031,Journal Import 2591614:,//SETTLEMENT,2,,,,,1200,0,Posted
04-09-2024,01.12102.000.0000.000.3706008.00000.000,eHIS,HIS_SETTLEMENT,NSK-OCS-468509 HIS_SETTLEMENT 3358005YT7JQCWYLTG43,500167165,Journal Import 2591614:,//SETTLEMENT,3,,,,,50,0,Posted
04-09-2024,01.12102.000.0000.000.3706008.00000.000,eHIS,HIS_SETTLEMENT,NSK-OCS-468509 HIS_SETTLEMENT 3358005YT7JQCWYLTG43,500167165,Journal Import 2591614:,//SETTLEMENT,4,,,,,1500,0,Posted
04-09-2024,01.12102.000.0000.000.3706008.00000.000,eHIS,HIS_SETTLEMENT,NSK-OCS-468510 HIS_SETTLEMENT 3358005YT7JQCWYLTG43,500167408,Journal Import 2591614:,//SETTLEMENT,2,,,,,400,0,Posted
04-09-2024,01.12102.000.0000.000.3706008.00000.000,eHIS,HIS_SETTLEMENT,NSK-OCS-468511 HIS_SETTLEMENT 3358005YT7JQCWYLTG43,500167247,Journal Import 2591614:,//SETTLEMENT,2,,,,,500,0,Posted
04-09-2024,01.12102.000.0000.000.3706008.00000.000,eHIS,HIS_SETTLEMENT,NSK-OCS-468512 HIS_SETTLEMENT 3358005YT7JQCWYLTG43,500167322,Journal Import 2591614:,//SETTLEMENT,3,,,,,2000,0,Posted
04-09-2024,01.12102.000.0000.000.3706008.00000.000,eHIS,HIS_SETTLEMENT,NSK-OCS-468512 HIS_SETTLEMENT 3358005YT7JQCWYLTG43,500167322,Journal Import 2591614:,//SETTLEMENT,4,,,,,5300,0,Posted
04-09-2024,01.12102.000.0000.000.3706008.00000.000,eHIS,HIS_SETTLEMENT,NSK-OCS-468513 HIS_SETTLEMENT 3358005YT7JQCWYLTG43,500167201,Journal Import 2591614:,//SETTLEMENT,2,,,,,1000,0,Posted
04-09-2024,01.12102.000.0000.000.3706008.00000.000,eHIS,HIS_SETTLEMENT,NSK-OCS-468514 HIS_SETTLEMENT 3358005YT7JQCWYLTG43,500167467,Journal Import 2591614:,//SETTLEMENT,2,,,,,800,0,Posted
04-09-2024,01.12102.000.0000.000.3706008.00000.000,eHIS,HIS_SETTLEMENT,NSK-OCS-468515 HIS_SETTLEMENT 3358005YT7JQCWYLTG43,500167167,Journal Import 2591614:,//SETTLEMENT,2,,,,,500,0,Posted
04-09-2024,01.12102.000.0000.000.3706008.00000.000,eHIS,HIS_SETTLEMENT,NSK-OCS-468516 HIS_SETTLEMENT 3358005YT7JQCWYLTG43,500167409,Journal Import 2591614:,//SETTLEMENT,2,,,,,410,0,Posted
04-09-2024,01.12102.000.0000.000.3706008.00000.000,eHIS,HIS_SETTLEMENT,NSK-OCS-468517 HIS_SETTLEMENT 3358005YT7JQCWYLTG43,500167168,Journal Import 2591614:,//SETTLEMENT,2,,,,,500,0,Posted
04-09-2024,01.12102.000.0000.000.3706008.00000.000,eHIS,HIS_SETTLEMENT,NSK-OCS-468518 HIS_SETTLEMENT 3358005YT7JQCWYLTG43,500167169,Journal Import 2591614:,//SETTLEMENT,2,,,,,500,0,Posted
04-09-2024,01.12102.000.0000.000.3706008.00000.000,eHIS,HIS_SETTLEMENT,NSK-OCS-468519 HIS_SETTLEMENT 3358005YT7JQCWYLTG43,500167170,Journal Import 2591614:,//SETTLEMENT,2,,,,,500,0,Posted
04-09-2024,01.12102.000.0000.000.3706008.00000.000,eHIS,HIS_SETTLEMENT,NSK-OCS-468520 HIS_SETTLEMENT 3358005YT7JQCWYLTG43,500167468,Journal Import 2591614:,//SETTLEMENT,2,,,,,800,0,Posted
04-09-2024,01.12102.000.0000.000.3706008.00000.000,eHIS,HIS_SETTLEMENT,NSK-OCS-468521 HIS_SETTLEMENT 3358005YT7JQCWYLTG43,500167308,Journal Import 2591614:,//SETTLEMENT,2,,,,,450,0,Posted
04-09-2024,01.12102.000.0000.000.3706008.00000.000,eHIS,HIS_SETTLEMENT,NSK-OCS-468522 HIS_SETTLEMENT 3358005YT7JQCWYLTG43,500167152,Journal Import 2591614:,//SETTLEMENT,2,,,,,750,0,Posted
04-09-2024,01.12102.000.0000.000.3706008.00000.000,eHIS,HIS_SETTLEMENT,NSK-OCS-468523 HIS_SETTLEMENT 3358005YT7JQCWYLTG43,500167202,Journal Import 2591614:,//SETTLEMENT,2,,,,,1000,0,Posted
04-09-2024,01.12102.000.0000.000.3706008.00000.000,eHIS,HIS_SETTLEMENT,NSK-OCS-468524 HIS_SETTLEMENT 3358005YT7JQCWYLTG43,500167180,Journal Import 2591614:,//SETTLEMENT,2,,,,,2800,0,Posted
04-09-2024,01.12102.000.0000.000.3706008.00000.000,eHIS,HIS_SETTLEMENT,NSK-OCS-468525 HIS_SETTLEMENT 3358005YT7JQCWYLTG43,500167171,Journal Import 2591614:,//SETTLEMENT,2,,,,,500,0,Posted
04-09-2024,01.12102.000.0000.000.3706008.00000.000,eHIS,HIS_SETTLEMENT,NSK-OCS-468526 HIS_SETTLEMENT 3358005YT7JQCWYLTG43,500167032,Journal Import 2591614:,//SETTLEMENT,2,,,,,1200,0,Posted
04-09-2024,01.12102.000.0000.000.3706008.00000.000,eHIS,HIS_SETTLEMENT,NSK-OCS-468527 HIS_SETTLEMENT 3358005YT7JQCWYLTG43,500167153,Journal Import 2591614:,//SETTLEMENT,2,,,,,750,0,Posted
04-09-2024,01.12102.000.0000.000.3706008.00000.000,eHIS,HIS_SETTLEMENT,NSK-OCS-468528 HIS_SETTLEMENT 3358005YT7JQCWYLTG43,500167320,Journal Import 2591614:,//SETTLEMENT,2,,,,,1900,0,Posted
04-09-2024,01.12102.000.0000.000.3706008.00000.000,eHIS,HIS_SETTLEMENT,NSK-OCS-468529 HIS_SETTLEMENT 3358005YT7JQCWYLTG43,500167412,Journal Import 2591614:,//SETTLEMENT,2,,,,,250,0,Posted
04-09-2024,01.12102.000.0000.000.3706008.00000.000,eHIS,HIS_SETTLEMENT,NSK-OCS-468530 HIS_SETTLEMENT 3358005YT7JQCWYLTG43,500167472,Journal Import 2591614:,//SETTLEMENT,2,,,,,9500,0,Posted
04-09-2024,01.12102.000.0000.000.3706008.00000.000,eHIS,HIS_SETTLEMENT,NSK-OCS-468531 HIS_SETTLEMENT 3358005YT7JQCWYLTG43,500167374,Journal Import 2591614:,//SETTLEMENT,2,,,,,800,0,Posted
04-09-2024,01.12102.000.0000.000.3706008.00000.000,eHIS,HIS_SETTLEMENT,NSK-OCS-468532 HIS_SETTLEMENT 3358005YT7JQCWYLTG43,500167414,Journal Import 2591614:,//SETTLEMENT,2,,,,,1450,0,Posted
04-09-2024,01.12102.000.0000.000.3706008.00000.000,eHIS,HIS_SETTLEMENT,NSK-OCS-468533 HIS_SETTLEMENT 3358005YT7JQCWYLTG43,500167115,Journal Import 2591614:,//SETTLEMENT,2,,,,,4100,0,Posted
04-09-2024,01.12102.000.0000.000.3706008.00000.000,eHIS,HIS_SETTLEMENT,NSK-OCS-468534 HIS_SETTLEMENT 3358005YT7JQCWYLTG43,500167375,Journal Import 2591614:,//SETTLEMENT,2,,,,,800,0,Posted
04-09-2024,01.12102.000.0000.000.3706008.00000.000,eHIS,HIS_SETTLEMENT,NSK-OCS-468535 HIS_SETTLEMENT 3358005YT7JQCWYLTG43,500167133,Journal Import 2591614:,//SETTLEMENT,2,,,,,4980,0,Posted
04-09-2024,01.12102.000.0000.000.3706008.00000.000,eHIS,HIS_SETTLEMENT,NSK-OCS-468536 HIS_SETTLEMENT 3358005YT7JQCWYLTG43,500167172,Journal Import 2591614:,//SETTLEMENT,2,,,,,500,0,Posted
04-09-2024,01.12102.000.0000.000.3706008.00000.000,eHIS,HIS_SETTLEMENT,NSK-OCS-468537 HIS_SETTLEMENT 3358005YT7JQCWYLTG43,500167413,Journal Import 2591614:,//SETTLEMENT,2,,,,,250,0,Posted
04-09-2024,01.12102.000.0000.000.3706008.00000.000,eHIS,HIS_SETTLEMENT,NSK-OCS-468538 HIS_SETTLEMENT 3358005YT7JQCWYLTG43,500167309,Journal Import 2591614:,//SETTLEMENT,2,,,,,450,0,Posted
04-09-2024,01.12102.000.0000.000.3706008.00000.000,eHIS,HIS_SETTLEMENT,NSK-OCS-468539 HIS_SETTLEMENT 3358005YT7JQCWYLTG43,500167059,Journal Import 2591614:,//SETTLEMENT,2,,,,,1300,0,Posted
04-09-2024,01.12102.000.0000.000.3706008.00000.000,eHIS,HIS_SETTLEMENT,NSK-OCS-468540 HIS_SETTLEMENT 3358005YT7JQCWYLTG43,500167376,Journal Import 2591614:,//SETTLEMENT,2,,,,,800,0,Posted
04-09-2024,01.12102.000.0000.000.3706008.00000.000,eHIS,HIS_SETTLEMENT,NSK-OCS-468541 HIS_SETTLEMENT 3358005YT7JQCWYLTG43,500167203,Journal Import 2591614:,//SETTLEMENT,2,,,,,1000,0,Posted
04-09-2024,01.12102.000.0000.000.3706008.00000.000,eHIS,HIS_SETTLEMENT,NSK-OCS-468542 HIS_SETTLEMENT 3358005YT7JQCWYLTG43,500167255,Journal Import 2591614:,//SETTLEMENT,2,,,,,900,0,Posted
04-09-2024,01.12102.000.0000.000.3706008.00000.000,eHIS,HIS_SETTLEMENT,NSK-OCS-468543 HIS_SETTLEMENT 3358005YT7JQCWYLTG43,500167131,Journal Import 2591614:,//SETTLEMENT,2,,,,,199,0,Posted
04-09-2024,01.12102.000.0000.000.3706008.00000.000,eHIS,HIS_SETTLEMENT,NSK-OCS-468544 HIS_SETTLEMENT 3358005YT7JQCWYLTG43,500167321,Journal Import 2591614:,//SETTLEMENT,2,,,,,1900,0,Posted
04-09-2024,01.12102.000.0000.000.3706008.00000.000,eHIS,HIS_SETTLEMENT,NSK-OCS-468545 HIS_SETTLEMENT 3358005YT7JQCWYLTG43,500167377,Journal Import 2591614:,//SETTLEMENT,2,,,,,800,0,Posted
04-09-2024,01.12102.000.0000.000.3706008.00000.000,eHIS,HIS_SETTLEMENT,NSK-OCS-468546 HIS_SETTLEMENT 3358005YT7JQCWYLTG43,500167173,Journal Import 2591614:,//SETTLEMENT,2,,,,,500,0,Posted
04-09-2024,01.12102.000.0000.000.3706008.00000.000,eHIS,HIS_SETTLEMENT,NSK-OCS-468547 HIS_SETTLEMENT 3358005YT7JQCWYLTG43,500167150,Journal Import 2591614:,//SETTLEMENT,2,,,,,200,0,Posted
04-09-2024,01.12102.000.0000.000.3706008.00000.000,eHIS,HIS_SETTLEMENT,NSK-OCS-468548 HIS_SETTLEMENT 3358005YT7JQCWYLTG43,500167378,Journal Import 2591614:,//SETTLEMENT,2,,,,,800,0,Posted
04-09-2024,01.12102.000.0000.000.3706008.00000.000,eHIS,HIS_SETTLEMENT,NSK-OCS-468549 HIS_SETTLEMENT 3358005YT7JQCWYLTG43,500167379,Journal Import 2591614:,//SETTLEMENT,2,,,,,800,0,Posted
04-09-2024,01.12102.000.0000.000.3706008.00000.000,eHIS,HIS_SETTLEMENT,NSK-OCS-468550 HIS_SETTLEMENT 3358005YT7JQCWYLTG43,500167033,Journal Import 2591614:,//SETTLEMENT,2,,,,,1200,0,Posted
04-09-2024,01.12102.000.0000.000.3706008.00000.000,eHIS,HIS_SETTLEMENT,NSK-OCS-468551 HIS_SETTLEMENT 3358005YT7JQCWYLTG43,500167256,Journal Import 2591614:,//SETTLEMENT,2,,,,,900,0,Posted
04-09-2024,01.12102.000.0000.000.3706008.00000.000,eHIS,HIS_SETTLEMENT,NSK-OCS-468552 HIS_SETTLEMENT 3358005YT7JQCWYLTG43,500167208,Journal Import 2591614:,//SETTLEMENT,2,,,,,3400,0,Posted
04-09-2024,01.12102.000.0000.000.3706008.00000.000,eHIS,HIS_SETTLEMENT,NSK-OCS-468553 HIS_SETTLEMENT 3358005YT7JQCWYLTG43,500167380,Journal Import 2591614:,//SETTLEMENT,2,,,,,800,0,Posted
04-09-2024,01.12102.000.0000.000.3706008.00000.000,eHIS,HIS_SETTLEMENT,NSK-OCS-468554 HIS_SETTLEMENT 3358005YT7JQCWYLTG43,500167381,Journal Import 2591614:,//SETTLEMENT,2,,,,,800,0,Posted
04-09-2024,01.12102.000.0000.000.3706008.00000.000,eHIS,HIS_SETTLEMENT,NSK-OCS-468555 HIS_SETTLEMENT 3358005YT7JQCWYLTG43,500167257,Journal Import 2591614:,//SETTLEMENT,2,,,,,900,0,Posted
04-09-2024,01.12102.000.0000.000.3706008.00000.000,eHIS,HIS_SETTLEMENT,NSK-OCS-468556 HIS_SETTLEMENT 3358005YT7JQCWYLTG43,500167034,Journal Import 2591614:,//SETTLEMENT,2,,,,,1200,0,Posted
04-09-2024,01.12102.000.0000.000.3706008.00000.000,eHIS,HIS_SETTLEMENT,NSK-OCS-468557 HIS_SETTLEMENT 3358005YT7JQCWYLTG43,500167455,Journal Import 2591614:,//SETTLEMENT,2,,,,,300,0,Posted
04-09-2024,01.12102.000.0000.000.3706008.00000.000,eHIS,HIS_SETTLEMENT,NSK-OCS-468558 HIS_SETTLEMENT 3358005YT7JQCWYLTG43,500167382,Journal Import 2591614:,//SETTLEMENT,2,,,,,800,0,Posted
04-09-2024,01.12102.000.0000.000.3706008.00000.000,eHIS,HIS_SETTLEMENT,NSK-OCS-468559 HIS_SETTLEMENT 3358005YT7JQCWYLTG43,500167174,Journal Import 2591614:,//SETTLEMENT,2,,,,,500,0,Posted
04-09-2024,01.12102.000.0000.000.3706008.00000.000,eHIS,HIS_SETTLEMENT,NSK-OCS-468560 HIS_SETTLEMENT 3358005YT7JQCWYLTG43,500167095,Journal Import 2591614:,//SETTLEMENT,3,,,,,100,0,Posted
04-09-2024,01.12102.000.0000.000.3706008.00000.000,eHIS,HIS_SETTLEMENT,NSK-OCS-468560 HIS_SETTLEMENT 3358005YT7JQCWYLTG43,500167095,Journal Import 2591614:,//SETTLEMENT,4,,,,,1000,0,Posted
04-09-2024,01.12102.000.0000.000.3706008.00000.000,eHIS,HIS_SETTLEMENT,NSK-OCS-468561 HIS_SETTLEMENT 3358005YT7JQCWYLTG43,500167175,Journal Import 2591614:,//SETTLEMENT,2,,,,,500,0,Posted
04-09-2024,01.12102.000.0000.000.3706008.00000.000,eHIS,HIS_SETTLEMENT,NSK-OCS-468562 HIS_SETTLEMENT 3358005YT7JQCWYLTG43,500167204,Journal Import 2591614:,//SETTLEMENT,2,,,,,1000,0,Posted
04-09-2024,01.12102.000.0000.000.3706008.00000.000,eHIS,HIS_SETTLEMENT,NSK-OCS-468563 HIS_SETTLEMENT 3358005YT7JQCWYLTG43,500167469,Journal Import 2591614:,//SETTLEMENT,2,,,,,1628,0,Posted
05-09-2024,01.12102.000.0000.000.3706008.00000.000,eHIS,HIS_SETTLEMENT,NSK-OCS-468564 HIS_SETTLEMENT 3358005YT7JQCWYLTG43,500167718,Journal Import 2599930:,//SETTLEMENT,2,,,,,450,0,Posted
04-09-2024,01.12102.000.0000.000.3706008.00000.000,eHIS,HIS_SETTLEMENT,NSK-OCS-468565 HIS_SETTLEMENT 3358005YT7JQCWYLTG43,500167205,Journal Import 2591614:,//SETTLEMENT,2,,,,,1000,0,Posted
04-09-2024,01.12102.000.0000.000.3706008.00000.000,eHIS,HIS_SETTLEMENT,NSK-OCS-468566 HIS_SETTLEMENT 3358005YT7JQCWYLTG43,500167286,Journal Import 2591614:,//SETTLEMENT,2,,,,,1850,0,Posted
04-09-2024,01.12102.000.0000.000.3706008.00000.000,eHIS,HIS_SETTLEMENT,NSK-OCS-468567 HIS_SETTLEMENT 3358005YT7JQCWYLTG43,500167179,Journal Import 2591614:,//SETTLEMENT,2,,,,,2600,0,Posted
04-09-2024,01.12102.000.0000.000.3706008.00000.000,eHIS,HIS_SETTLEMENT,NSK-OCS-468568 HIS_SETTLEMENT 3358005YT7JQCWYLTG43,500167372,Journal Import 2591614:,//SETTLEMENT,2,,,,,350,0,Posted
04-09-2024,01.12102.000.0000.000.3706008.00000.000,eHIS,HIS_SETTLEMENT,NSK-OCS-468569 HIS_SETTLEMENT 3358005YT7JQCWYLTG43,500167610,Journal Import 2591614:,//SETTLEMENT,2,,,,,299,0,Posted
04-09-2024,01.12102.000.0000.000.3706008.00000.000,eHIS,HIS_SETTLEMENT,NSK-OCS-468570 HIS_SETTLEMENT 3358005YT7JQCWYLTG43,500167383,Journal Import 2591614:,//SETTLEMENT,2,,,,,800,0,Posted
04-09-2024,01.12102.000.0000.000.3706008.00000.000,eHIS,HIS_SETTLEMENT,NSK-OCS-468571 HIS_SETTLEMENT 3358005YT7JQCWYLTG43,500167096,Journal Import 2591614:,//SETTLEMENT,2,,,,,100,0,Posted
04-09-2024,01.12102.000.0000.000.3706008.00000.000,eHIS,HIS_SETTLEMENT,NSK-OCS-468572 HIS_SETTLEMENT 3358005YT7JQCWYLTG43,500167373,Journal Import 2591614:,//SETTLEMENT,2,,,,,350,0,Posted
04-09-2024,01.12102.000.0000.000.3706008.00000.000,eHIS,HIS_SETTLEMENT,NSK-OCS-468573 HIS_SETTLEMENT 3358005YT7JQCWYLTG43,500167323,Journal Import 2591614:,//SETTLEMENT,2,,,,,2200,0,Posted
04-09-2024,01.12102.000.0000.000.3706008.00000.000,eHIS,HIS_SETTLEMENT,NSK-OCS-468574 HIS_SETTLEMENT 3358005YT7JQCWYLTG43,500167609,Journal Import 2591614:,//SETTLEMENT,3,,,,,257,0,Posted
04-09-2024,01.12102.000.0000.000.3706008.00000.000,eHIS,HIS_SETTLEMENT,NSK-OCS-468574 HIS_SETTLEMENT 3358005YT7JQCWYLTG43,500167609,Journal Import 2591614:,//SETTLEMENT,4,,,,,500,0,Posted
04-09-2024,01.12102.000.0000.000.3706008.00000.000,eHIS,HIS_SETTLEMENT,NSK-OCS-468575 HIS_SETTLEMENT 3358005YT7JQCWYLTG43,500167287,Journal Import 2591614:,//SETTLEMENT,2,,,,,1850,0,Posted
04-09-2024,01.12102.000.0000.000.3706008.00000.000,eHIS,HIS_SETTLEMENT,NSK-OCS-468576 HIS_SETTLEMENT 3358005YT7JQCWYLTG43,500167349,Journal Import 2591614:,//SETTLEMENT,2,,,,,10600,0,Posted
04-09-2024,01.12102.000.0000.000.3706008.00000.000,eHIS,HIS_SETTLEMENT,NSK-OCS-468577 HIS_SETTLEMENT 3358005YT7JQCWYLTG43,500167471,Journal Import 2591614:,//SETTLEMENT,2,,,,,1700,0,Posted
04-09-2024,01.12102.000.0000.000.3706008.00000.000,eHIS,HIS_SETTLEMENT,NSK-OCS-468578 HIS_SETTLEMENT 3358005YT7JQCWYLTG43,500167100,Journal Import 2591614:,//SETTLEMENT,2,,,,,1000,0,Posted
04-09-2024,01.12102.000.0000.000.3706008.00000.000,eHIS,HIS_SETTLEMENT,NSK-OCS-468579 HIS_SETTLEMENT 3358005YT7JQCWYLTG43,500167097,Journal Import 2591614:,//SETTLEMENT,2,,,,,100,0,Posted
04-09-2024,01.12102.000.0000.000.3706008.00000.000,eHIS,HIS_SETTLEMENT,NSK-OCS-468580 HIS_SETTLEMENT 3358005YT7JQCWYLTG43,500167166,Journal Import 2591614:,//SETTLEMENT,2,,,,,74,0,Posted
04-09-2024,01.12102.000.0000.000.3706008.00000.000,eHIS,HIS_SETTLEMENT,NSK-OCS-468581 HIS_SETTLEMENT 3358005YT7JQCWYLTG43,500167384,Journal Import 2591614:,//SETTLEMENT,2,,,,,800,0,Posted
04-09-2024,01.12102.000.0000.000.3706008.00000.000,eHIS,HIS_SETTLEMENT,NSK-OCS-468582 HIS_SETTLEMENT 3358005YT7JQCWYLTG43,500167288,Journal Import 2591614:,//SETTLEMENT,2,,,,,1850,0,Posted
05-09-2024,01.12102.000.0000.000.3706008.00000.000,eHIS,HIS_SETTLEMENT,NSK-OCS-468583 HIS_SETTLEMENT 3358005YT7JQCWYLTG43,500167708,Journal Import 2591614:,//SETTLEMENT,2,,,,,750,0,Posted
05-09-2024,01.12102.000.0000.000.3706008.00000.000,eHIS,HIS_SETTLEMENT,NSK-OCS-468584 HIS_SETTLEMENT 3358005YT7JQCWYLTG43,500167679,Journal Import 2591614:,//SETTLEMENT,2,,,,,200,0,Posted
05-09-2024,01.12102.000.0000.000.3706008.00000.000,eHIS,HIS_SETTLEMENT,NSK-OCS-468585 HIS_SETTLEMENT 3358005YT7JQCWYLTG43,500167841,Journal Import 2591614:,//SETTLEMENT,2,,,,,100,0,Posted
05-09-2024,01.12102.000.0000.000.3706008.00000.000,eHIS,HIS_SETTLEMENT,NSK-OCS-468586 HIS_SETTLEMENT 3358005YT7JQCWYLTG43,500167904,Journal Import 2591614:,//SETTLEMENT,2,,,,,500,0,Posted
05-09-2024,01.12102.000.0000.000.3706008.00000.000,eHIS,HIS_SETTLEMENT,NSK-OCS-468587 HIS_SETTLEMENT 3358005YT7JQCWYLTG43,500167905,Journal Import 2591614:,//SETTLEMENT,2,,,,,500,0,Posted
05-09-2024,01.12102.000.0000.000.3706008.00000.000,eHIS,HIS_SETTLEMENT,NSK-OCS-468588 HIS_SETTLEMENT 3358005YT7JQCWYLTG43,500167906,Journal Import 2591614:,//SETTLEMENT,2,,,,,500,0,Posted
05-09-2024,01.12102.000.0000.000.3706008.00000.000,eHIS,HIS_SETTLEMENT,NSK-OCS-468589 HIS_SETTLEMENT 3358005YT7JQCWYLTG43,500167907,Journal Import 2591614:,//SETTLEMENT,2,,,,,500,0,Posted
05-09-2024,01.12102.000.0000.000.3706008.00000.000,eHIS,HIS_SETTLEMENT,NSK-OCS-468590 HIS_SETTLEMENT 3358005YT7JQCWYLTG43,500167908,Journal Import 2591614:,//SETTLEMENT,2,,,,,500,0,Posted
05-09-2024,01.12102.000.0000.000.3706008.00000.000,eHIS,HIS_SETTLEMENT,NSK-OCS-468591 HIS_SETTLEMENT 3358005YT7JQCWYLTG43,500167842,Journal Import 2591614:,//SETTLEMENT,2,,,,,100,0,Posted
05-09-2024,01.12102.000.0000.000.3706008.00000.000,eHIS,HIS_SETTLEMENT,NSK-OCS-468592 HIS_SETTLEMENT 3358005YT7JQCWYLTG43,500167843,Journal Import 2591614:,//SETTLEMENT,2,,,,,100,0,Posted
05-09-2024,01.12102.000.0000.000.3706008.00000.000,eHIS,HIS_SETTLEMENT,NSK-OCS-468593 HIS_SETTLEMENT 3358005YT7JQCWYLTG43,500167844,Journal Import 2591614:,//SETTLEMENT,2,,,,,100,0,Posted
05-09-2024,01.12102.000.0000.000.3706008.00000.000,eHIS,HIS_SETTLEMENT,NSK-OCS-468594 HIS_SETTLEMENT 3358005YT7JQCWYLTG43,500167719,Journal Import 2599930:,//SETTLEMENT,2,,,,,450,0,Posted
05-09-2024,01.12102.000.0000.000.3706008.00000.000,eHIS,HIS_SETTLEMENT,NSK-OCS-468595 HIS_SETTLEMENT 3358005YT7JQCWYLTG43,500167680,Journal Import 2591614:,//SETTLEMENT,2,,,,,200,0,Posted
05-09-2024,01.12102.000.0000.000.3706008.00000.000,eHIS,HIS_SETTLEMENT,NSK-OCS-468596 HIS_SETTLEMENT 3358005YT7JQCWYLTG43,500168038,Journal Import 2591614:,//SETTLEMENT,2,,,,,1850,0,Posted
05-09-2024,01.12102.000.0000.000.3706008.00000.000,eHIS,HIS_SETTLEMENT,NSK-OCS-468597 HIS_SETTLEMENT 3358005YT7JQCWYLTG43,500167734,Journal Import 2591614:,//SETTLEMENT,2,,,,,3500,0,Posted
05-09-2024,01.12102.000.0000.000.3706008.00000.000,eHIS,HIS_SETTLEMENT,NSK-OCS-468598 HIS_SETTLEMENT 3358005YT7JQCWYLTG43,500167918,Journal Import 2591614:,//SETTLEMENT,2,,,,,999,0,Posted
05-09-2024,01.12102.000.0000.000.3706008.00000.000,eHIS,HIS_SETTLEMENT,NSK-OCS-468599 HIS_SETTLEMENT 3358005YT7JQCWYLTG43,500167735,Journal Import 2591614:,//SETTLEMENT,2,,,,,3500,0,Posted
05-09-2024,01.12102.000.0000.000.3706008.00000.000,eHIS,HIS_SETTLEMENT,NSK-OCS-468600 HIS_SETTLEMENT 3358005YT7JQCWYLTG43,500167762,Journal Import 2591614:,//SETTLEMENT,2,,,,,4122,0,Posted
05-09-2024,01.12102.000.0000.000.3706008.00000.000,eHIS,HIS_SETTLEMENT,NSK-OCS-468601 HIS_SETTLEMENT 3358005YT7JQCWYLTG43,500167994,Journal Import 2591614:,//SETTLEMENT,2,,,,,13000,0,Posted
05-09-2024,01.12102.000.0000.000.3706008.00000.000,eHIS,HIS_SETTLEMENT,NSK-OCS-468602 HIS_SETTLEMENT 3358005YT7JQCWYLTG43,500167986,Journal Import 2591614:,//SETTLEMENT,2,,,,,800,0,Posted
05-09-2024,01.12102.000.0000.000.3706008.00000.000,eHIS,HIS_SETTLEMENT,NSK-OCS-468603 HIS_SETTLEMENT 3358005YT7JQCWYLTG43,500167758,Journal Import 2591614:,//SETTLEMENT,2,,,,,1100,0,Posted
05-09-2024,01.12102.000.0000.000.3706008.00000.000,eHIS,HIS_SETTLEMENT,NSK-OCS-468604 HIS_SETTLEMENT 3358005YT7JQCWYLTG43,500167909,Journal Import 2591614:,//SETTLEMENT,2,,,,,500,0,Posted
05-09-2024,01.12102.000.0000.000.3706008.00000.000,eHIS,HIS_SETTLEMENT,NSK-OCS-468605 HIS_SETTLEMENT 3358005YT7JQCWYLTG43,500167867,Journal Import 2591614:,//SETTLEMENT,2,,,,,900,0,Posted
05-09-2024,01.12102.000.0000.000.3706008.00000.000,eHIS,HIS_SETTLEMENT,NSK-OCS-468606 HIS_SETTLEMENT 3358005YT7JQCWYLTG43,500168058,Journal Import 2591614:,//SETTLEMENT,2,,,,,1480,0,Posted
05-09-2024,01.12102.000.0000.000.3706008.00000.000,eHIS,HIS_SETTLEMENT,NSK-OCS-468607 HIS_SETTLEMENT 3358005YT7JQCWYLTG43,500167791,Journal Import 2591614:,//SETTLEMENT,2,,,,,5300,0,Posted
05-09-2024,01.12102.000.0000.000.3706008.00000.000,eHIS,HIS_SETTLEMENT,NSK-OCS-468608 HIS_SETTLEMENT 3358005YT7JQCWYLTG43,500167868,Journal Import 2591614:,//SETTLEMENT,2,,,,,900,0,Posted
05-09-2024,01.12102.000.0000.000.3706008.00000.000,eHIS,HIS_SETTLEMENT,NSK-OCS-468609 HIS_SETTLEMENT 3358005YT7JQCWYLTG43,500167689,Journal Import 2591614:,//SETTLEMENT,2,,,,,7050,0,Posted
05-09-2024,01.12102.000.0000.000.3706008.00000.000,eHIS,HIS_SETTLEMENT,NSK-OCS-468610 HIS_SETTLEMENT 3358005YT7JQCWYLTG43,500168039,Journal Import 2591614:,//SETTLEMENT,2,,,,,1850,0,Posted
05-09-2024,01.12102.000.0000.000.3706008.00000.000,eHIS,HIS_SETTLEMENT,NSK-OCS-468611 HIS_SETTLEMENT 3358005YT7JQCWYLTG43,500167845,Journal Import 2591614:,//SETTLEMENT,2,,,,,100,0,Posted
05-09-2024,01.12102.000.0000.000.3706008.00000.000,eHIS,HIS_SETTLEMENT,NSK-OCS-468612 HIS_SETTLEMENT 3358005YT7JQCWYLTG43,500167987,Journal Import 2591614:,//SETTLEMENT,2,,,,,800,0,Posted
05-09-2024,01.12102.000.0000.000.3706008.00000.000,eHIS,HIS_SETTLEMENT,NSK-OCS-468613 HIS_SETTLEMENT 3358005YT7JQCWYLTG43,500168040,Journal Import 2591614:,//SETTLEMENT,2,,,,,1850,0,Posted
05-09-2024,01.12102.000.0000.000.3706008.00000.000,eHIS,HIS_SETTLEMENT,NSK-OCS-468614 HIS_SETTLEMENT 3358005YT7JQCWYLTG43,500168059,Journal Import 2591614:,//SETTLEMENT,2,,,,,1503,0,Posted
05-09-2024,01.12102.000.0000.000.3706008.00000.000,eHIS,HIS_SETTLEMENT,NSK-OCS-468615 HIS_SETTLEMENT 3358005YT7JQCWYLTG43,500167705,Journal Import 2591614:,//SETTLEMENT,2,,,,,200,0,Posted
05-09-2024,01.12102.000.0000.000.3706008.00000.000,eHIS,HIS_SETTLEMENT,NSK-OCS-468616 HIS_SETTLEMENT 3358005YT7JQCWYLTG43,500167846,Journal Import 2591614:,//SETTLEMENT,2,,,,,100,0,Posted
05-09-2024,01.12102.000.0000.000.3706008.00000.000,eHIS,HIS_SETTLEMENT,NSK-OCS-468617 HIS_SETTLEMENT 3358005YT7JQCWYLTG43,500167755,Journal Import 2591614:,//SETTLEMENT,2,,,,,650,0,Posted
05-09-2024,01.12102.000.0000.000.3706008.00000.000,eHIS,HIS_SETTLEMENT,NSK-OCS-468618 HIS_SETTLEMENT 3358005YT7JQCWYLTG43,500167910,Journal Import 2591614:,//SETTLEMENT,2,,,,,500,0,Posted
05-09-2024,01.12102.000.0000.000.3706008.00000.000,eHIS,HIS_SETTLEMENT,NSK-OCS-468619 HIS_SETTLEMENT 3358005YT7JQCWYLTG43,500167869,Journal Import 2591614:,//SETTLEMENT,2,,,,,900,0,Posted
05-09-2024,01.12102.000.0000.000.3706008.00000.000,eHIS,HIS_SETTLEMENT,NSK-OCS-468620 HIS_SETTLEMENT 3358005YT7JQCWYLTG43,500167919,Journal Import 2591614:,//SETTLEMENT,2,,,,,2600,0,Posted
05-09-2024,01.12102.000.0000.000.3706008.00000.000,eHIS,HIS_SETTLEMENT,NSK-OCS-468621 HIS_SETTLEMENT 3358005YT7JQCWYLTG43,500167988,Journal Import 2591614:,//SETTLEMENT,2,,,,,800,0,Posted
05-09-2024,01.12102.000.0000.000.3706008.00000.000,eHIS,HIS_SETTLEMENT,NSK-OCS-468622 HIS_SETTLEMENT 3358005YT7JQCWYLTG43,500167911,Journal Import 2591614:,//SETTLEMENT,2,,,,,500,0,Posted
05-09-2024,01.12102.000.0000.000.3706008.00000.000,eHIS,HIS_SETTLEMENT,NSK-OCS-468623 HIS_SETTLEMENT 3358005YT7JQCWYLTG43,500167989,Journal Import 2591614:,//SETTLEMENT,2,,,,,800,0,Posted
05-09-2024,01.12102.000.0000.000.3706008.00000.000,eHIS,HIS_SETTLEMENT,NSK-OCS-468624 HIS_SETTLEMENT 3358005YT7JQCWYLTG43,500168041,Journal Import 2591614:,//SETTLEMENT,2,,,,,1850,0,Posted
05-09-2024,01.12102.000.0000.000.3706008.00000.000,eHIS,HIS_SETTLEMENT,NSK-OCS-468625 HIS_SETTLEMENT 3358005YT7JQCWYLTG43,500167990,Journal Import 2591614:,//SETTLEMENT,2,,,,,800,0,Posted
05-09-2024,01.12102.000.0000.000.3706008.00000.000,eHIS,HIS_SETTLEMENT,NSK-OCS-468626 HIS_SETTLEMENT 3358005YT7JQCWYLTG43,500167759,Journal Import 2591614:,//SETTLEMENT,2,,,,,1100,0,Posted
05-09-2024,01.12102.000.0000.000.3706008.00000.000,eHIS,HIS_SETTLEMENT,NSK-OCS-468627 HIS_SETTLEMENT 3358005YT7JQCWYLTG43,500167991,Journal Import 2591614:,//SETTLEMENT,2,,,,,800,0,Posted
05-09-2024,01.12102.000.0000.000.3706008.00000.000,eHIS,HIS_SETTLEMENT,NSK-OCS-468628 HIS_SETTLEMENT 3358005YT7JQCWYLTG43,500167992,Journal Import 2591614:,//SETTLEMENT,2,,,,,800,0,Posted
05-09-2024,01.12102.000.0000.000.3706008.00000.000,eHIS,HIS_SETTLEMENT,NSK-OCS-468629 HIS_SETTLEMENT 3358005YT7JQCWYLTG43,500167763,Journal Import 2591614:,//SETTLEMENT,2,,,,,4150,0,Posted
05-09-2024,01.12102.000.0000.000.3706008.00000.000,eHIS,HIS_SETTLEMENT,NSK-OCS-468630 HIS_SETTLEMENT 3358005YT7JQCWYLTG43,500167852,Journal Import 2591614:,//SETTLEMENT,2,,,,,1000,0,Posted
05-09-2024,01.12102.000.0000.000.3706008.00000.000,eHIS,HIS_SETTLEMENT,NSK-OCS-468631 HIS_SETTLEMENT 3358005YT7JQCWYLTG43,500167870,Journal Import 2591614:,//SETTLEMENT,2,,,,,900,0,Posted
05-09-2024,01.12102.000.0000.000.3706008.00000.000,eHIS,HIS_SETTLEMENT,NSK-OCS-468632 HIS_SETTLEMENT 3358005YT7JQCWYLTG43,500167782,Journal Import 2591614:,//SETTLEMENT,2,,,,,700,0,Posted
05-09-2024,01.12102.000.0000.000.3706008.00000.000,eHIS,HIS_SETTLEMENT,NSK-OCS-468633 HIS_SETTLEMENT 3358005YT7JQCWYLTG43,500168057,Journal Import 2591614:,//SETTLEMENT,2,,,,,1450,0,Posted
05-09-2024,01.12102.000.0000.000.3706008.00000.000,eHIS,HIS_SETTLEMENT,NSK-OCS-468634 HIS_SETTLEMENT 3358005YT7JQCWYLTG43,500168055,Journal Import 2591614:,//SETTLEMENT,2,,,,,250,0,Posted
05-09-2024,01.12102.000.0000.000.3706008.00000.000,eHIS,HIS_SETTLEMENT,NSK-OCS-468635 HIS_SETTLEMENT 3358005YT7JQCWYLTG43,500167709,Journal Import 2591614:,//SETTLEMENT,2,,,,,750,0,Posted
05-09-2024,01.12102.000.0000.000.3706008.00000.000,eHIS,HIS_SETTLEMENT,NSK-OCS-468636 HIS_SETTLEMENT 3358005YT7JQCWYLTG43,500167965,Journal Import 2591614:,//SETTLEMENT,2,,,,,2100,0,Posted
05-09-2024,01.12102.000.0000.000.3706008.00000.000,eHIS,HIS_SETTLEMENT,NSK-OCS-468637 HIS_SETTLEMENT 3358005YT7JQCWYLTG43,500167760,Journal Import 2591614:,//SETTLEMENT,2,,,,,1100,0,Posted
05-09-2024,01.12102.000.0000.000.3706008.00000.000,eHIS,HIS_SETTLEMENT,NSK-OCS-468638 HIS_SETTLEMENT 3358005YT7JQCWYLTG43,500167871,Journal Import 2591614:,//SETTLEMENT,2,,,,,900,0,Posted
05-09-2024,01.12102.000.0000.000.3706008.00000.000,eHIS,HIS_SETTLEMENT,NSK-OCS-468640 HIS_SETTLEMENT 3358005YT7JQCWYLTG43,500167847,Journal Import 2591614:,//SETTLEMENT,2,,,,,100,0,Posted
05-09-2024,01.12102.000.0000.000.3706008.00000.000,eHIS,HIS_SETTLEMENT,NSK-OCS-468641 HIS_SETTLEMENT 3358005YT7JQCWYLTG43,500167912,Journal Import 2591614:,//SETTLEMENT,2,,,,,500,0,Posted
05-09-2024,01.12102.000.0000.000.3706008.00000.000,eHIS,HIS_SETTLEMENT,NSK-OCS-468642 HIS_SETTLEMENT 3358005YT7JQCWYLTG43,500168056,Journal Import 2591614:,//SETTLEMENT,2,,,,,250,0,Posted
05-09-2024,01.12102.000.0000.000.3706008.00000.000,eHIS,HIS_SETTLEMENT,NSK-OCS-468643 HIS_SETTLEMENT 3358005YT7JQCWYLTG43,500168112,Journal Import 2591614:,//SETTLEMENT,2,,,,,375,0,Posted
05-09-2024,01.12102.000.0000.000.3706008.00000.000,eHIS,HIS_SETTLEMENT,NSK-OCS-468644 HIS_SETTLEMENT 3358005YT7JQCWYLTG43,500167993,Journal Import 2591614:,//SETTLEMENT,2,,,,,800,0,Posted
05-09-2024,01.12102.000.0000.000.3706008.00000.000,eHIS,HIS_SETTLEMENT,NSK-OCS-468645 HIS_SETTLEMENT 3358005YT7JQCWYLTG43,500168109,Journal Import 2591614:,//SETTLEMENT,2,,,,,325,0,Posted
05-09-2024,01.12102.000.0000.000.3706008.00000.000,eHIS,HIS_SETTLEMENT,NSK-OCS-468646 HIS_SETTLEMENT 3358005YT7JQCWYLTG43,500168025,Journal Import 2591614:,//SETTLEMENT,2,,,,,800,0,Posted
05-09-2024,01.12102.000.0000.000.3706008.00000.000,eHIS,HIS_SETTLEMENT,NSK-OCS-468647 HIS_SETTLEMENT 3358005YT7JQCWYLTG43,500168026,Journal Import 2591614:,//SETTLEMENT,2,,,,,800,0,Posted
05-09-2024,01.12102.000.0000.000.3706008.00000.000,eHIS,HIS_SETTLEMENT,NSK-OCS-468648 HIS_SETTLEMENT 3358005YT7JQCWYLTG43,500167902,Journal Import 2591614:,//SETTLEMENT,2,,,,,74,0,Posted
05-09-2024,01.12102.000.0000.000.3706008.00000.000,eHIS,HIS_SETTLEMENT,NSK-OCS-468649 HIS_SETTLEMENT 3358005YT7JQCWYLTG43,500167712,Journal Import 2591614:,//SETTLEMENT,2,,,,,1300,0,Posted
05-09-2024,01.12102.000.0000.000.3706008.00000.000,eHIS,HIS_SETTLEMENT,NSK-OCS-468650 HIS_SETTLEMENT 3358005YT7JQCWYLTG43,500168042,Journal Import 2591614:,//SETTLEMENT,2,,,,,1850,0,Posted
05-09-2024,01.12102.000.0000.000.3706008.00000.000,eHIS,HIS_SETTLEMENT,NSK-OCS-468651 HIS_SETTLEMENT 3358005YT7JQCWYLTG43,500167872,Journal Import 2591614:,//SETTLEMENT,2,,,,,900,0,Posted
05-09-2024,01.12102.000.0000.000.3706008.00000.000,eHIS,HIS_SETTLEMENT,NSK-OCS-468652 HIS_SETTLEMENT 3358005YT7JQCWYLTG43,500167736,Journal Import 2591614:,//SETTLEMENT,2,,,,,3500,0,Posted
05-09-2024,01.12102.000.0000.000.3706008.00000.000,eHIS,HIS_SETTLEMENT,NSK-OCS-468653 HIS_SETTLEMENT 3358005YT7JQCWYLTG43,500167874,Journal Import 2591614:,//SETTLEMENT,2,,,,,2300,0,Posted
05-09-2024,01.12102.000.0000.000.3706008.00000.000,eHIS,HIS_SETTLEMENT,NSK-OCS-468654 HIS_SETTLEMENT 3358005YT7JQCWYLTG43,500168108,Journal Import 2591614:,//SETTLEMENT,2,,,,,308,0,Posted
05-09-2024,01.12102.000.0000.000.3706008.00000.000,eHIS,HIS_SETTLEMENT,NSK-OCS-468655 HIS_SETTLEMENT 3358005YT7JQCWYLTG43,500168077,Journal Import 2591614:,//SETTLEMENT,2,,,,,1610,0,Posted
05-09-2024,01.12102.000.0000.000.3706008.00000.000,eHIS,HIS_SETTLEMENT,NSK-OCS-468656 HIS_SETTLEMENT 3358005YT7JQCWYLTG43,500168024,Journal Import 2591614:,//SETTLEMENT,2,,,,,410,0,Posted
05-09-2024,01.12102.000.0000.000.3706008.00000.000,eHIS,HIS_SETTLEMENT,NSK-OCS-468657 HIS_SETTLEMENT 3358005YT7JQCWYLTG43,500168027,Journal Import 2591614:,//SETTLEMENT,2,,,,,800,0,Posted
05-09-2024,01.12102.000.0000.000.3706008.00000.000,eHIS,HIS_SETTLEMENT,NSK-OCS-468658 HIS_SETTLEMENT 3358005YT7JQCWYLTG43,500167853,Journal Import 2591614:,//SETTLEMENT,2,,,,,1000,0,Posted
05-09-2024,01.12102.000.0000.000.3706008.00000.000,eHIS,HIS_SETTLEMENT,NSK-OCS-468659 HIS_SETTLEMENT 3358005YT7JQCWYLTG43,500167761,Journal Import 2591614:,//SETTLEMENT,2,,,,,1100,0,Posted
05-09-2024,01.12102.000.0000.000.3706008.00000.000,eHIS,HIS_SETTLEMENT,NSK-OCS-468660 HIS_SETTLEMENT 3358005YT7JQCWYLTG43,500167678,Journal Import 2591614:,//SETTLEMENT,2,,,,,199,0,Posted
05-09-2024,01.12102.000.0000.000.3706008.00000.000,eHIS,HIS_SETTLEMENT,NSK-OCS-468661 HIS_SETTLEMENT 3358005YT7JQCWYLTG43,500167995,Journal Import 2591614:,//SETTLEMENT,2,,,,,14490,0,Posted
05-09-2024,01.12102.000.0000.000.3706008.00000.000,eHIS,HIS_SETTLEMENT,NSK-OCS-468662 HIS_SETTLEMENT 3358005YT7JQCWYLTG43,500167706,Journal Import 2591614:,//SETTLEMENT,2,,,,,200,0,Posted
05-09-2024,01.12102.000.0000.000.3706008.00000.000,eHIS,HIS_SETTLEMENT,NSK-OCS-468663 HIS_SETTLEMENT 3358005YT7JQCWYLTG43,500167854,Journal Import 2591614:,//SETTLEMENT,2,,,,,1000,0,Posted
05-09-2024,01.12102.000.0000.000.3706008.00000.000,eHIS,HIS_SETTLEMENT,NSK-OCS-468664 HIS_SETTLEMENT 3358005YT7JQCWYLTG43,500167756,Journal Import 2591614:,//SETTLEMENT,2,,,,,650,0,Posted
06-09-2024,01.12102.000.0000.000.3706008.00000.000,eHIS,HIS_SETTLEMENT,NSK-OCS-468665 HIS_SETTLEMENT 3358005YT7JQCWYLTG43,500168368,Journal Import 2599930:,//SETTLEMENT,2,,,,,512,0,Posted
05-09-2024,01.12102.000.0000.000.3706008.00000.000,eHIS,HIS_SETTLEMENT,NSK-OCS-468666 HIS_SETTLEMENT 3358005YT7JQCWYLTG43,500167873,Journal Import 2591614:,//SETTLEMENT,2,,,,,900,0,Posted
05-09-2024,01.12102.000.0000.000.3706008.00000.000,eHIS,HIS_SETTLEMENT,NSK-OCS-468667 HIS_SETTLEMENT 3358005YT7JQCWYLTG43,500168248,Journal Import 2591614:,//SETTLEMENT,2,,,,,299,0,Posted
05-09-2024,01.12102.000.0000.000.3706008.00000.000,eHIS,HIS_SETTLEMENT,NSK-OCS-468668 HIS_SETTLEMENT 3358005YT7JQCWYLTG43,500168249,Journal Import 2591614:,//SETTLEMENT,2,,,,,299,0,Posted
05-09-2024,01.12102.000.0000.000.3706008.00000.000,eHIS,HIS_SETTLEMENT,NSK-OCS-468669 HIS_SETTLEMENT 3358005YT7JQCWYLTG43,500167855,Journal Import 2591614:,//SETTLEMENT,2,,,,,1000,0,Posted
05-09-2024,01.12102.000.0000.000.3706008.00000.000,eHIS,HIS_SETTLEMENT,NSK-OCS-468670 HIS_SETTLEMENT 3358005YT7JQCWYLTG43,500167713,Journal Import 2591614:,//SETTLEMENT,2,,,,,1300,0,Posted
05-09-2024,01.12102.000.0000.000.3706008.00000.000,eHIS,HIS_SETTLEMENT,NSK-OCS-468671 HIS_SETTLEMENT 3358005YT7JQCWYLTG43,500168028,Journal Import 2591614:,//SETTLEMENT,2,,,,,800,0,Posted
05-09-2024,01.12102.000.0000.000.3706008.00000.000,eHIS,HIS_SETTLEMENT,NSK-OCS-468672 HIS_SETTLEMENT 3358005YT7JQCWYLTG43,500168029,Journal Import 2591614:,//SETTLEMENT,2,,,,,800,0,Posted
05-09-2024,01.12102.000.0000.000.3706008.00000.000,eHIS,HIS_SETTLEMENT,NSK-OCS-468673 HIS_SETTLEMENT 3358005YT7JQCWYLTG43,500167850,Journal Import 2591614:,//SETTLEMENT,2,,,,,600,0,Posted
05-09-2024,01.12102.000.0000.000.3706008.00000.000,eHIS,HIS_SETTLEMENT,NSK-OCS-468674 HIS_SETTLEMENT 3358005YT7JQCWYLTG43,500168023,Journal Import 2591614:,//SETTLEMENT,2,,,,,400,0,Posted
05-09-2024,01.12102.000.0000.000.3706008.00000.000,eHIS,HIS_SETTLEMENT,NSK-OCS-468675 HIS_SETTLEMENT 3358005YT7JQCWYLTG43,500168250,Journal Import 2591614:,//SETTLEMENT,2,,,,,299,0,Posted
05-09-2024,01.12102.000.0000.000.3706008.00000.000,eHIS,HIS_SETTLEMENT,NSK-OCS-468676 HIS_SETTLEMENT 3358005YT7JQCWYLTG43,500167856,Journal Import 2591614:,//SETTLEMENT,2,,,,,1000,0,Posted
05-09-2024,01.12102.000.0000.000.3706008.00000.000,eHIS,HIS_SETTLEMENT,NSK-OCS-468677 HIS_SETTLEMENT 3358005YT7JQCWYLTG43,500167687,Journal Import 2591614:,//SETTLEMENT,2,,,,,6560,0,Posted
05-09-2024,01.12102.000.0000.000.3706008.00000.000,eHIS,HIS_SETTLEMENT,NSK-OCS-468678 HIS_SETTLEMENT 3358005YT7JQCWYLTG43,500167913,Journal Import 2591614:,//SETTLEMENT,2,,,,,900,0,Posted
05-09-2024,01.12102.000.0000.000.3706008.00000.000,eHIS,HIS_SETTLEMENT,NSK-OCS-468679 HIS_SETTLEMENT 3358005YT7JQCWYLTG43,500168082,Journal Import 2591614:,//SETTLEMENT,2,,,,,10000,0,Posted
05-09-2024,01.12102.000.0000.000.3706008.00000.000,eHIS,HIS_SETTLEMENT,NSK-OCS-468680 HIS_SETTLEMENT 3358005YT7JQCWYLTG43,500167785,Journal Import 2591614:,//SETTLEMENT,2,,,,,1100,0,Posted
05-09-2024,01.12102.000.0000.000.3706008.00000.000,eHIS,HIS_SETTLEMENT,NSK-OCS-468681 HIS_SETTLEMENT 3358005YT7JQCWYLTG43,500167857,Journal Import 2591614:,//SETTLEMENT,2,,,,,1000,0,Posted
05-09-2024,01.12102.000.0000.000.3706008.00000.000,eHIS,HIS_SETTLEMENT,NSK-OCS-468682 HIS_SETTLEMENT 3358005YT7JQCWYLTG43,500167914,Journal Import 2591614:,//SETTLEMENT,2,,,,,900,0,Posted
05-09-2024,01.12102.000.0000.000.3706008.00000.000,eHIS,HIS_SETTLEMENT,NSK-OCS-468683 HIS_SETTLEMENT 3358005YT7JQCWYLTG43,500168030,Journal Import 2591614:,//SETTLEMENT,2,,,,,800,0,Posted
05-09-2024,01.12102.000.0000.000.3706008.00000.000,eHIS,HIS_SETTLEMENT,NSK-OCS-468684 HIS_SETTLEMENT 3358005YT7JQCWYLTG43,500167819,Journal Import 2591614:,//SETTLEMENT,2,,,,,3350,0,Posted
05-09-2024,01.12102.000.0000.000.3706008.00000.000,eHIS,HIS_SETTLEMENT,NSK-OCS-468685 HIS_SETTLEMENT 3358005YT7JQCWYLTG43,500168252,Journal Import 2591614:,//SETTLEMENT,2,,,,,500,0,Posted
05-09-2024,01.12102.000.0000.000.3706008.00000.000,eHIS,HIS_SETTLEMENT,NSK-OCS-468686 HIS_SETTLEMENT 3358005YT7JQCWYLTG43,500168060,Journal Import 2591614:,//SETTLEMENT,2,,,,,7350,0,Posted
05-09-2024,01.12102.000.0000.000.3706008.00000.000,eHIS,HIS_SETTLEMENT,NSK-OCS-468687 HIS_SETTLEMENT 3358005YT7JQCWYLTG43,500167944,Journal Import 2591614:,//SETTLEMENT,2,,,,,450,0,Posted
05-09-2024,01.12102.000.0000.000.3706008.00000.000,eHIS,HIS_SETTLEMENT,NSK-OCS-468688 HIS_SETTLEMENT 3358005YT7JQCWYLTG43,500168031,Journal Import 2591614:,//SETTLEMENT,2,,,,,800,0,Posted
05-09-2024,01.12102.000.0000.000.3706008.00000.000,eHIS,HIS_SETTLEMENT,NSK-OCS-468689 HIS_SETTLEMENT 3358005YT7JQCWYLTG43,500167730,Journal Import 2591614:,//SETTLEMENT,2,,,,,1000,0,Posted
05-09-2024,01.12102.000.0000.000.3706008.00000.000,eHIS,HIS_SETTLEMENT,NSK-OCS-468690 HIS_SETTLEMENT 3358005YT7JQCWYLTG43,500167848,Journal Import 2591614:,//SETTLEMENT,3,,,,,100,0,Posted
05-09-2024,01.12102.000.0000.000.3706008.00000.000,eHIS,HIS_SETTLEMENT,NSK-OCS-468690 HIS_SETTLEMENT 3358005YT7JQCWYLTG43,500167848,Journal Import 2591614:,//SETTLEMENT,4,,,,,700,0,Posted
05-09-2024,01.12102.000.0000.000.3706008.00000.000,eHIS,HIS_SETTLEMENT,NSK-OCS-468691 HIS_SETTLEMENT 3358005YT7JQCWYLTG43,500167710,Journal Import 2591614:,//SETTLEMENT,2,,,,,750,0,Posted
05-09-2024,01.12102.000.0000.000.3706008.00000.000,eHIS,HIS_SETTLEMENT,NSK-OCS-468692 HIS_SETTLEMENT 3358005YT7JQCWYLTG43,500168253,Journal Import 2591614:,//SETTLEMENT,2,,,,,500,0,Posted
05-09-2024,01.12102.000.0000.000.3706008.00000.000,eHIS,HIS_SETTLEMENT,NSK-OCS-468693 HIS_SETTLEMENT 3358005YT7JQCWYLTG43,500167915,Journal Import 2591614:,//SETTLEMENT,2,,,,,900,0,Posted
05-09-2024,01.12102.000.0000.000.3706008.00000.000,eHIS,HIS_SETTLEMENT,NSK-OCS-468694 HIS_SETTLEMENT 3358005YT7JQCWYLTG43,500168062,Journal Import 2591614:,//SETTLEMENT,2,,,,,7848,0,Posted
05-09-2024,01.12102.000.0000.000.3706008.00000.000,eHIS,HIS_SETTLEMENT,NSK-OCS-468695 HIS_SETTLEMENT 3358005YT7JQCWYLTG43,500167786,Journal Import 2591614:,//SETTLEMENT,2,,,,,1100,0,Posted
05-09-2024,01.12102.000.0000.000.3706008.00000.000,eHIS,HIS_SETTLEMENT,NSK-OCS-468696 HIS_SETTLEMENT 3358005YT7JQCWYLTG43,500167916,Journal Import 2591614:,//SETTLEMENT,2,,,,,900,0,Posted
05-09-2024,01.12102.000.0000.000.3706008.00000.000,eHIS,HIS_SETTLEMENT,NSK-OCS-468697 HIS_SETTLEMENT 3358005YT7JQCWYLTG43,500168246,Journal Import 2591614:,//SETTLEMENT,2,,,,,250,0,Posted
05-09-2024,01.12102.000.0000.000.3706008.00000.000,eHIS,HIS_SETTLEMENT,NSK-OCS-468698 HIS_SETTLEMENT 3358005YT7JQCWYLTG43,500168043,Journal Import 2591614:,//SETTLEMENT,2,,,,,1850,0,Posted
05-09-2024,01.12102.000.0000.000.3706008.00000.000,eHIS,HIS_SETTLEMENT,NSK-OCS-468699 HIS_SETTLEMENT 3358005YT7JQCWYLTG43,500168063,Journal Import 2591614:,//SETTLEMENT,2,,,,,8030,0,Posted
05-09-2024,01.12102.000.0000.000.3706008.00000.000,eHIS,HIS_SETTLEMENT,NSK-OCS-468700 HIS_SETTLEMENT 3358005YT7JQCWYLTG43,500167688,Journal Import 2591614:,//SETTLEMENT,2,,,,,6640,0,Posted
05-09-2024,01.12102.000.0000.000.3706008.00000.000,eHIS,HIS_SETTLEMENT,NSK-OCS-468701 HIS_SETTLEMENT 3358005YT7JQCWYLTG43,500167966,Journal Import 2591614:,//SETTLEMENT,2,,,,,2200,0,Posted
05-09-2024,01.12102.000.0000.000.3706008.00000.000,eHIS,HIS_SETTLEMENT,NSK-OCS-468702 HIS_SETTLEMENT 3358005YT7JQCWYLTG43,500167962,Journal Import 2591614:,//SETTLEMENT,3,,,,,880,0,Posted
05-09-2024,01.12102.000.0000.000.3706008.00000.000,eHIS,HIS_SETTLEMENT,NSK-OCS-468702 HIS_SETTLEMENT 3358005YT7JQCWYLTG43,500167962,Journal Import 2591614:,//SETTLEMENT,4,,,,,1000,0,Posted
05-09-2024,01.12102.000.0000.000.3706008.00000.000,eHIS,HIS_SETTLEMENT,NSK-OCS-468703 HIS_SETTLEMENT 3358005YT7JQCWYLTG43,500167901,Journal Import 2591614:,//SETTLEMENT,3,,,,,50,0,Posted
05-09-2024,01.12102.000.0000.000.3706008.00000.000,eHIS,HIS_SETTLEMENT,NSK-OCS-468703 HIS_SETTLEMENT 3358005YT7JQCWYLTG43,500167901,Journal Import 2591614:,//SETTLEMENT,4,,,,,2500,0,Posted
05-09-2024,01.12102.000.0000.000.3706008.00000.000,eHIS,HIS_SETTLEMENT,NSK-OCS-468704 HIS_SETTLEMENT 3358005YT7JQCWYLTG43,500167682,Journal Import 2591614:,//SETTLEMENT,2,,,,,1200,0,Posted
05-09-2024,01.12102.000.0000.000.3706008.00000.000,eHIS,HIS_SETTLEMENT,NSK-OCS-468705 HIS_SETTLEMENT 3358005YT7JQCWYLTG43,500167814,Journal Import 2591614:,//SETTLEMENT,2,,,,,500,0,Posted
05-09-2024,01.12102.000.0000.000.3706008.00000.000,eHIS,HIS_SETTLEMENT,NSK-OCS-468706 HIS_SETTLEMENT 3358005YT7JQCWYLTG43,500167815,Journal Import 2591614:,//SETTLEMENT,2,,,,,500,0,Posted
05-09-2024,01.12102.000.0000.000.3706008.00000.000,eHIS,HIS_SETTLEMENT,NSK-OCS-468707 HIS_SETTLEMENT 3358005YT7JQCWYLTG43,500167816,Journal Import 2591614:,//SETTLEMENT,2,,,,,500,0,Posted
05-09-2024,01.12102.000.0000.000.3706008.00000.000,eHIS,HIS_SETTLEMENT,NSK-OCS-468708 HIS_SETTLEMENT 3358005YT7JQCWYLTG43,500167849,Journal Import 2591614:,//SETTLEMENT,2,,,,,100,0,Posted
05-09-2024,01.12102.000.0000.000.3706008.00000.000,eHIS,HIS_SETTLEMENT,NSK-OCS-468709 HIS_SETTLEMENT 3358005YT7JQCWYLTG43,500167731,Journal Import 2591614:,//SETTLEMENT,2,,,,,1000,0,Posted
05-09-2024,01.12102.000.0000.000.3706008.00000.000,eHIS,HIS_SETTLEMENT,NSK-OCS-468710 HIS_SETTLEMENT 3358005YT7JQCWYLTG43,500167683,Journal Import 2591614:,//SETTLEMENT,2,,,,,1200,0,Posted
05-09-2024,01.12102.000.0000.000.3706008.00000.000,eHIS,HIS_SETTLEMENT,NSK-OCS-468711 HIS_SETTLEMENT 3358005YT7JQCWYLTG43,500168079,Journal Import 2591614:,//SETTLEMENT,2,,,,,9700,0,Posted
05-09-2024,01.12102.000.0000.000.3706008.00000.000,eHIS,HIS_SETTLEMENT,NSK-OCS-468712 HIS_SETTLEMENT 3358005YT7JQCWYLTG43,500167707,Journal Import 2591614:,//SETTLEMENT,2,,,,,200,0,Posted
05-09-2024,01.12102.000.0000.000.3706008.00000.000,eHIS,HIS_SETTLEMENT,NSK-OCS-468713 HIS_SETTLEMENT 3358005YT7JQCWYLTG43,500167764,Journal Import 2591614:,//SETTLEMENT,2,,,,,4250,0,Posted
05-09-2024,01.12102.000.0000.000.3706008.00000.000,eHIS,HIS_SETTLEMENT,NSK-OCS-468714 HIS_SETTLEMENT 3358005YT7JQCWYLTG43,500167757,Journal Import 2591614:,//SETTLEMENT,2,,,,,650,0,Posted
05-09-2024,01.12102.000.0000.000.3706008.00000.000,eHIS,HIS_SETTLEMENT,NSK-OCS-468715 HIS_SETTLEMENT 3358005YT7JQCWYLTG43,500168032,Journal Import 2591614:,//SETTLEMENT,2,,,,,800,0,Posted
05-09-2024,01.12102.000.0000.000.3706008.00000.000,eHIS,HIS_SETTLEMENT,NSK-OCS-468716 HIS_SETTLEMENT 3358005YT7JQCWYLTG43,500168033,Journal Import 2591614:,//SETTLEMENT,2,,,,,800,0,Posted
05-09-2024,01.12102.000.0000.000.3706008.00000.000,eHIS,HIS_SETTLEMENT,NSK-OCS-468717 HIS_SETTLEMENT 3358005YT7JQCWYLTG43,500167817,Journal Import 2591614:,//SETTLEMENT,2,,,,,500,0,Posted
05-09-2024,01.12102.000.0000.000.3706008.00000.000,eHIS,HIS_SETTLEMENT,NSK-OCS-468718 HIS_SETTLEMENT 3358005YT7JQCWYLTG43,500167714,Journal Import 2591614:,//SETTLEMENT,2,,,,,1300,0,Posted
05-09-2024,01.12102.000.0000.000.3706008.00000.000,eHIS,HIS_SETTLEMENT,NSK-OCS-468719 HIS_SETTLEMENT 3358005YT7JQCWYLTG43,500168034,Journal Import 2591614:,//SETTLEMENT,2,,,,,800,0,Posted
05-09-2024,01.12102.000.0000.000.3706008.00000.000,eHIS,HIS_SETTLEMENT,NSK-OCS-468720 HIS_SETTLEMENT 3358005YT7JQCWYLTG43,500167963,Journal Import 2591614:,//SETTLEMENT,2,,,,,1950,0,Posted
05-09-2024,01.12102.000.0000.000.3706008.00000.000,eHIS,HIS_SETTLEMENT,NSK-OCS-468721 HIS_SETTLEMENT 3358005YT7JQCWYLTG43,500167715,Journal Import 2591614:,//SETTLEMENT,2,,,,,1300,0,Posted
05-09-2024,01.12102.000.0000.000.3706008.00000.000,eHIS,HIS_SETTLEMENT,NSK-OCS-468722 HIS_SETTLEMENT 3358005YT7JQCWYLTG43,500168035,Journal Import 2591614:,//SETTLEMENT,2,,,,,800,0,Posted
05-09-2024,01.12102.000.0000.000.3706008.00000.000,eHIS,HIS_SETTLEMENT,NSK-OCS-468723 HIS_SETTLEMENT 3358005YT7JQCWYLTG43,500167917,Journal Import 2591614:,//SETTLEMENT,2,,,,,900,0,Posted
05-09-2024,01.12102.000.0000.000.3706008.00000.000,eHIS,HIS_SETTLEMENT,NSK-OCS-468724 HIS_SETTLEMENT 3358005YT7JQCWYLTG43,500167788,Journal Import 2591614:,//SETTLEMENT,2,,,,,1120,0,Posted
05-09-2024,01.12102.000.0000.000.3706008.00000.000,eHIS,HIS_SETTLEMENT,NSK-OCS-468725 HIS_SETTLEMENT 3358005YT7JQCWYLTG43,500168113,Journal Import 2591614:,//SETTLEMENT,3,,,,,380,0,Posted
05-09-2024,01.12102.000.0000.000.3706008.00000.000,eHIS,HIS_SETTLEMENT,NSK-OCS-468725 HIS_SETTLEMENT 3358005YT7JQCWYLTG43,500168113,Journal Import 2591614:,//SETTLEMENT,4,,,,,420,0,Posted
05-09-2024,01.12102.000.0000.000.3706008.00000.000,eHIS,HIS_SETTLEMENT,NSK-OCS-468726 HIS_SETTLEMENT 3358005YT7JQCWYLTG43,500168247,Journal Import 2591614:,//SETTLEMENT,2,,,,,250,0,Posted
05-09-2024,01.12102.000.0000.000.3706008.00000.000,eHIS,HIS_SETTLEMENT,NSK-OCS-468727 HIS_SETTLEMENT 3358005YT7JQCWYLTG43,500167684,Journal Import 2591614:,//SETTLEMENT,2,,,,,1200,0,Posted
05-09-2024,01.12102.000.0000.000.3706008.00000.000,eHIS,HIS_SETTLEMENT,NSK-OCS-468728 HIS_SETTLEMENT 3358005YT7JQCWYLTG43,500168044,Journal Import 2591614:,//SETTLEMENT,2,,,,,1850,0,Posted
05-09-2024,01.12102.000.0000.000.3706008.00000.000,eHIS,HIS_SETTLEMENT,NSK-OCS-468729 HIS_SETTLEMENT 3358005YT7JQCWYLTG43,500167732,Journal Import 2591614:,//SETTLEMENT,2,,,,,1000,0,Posted
05-09-2024,01.12102.000.0000.000.3706008.00000.000,eHIS,HIS_SETTLEMENT,NSK-OCS-468730 HIS_SETTLEMENT 3358005YT7JQCWYLTG43,500168036,Journal Import 2591614:,//SETTLEMENT,2,,,,,800,0,Posted
05-09-2024,01.12102.000.0000.000.3706008.00000.000,eHIS,HIS_SETTLEMENT,NSK-OCS-468731 HIS_SETTLEMENT 3358005YT7JQCWYLTG43,500167711,Journal Import 2591614:,//SETTLEMENT,2,,,,,750,0,Posted
05-09-2024,01.12102.000.0000.000.3706008.00000.000,eHIS,HIS_SETTLEMENT,NSK-OCS-468732 HIS_SETTLEMENT 3358005YT7JQCWYLTG43,500167753,Journal Import 2591614:,//SETTLEMENT,3,,,,,100,0,Posted
05-09-2024,01.12102.000.0000.000.3706008.00000.000,eHIS,HIS_SETTLEMENT,NSK-OCS-468732 HIS_SETTLEMENT 3358005YT7JQCWYLTG43,500167753,Journal Import 2591614:,//SETTLEMENT,4,,,,,600,0,Posted
05-09-2024,01.12102.000.0000.000.3706008.00000.000,eHIS,HIS_SETTLEMENT,NSK-OCS-468733 HIS_SETTLEMENT 3358005YT7JQCWYLTG43,500168110,Journal Import 2591614:,//SETTLEMENT,2,,,,,350,0,Posted
05-09-2024,01.12102.000.0000.000.3706008.00000.000,eHIS,HIS_SETTLEMENT,NSK-OCS-468734 HIS_SETTLEMENT 3358005YT7JQCWYLTG43,500167681,Journal Import 2591614:,//SETTLEMENT,2,,,,,704,0,Posted
05-09-2024,01.12102.000.0000.000.3706008.00000.000,eHIS,HIS_SETTLEMENT,NSK-OCS-468735 HIS_SETTLEMENT 3358005YT7JQCWYLTG43,500167754,Journal Import 2591614:,//SETTLEMENT,2,,,,,100,0,Posted
05-09-2024,01.12102.000.0000.000.3706008.00000.000,eHIS,HIS_SETTLEMENT,NSK-OCS-468736 HIS_SETTLEMENT 3358005YT7JQCWYLTG43,500167945,Journal Import 2591614:,//SETTLEMENT,2,,,,,810,0,Posted
05-09-2024,01.12102.000.0000.000.3706008.00000.000,eHIS,HIS_SETTLEMENT,NSK-OCS-468737 HIS_SETTLEMENT 3358005YT7JQCWYLTG43,500167900,Journal Import 2591614:,//SETTLEMENT,3,,,,,40,0,Posted
05-09-2024,01.12102.000.0000.000.3706008.00000.000,eHIS,HIS_SETTLEMENT,NSK-OCS-468737 HIS_SETTLEMENT 3358005YT7JQCWYLTG43,500167900,Journal Import 2591614:,//SETTLEMENT,4,,,,,5000,0,Posted
05-09-2024,01.12102.000.0000.000.3706008.00000.000,eHIS,HIS_SETTLEMENT,NSK-OCS-468738 HIS_SETTLEMENT 3358005YT7JQCWYLTG43,500168111,Journal Import 2591614:,//SETTLEMENT,2,,,,,350,0,Posted
05-09-2024,01.12102.000.0000.000.3706008.00000.000,eHIS,HIS_SETTLEMENT,NSK-OCS-468739 HIS_SETTLEMENT 3358005YT7JQCWYLTG43,500167787,Journal Import 2591614:,//SETTLEMENT,2,,,,,1100,0,Posted
05-09-2024,01.12102.000.0000.000.3706008.00000.000,eHIS,HIS_SETTLEMENT,NSK-OCS-468740 HIS_SETTLEMENT 3358005YT7JQCWYLTG43,500168037,Journal Import 2591614:,//SETTLEMENT,2,,,,,800,0,Posted
05-09-2024,01.12102.000.0000.000.3706008.00000.000,eHIS,HIS_SETTLEMENT,NSK-OCS-468741 HIS_SETTLEMENT 3358005YT7JQCWYLTG43,500167685,Journal Import 2591614:,//SETTLEMENT,2,,,,,6100,0,Posted
05-09-2024,01.12102.000.0000.000.3706008.00000.000,eHIS,HIS_SETTLEMENT,NSK-OCS-468742 HIS_SETTLEMENT 3358005YT7JQCWYLTG43,500167783,Journal Import 2591614:,//SETTLEMENT,2,,,,,700,0,Posted
05-09-2024,01.12102.000.0000.000.3706008.00000.000,eHIS,HIS_SETTLEMENT,NSK-OCS-468743 HIS_SETTLEMENT 3358005YT7JQCWYLTG43,500167784,Journal Import 2591614:,//SETTLEMENT,2,,,,,700,0,Posted
05-09-2024,01.12102.000.0000.000.3706008.00000.000,eHIS,HIS_SETTLEMENT,NSK-OCS-468744 HIS_SETTLEMENT 3358005YT7JQCWYLTG43,500167818,Journal Import 2591614:,//SETTLEMENT,2,,,,,500,0,Posted
05-09-2024,01.12102.000.0000.000.3706008.00000.000,eHIS,HIS_SETTLEMENT,NSK-OCS-468745 HIS_SETTLEMENT 3358005YT7JQCWYLTG43,500168045,Journal Import 2591614:,//SETTLEMENT,2,,,,,1850,0,Posted
05-09-2024,01.12102.000.0000.000.3706008.00000.000,eHIS,HIS_SETTLEMENT,NSK-OCS-468746 HIS_SETTLEMENT 3358005YT7JQCWYLTG43,500168078,Journal Import 2591614:,//SETTLEMENT,2,,,,,1650,0,Posted
05-09-2024,01.12102.000.0000.000.3706008.00000.000,eHIS,HIS_SETTLEMENT,NSK-OCS-468747 HIS_SETTLEMENT 3358005YT7JQCWYLTG43,500167733,Journal Import 2591614:,//SETTLEMENT,2,,,,,1000,0,Posted
05-09-2024,01.12102.000.0000.000.3706008.00000.000,eHIS,HIS_SETTLEMENT,NSK-OCS-468748 HIS_SETTLEMENT 3358005YT7JQCWYLTG43,500168046,Journal Import 2591614:,//SETTLEMENT,2,,,,,1850,0,Posted
06-09-2024,01.12102.000.0000.000.3706008.00000.000,eHIS,HIS_SETTLEMENT,NSK-OCS-468749 HIS_SETTLEMENT 3358005YT7JQCWYLTG43,500168738,Journal Import 2591614:,//SETTLEMENT,2,,,,,425,0,Posted
06-09-2024,01.12102.000.0000.000.3706008.00000.000,eHIS,HIS_SETTLEMENT,NSK-OCS-468750 HIS_SETTLEMENT 3358005YT7JQCWYLTG43,500168595,Journal Import 2591614:,//SETTLEMENT,2,,,,,2450,0,Posted
06-09-2024,01.12102.000.0000.000.3706008.00000.000,eHIS,HIS_SETTLEMENT,NSK-OCS-468751 HIS_SETTLEMENT 3358005YT7JQCWYLTG43,500168349,Journal Import 2591614:,//SETTLEMENT,2,,,,,200,0,Posted
06-09-2024,01.12102.000.0000.000.3706008.00000.000,eHIS,HIS_SETTLEMENT,NSK-OCS-468752 HIS_SETTLEMENT 3358005YT7JQCWYLTG43,500168669,Journal Import 2591614:,//SETTLEMENT,2,,,,,1850,0,Posted
06-09-2024,01.12102.000.0000.000.3706008.00000.000,eHIS,HIS_SETTLEMENT,NSK-OCS-468753 HIS_SETTLEMENT 3358005YT7JQCWYLTG43,500168670,Journal Import 2591614:,//SETTLEMENT,2,,,,,1850,0,Posted
06-09-2024,01.12102.000.0000.000.3706008.00000.000,eHIS,HIS_SETTLEMENT,NSK-OCS-468754 HIS_SETTLEMENT 3358005YT7JQCWYLTG43,500168473,Journal Import 2591614:,//SETTLEMENT,2,,,,,100,0,Posted
06-09-2024,01.12102.000.0000.000.3706008.00000.000,eHIS,HIS_SETTLEMENT,NSK-OCS-468755 HIS_SETTLEMENT 3358005YT7JQCWYLTG43,500168474,Journal Import 2591614:,//SETTLEMENT,2,,,,,100,0,Posted
06-09-2024,01.12102.000.0000.000.3706008.00000.000,eHIS,HIS_SETTLEMENT,NSK-OCS-468756 HIS_SETTLEMENT 3358005YT7JQCWYLTG43,500168409,Journal Import 2591614:,//SETTLEMENT,2,,,,,700,0,Posted
06-09-2024,01.12102.000.0000.000.3706008.00000.000,eHIS,HIS_SETTLEMENT,NSK-OCS-468757 HIS_SETTLEMENT 3358005YT7JQCWYLTG43,500168410,Journal Import 2591614:,//SETTLEMENT,2,,,,,700,0,Posted
06-09-2024,01.12102.000.0000.000.3706008.00000.000,eHIS,HIS_SETTLEMENT,NSK-OCS-468758 HIS_SETTLEMENT 3358005YT7JQCWYLTG43,500168411,Journal Import 2591614:,//SETTLEMENT,2,,,,,700,0,Posted
06-09-2024,01.12102.000.0000.000.3706008.00000.000,eHIS,HIS_SETTLEMENT,NSK-OCS-468759 HIS_SETTLEMENT 3358005YT7JQCWYLTG43,500168412,Journal Import 2591614:,//SETTLEMENT,2,,,,,700,0,Posted
06-09-2024,01.12102.000.0000.000.3706008.00000.000,eHIS,HIS_SETTLEMENT,NSK-OCS-468760 HIS_SETTLEMENT 3358005YT7JQCWYLTG43,500168413,Journal Import 2591614:,//SETTLEMENT,2,,,,,700,0,Posted
06-09-2024,01.12102.000.0000.000.3706008.00000.000,eHIS,HIS_SETTLEMENT,NSK-OCS-468761 HIS_SETTLEMENT 3358005YT7JQCWYLTG43,500168414,Journal Import 2591614:,//SETTLEMENT,2,,,,,700,0,Posted
06-09-2024,01.12102.000.0000.000.3706008.00000.000,eHIS,HIS_SETTLEMENT,NSK-OCS-468762 HIS_SETTLEMENT 3358005YT7JQCWYLTG43,500168415,Journal Import 2591614:,//SETTLEMENT,2,,,,,700,0,Posted
06-09-2024,01.12102.000.0000.000.3706008.00000.000,eHIS,HIS_SETTLEMENT,NSK-OCS-468763 HIS_SETTLEMENT 3358005YT7JQCWYLTG43,500168416,Journal Import 2591614:,//SETTLEMENT,2,,,,,700,0,Posted
06-09-2024,01.12102.000.0000.000.3706008.00000.000,eHIS,HIS_SETTLEMENT,NSK-OCS-468764 HIS_SETTLEMENT 3358005YT7JQCWYLTG43,500168417,Journal Import 2591614:,//SETTLEMENT,2,,,,,700,0,Posted
06-09-2024,01.12102.000.0000.000.3706008.00000.000,eHIS,HIS_SETTLEMENT,NSK-OCS-468765 HIS_SETTLEMENT 3358005YT7JQCWYLTG43,500168418,Journal Import 2591614:,//SETTLEMENT,2,,,,,700,0,Posted
06-09-2024,01.12102.000.0000.000.3706008.00000.000,eHIS,HIS_SETTLEMENT,NSK-OCS-468766 HIS_SETTLEMENT 3358005YT7JQCWYLTG43,500168419,Journal Import 2591614:,//SETTLEMENT,2,,,,,700,0,Posted
06-09-2024,01.12102.000.0000.000.3706008.00000.000,eHIS,HIS_SETTLEMENT,NSK-OCS-468767 HIS_SETTLEMENT 3358005YT7JQCWYLTG43,500168420,Journal Import 2591614:,//SETTLEMENT,2,,,,,700,0,Posted
06-09-2024,01.12102.000.0000.000.3706008.00000.000,eHIS,HIS_SETTLEMENT,NSK-OCS-468768 HIS_SETTLEMENT 3358005YT7JQCWYLTG43,500168421,Journal Import 2591614:,//SETTLEMENT,2,,,,,700,0,Posted
06-09-2024,01.12102.000.0000.000.3706008.00000.000,eHIS,HIS_SETTLEMENT,NSK-OCS-468769 HIS_SETTLEMENT 3358005YT7JQCWYLTG43,500168422,Journal Import 2591614:,//SETTLEMENT,2,,,,,700,0,Posted
06-09-2024,01.12102.000.0000.000.3706008.00000.000,eHIS,HIS_SETTLEMENT,NSK-OCS-468770 HIS_SETTLEMENT 3358005YT7JQCWYLTG43,500168314,Journal Import 2591614:,//SETTLEMENT,2,,,,,700,0,Posted
06-09-2024,01.12102.000.0000.000.3706008.00000.000,eHIS,HIS_SETTLEMENT,NSK-OCS-468771 HIS_SETTLEMENT 3358005YT7JQCWYLTG43,500168532,Journal Import 2591614:,//SETTLEMENT,2,,,,,500,0,Posted
06-09-2024,01.12102.000.0000.000.3706008.00000.000,eHIS,HIS_SETTLEMENT,NSK-OCS-468772 HIS_SETTLEMENT 3358005YT7JQCWYLTG43,500168315,Journal Import 2591614:,//SETTLEMENT,2,,,,,700,0,Posted
06-09-2024,01.12102.000.0000.000.3706008.00000.000,eHIS,HIS_SETTLEMENT,NSK-OCS-468773 HIS_SETTLEMENT 3358005YT7JQCWYLTG43,500168316,Journal Import 2591614:,//SETTLEMENT,2,,,,,700,0,Posted
06-09-2024,01.12102.000.0000.000.3706008.00000.000,eHIS,HIS_SETTLEMENT,NSK-OCS-468774 HIS_SETTLEMENT 3358005YT7JQCWYLTG43,500168317,Journal Import 2591614:,//SETTLEMENT,2,,,,,700,0,Posted
06-09-2024,01.12102.000.0000.000.3706008.00000.000,eHIS,HIS_SETTLEMENT,NSK-OCS-468776 HIS_SETTLEMENT 3358005YT7JQCWYLTG43,500168318,Journal Import 2591614:,//SETTLEMENT,2,,,,,700,0,Posted
06-09-2024,01.12102.000.0000.000.3706008.00000.000,eHIS,HIS_SETTLEMENT,NSK-OCS-468777 HIS_SETTLEMENT 3358005YT7JQCWYLTG43,500168540,Journal Import 2591614:,//SETTLEMENT,2,,,,,510,0,Posted
06-09-2024,01.12102.000.0000.000.3706008.00000.000,eHIS,HIS_SETTLEMENT,NSK-OCS-468778 HIS_SETTLEMENT 3358005YT7JQCWYLTG43,500168671,Journal Import 2591614:,//SETTLEMENT,2,,,,,1850,0,Posted
06-09-2024,01.12102.000.0000.000.3706008.00000.000,eHIS,HIS_SETTLEMENT,NSK-OCS-468779 HIS_SETTLEMENT 3358005YT7JQCWYLTG43,500168481,Journal Import 2591614:,//SETTLEMENT,2,,,,,650,0,Posted
06-09-2024,01.12102.000.0000.000.3706008.00000.000,eHIS,HIS_SETTLEMENT,NSK-OCS-468780 HIS_SETTLEMENT 3358005YT7JQCWYLTG43,500168561,Journal Import 2591614:,//SETTLEMENT,2,,,,,1000,0,Posted
07-09-2024,01.12102.000.0000.000.3706008.00000.000,eHIS,HIS_SETTLEMENT,NSK-OCS-468781 HIS_SETTLEMENT 3358005YT7JQCWYLTG43,500169006,Journal Import 2599930:,//SETTLEMENT,2,,,,,6900,0,Posted
07-09-2024,01.12102.000.0000.000.3706008.00000.000,eHIS,HIS_SETTLEMENT,NSK-OCS-468782 HIS_SETTLEMENT 3358005YT7JQCWYLTG43,500169007,Journal Import 2599930:,//SETTLEMENT,2,,,,,6900,0,Posted
06-09-2024,01.12102.000.0000.000.3706008.00000.000,eHIS,HIS_SETTLEMENT,NSK-OCS-468783 HIS_SETTLEMENT 3358005YT7JQCWYLTG43,500168442,Journal Import 2591614:,//SETTLEMENT,2,,,,,3975,0,Posted
06-09-2024,01.12102.000.0000.000.3706008.00000.000,eHIS,HIS_SETTLEMENT,NSK-OCS-468784 HIS_SETTLEMENT 3358005YT7JQCWYLTG43,500168443,Journal Import 2591614:,//SETTLEMENT,2,,,,,3975,0,Posted
06-09-2024,01.12102.000.0000.000.3706008.00000.000,eHIS,HIS_SETTLEMENT,NSK-OCS-468786 HIS_SETTLEMENT 3358005YT7JQCWYLTG43,500168434,Journal Import 2591614:,//SETTLEMENT,2,,,,,1000,0,Posted
06-09-2024,01.12102.000.0000.000.3706008.00000.000,eHIS,HIS_SETTLEMENT,NSK-OCS-468787 HIS_SETTLEMENT 3358005YT7JQCWYLTG43,500168622,Journal Import 2591614:,//SETTLEMENT,2,,,,,2600,0,Posted
06-09-2024,01.12102.000.0000.000.3706008.00000.000,eHIS,HIS_SETTLEMENT,NSK-OCS-468788 HIS_SETTLEMENT 3358005YT7JQCWYLTG43,500168323,Journal Import 2591614:,//SETTLEMENT,2,,,,,5888,0,Posted
07-09-2024,01.12102.000.0000.000.3706008.00000.000,eHIS,HIS_SETTLEMENT,NSK-OCS-468789 HIS_SETTLEMENT 3358005YT7JQCWYLTG43,500169005,Journal Import 2599930:,//SETTLEMENT,2,,,,,4025,0,Posted
06-09-2024,01.12102.000.0000.000.3706008.00000.000,eHIS,HIS_SETTLEMENT,NSK-OCS-468790 HIS_SETTLEMENT 3358005YT7JQCWYLTG43,500168486,Journal Import 2591614:,//SETTLEMENT,2,,,,,1062,0,Posted
07-09-2024,01.12102.000.0000.000.3706008.00000.000,eHIS,HIS_SETTLEMENT,NSK-OCS-468790 HIS_SETTLEMENT 3358005YT7JQCWYLTG43,500169004,Journal Import 2599930:,//SETTLEMENT,2,,,,,2963,0,Posted
06-09-2024,01.12102.000.0000.000.3706008.00000.000,eHIS,HIS_SETTLEMENT,NSK-OCS-468791 HIS_SETTLEMENT 3358005YT7JQCWYLTG43,500168593,Journal Import 2591614:,//SETTLEMENT,2,,,,,2330,0,Posted
06-09-2024,01.12102.000.0000.000.3706008.00000.000,eHIS,HIS_SETTLEMENT,NSK-OCS-468792 HIS_SETTLEMENT 3358005YT7JQCWYLTG43,500168541,Journal Import 2591614:,//SETTLEMENT,2,,,,,3100,0,Posted
06-09-2024,01.12102.000.0000.000.3706008.00000.000,eHIS,HIS_SETTLEMENT,NSK-OCS-468793 HIS_SETTLEMENT 3358005YT7JQCWYLTG43,500168648,Journal Import 2591614:,//SETTLEMENT,2,,,,,450,0,Posted
06-09-2024,01.12102.000.0000.000.3706008.00000.000,eHIS,HIS_SETTLEMENT,NSK-OCS-468794 HIS_SETTLEMENT 3358005YT7JQCWYLTG43,500168487,Journal Import 2591614:,//SETTLEMENT,2,,,,,1080,0,Posted
06-09-2024,01.12102.000.0000.000.3706008.00000.000,eHIS,HIS_SETTLEMENT,NSK-OCS-468795 HIS_SETTLEMENT 3358005YT7JQCWYLTG43,500168475,Journal Import 2591614:,//SETTLEMENT,2,,,,,100,0,Posted
06-09-2024,01.12102.000.0000.000.3706008.00000.000,eHIS,HIS_SETTLEMENT,NSK-OCS-468796 HIS_SETTLEMENT 3358005YT7JQCWYLTG43,500168476,Journal Import 2591614:,//SETTLEMENT,2,,,,,100,0,Posted
06-09-2024,01.12102.000.0000.000.3706008.00000.000,eHIS,HIS_SETTLEMENT,NSK-OCS-468797 HIS_SETTLEMENT 3358005YT7JQCWYLTG43,500168578,Journal Import 2591614:,//SETTLEMENT,2,,,,,1930,0,Posted
06-09-2024,01.12102.000.0000.000.3706008.00000.000,eHIS,HIS_SETTLEMENT,NSK-OCS-468799 HIS_SETTLEMENT 3358005YT7JQCWYLTG43,500168320,Journal Import 2591614:,//SETTLEMENT,2,,,,,1200,0,Posted
06-09-2024,01.12102.000.0000.000.3706008.00000.000,eHIS,HIS_SETTLEMENT,NSK-OCS-468800 HIS_SETTLEMENT 3358005YT7JQCWYLTG43,500168423,Journal Import 2591614:,//SETTLEMENT,2,,,,,1100,0,Posted
06-09-2024,01.12102.000.0000.000.3706008.00000.000,eHIS,HIS_SETTLEMENT,NSK-OCS-468801 HIS_SETTLEMENT 3358005YT7JQCWYLTG43,500168477,Journal Import 2591614:,//SETTLEMENT,2,,,,,100,0,Posted
06-09-2024,01.12102.000.0000.000.3706008.00000.000,eHIS,HIS_SETTLEMENT,NSK-OCS-468802 HIS_SETTLEMENT 3358005YT7JQCWYLTG43,500168424,Journal Import 2591614:,//SETTLEMENT,2,,,,,1100,0,Posted
06-09-2024,01.12102.000.0000.000.3706008.00000.000,eHIS,HIS_SETTLEMENT,NSK-OCS-468804 HIS_SETTLEMENT 3358005YT7JQCWYLTG43,500168672,Journal Import 2591614:,//SETTLEMENT,2,,,,,1850,0,Posted
06-09-2024,01.12102.000.0000.000.3706008.00000.000,eHIS,HIS_SETTLEMENT,NSK-OCS-468805 HIS_SETTLEMENT 3358005YT7JQCWYLTG43,500168321,Journal Import 2591614:,//SETTLEMENT,2,,,,,1200,0,Posted
06-09-2024,01.12102.000.0000.000.3706008.00000.000,eHIS,HIS_SETTLEMENT,NSK-OCS-468806 HIS_SETTLEMENT 3358005YT7JQCWYLTG43,500168322,Journal Import 2591614:,//SETTLEMENT,2,,,,,1200,0,Posted
06-09-2024,01.12102.000.0000.000.3706008.00000.000,eHIS,HIS_SETTLEMENT,NSK-OCS-468807 HIS_SETTLEMENT 3358005YT7JQCWYLTG43,500168739,Journal Import 2591614:,//SETTLEMENT,2,,,,,800,0,Posted
07-09-2024,01.12102.000.0000.000.3706008.00000.000,eHIS,HIS_SETTLEMENT,NSK-OCS-468808 HIS_SETTLEMENT 3358005YT7JQCWYLTG43,500168947,Journal Import 2599930:,//SETTLEMENT,2,,,,,350,0,Posted
06-09-2024,01.12102.000.0000.000.3706008.00000.000,eHIS,HIS_SETTLEMENT,NSK-OCS-468809 HIS_SETTLEMENT 3358005YT7JQCWYLTG43,500168533,Journal Import 2591614:,//SETTLEMENT,2,,,,,500,0,Posted
06-09-2024,01.12102.000.0000.000.3706008.00000.000,eHIS,HIS_SETTLEMENT,NSK-OCS-468810 HIS_SETTLEMENT 3358005YT7JQCWYLTG43,500168590,Journal Import 2591614:,//SETTLEMENT,3,,,,,10,0,Posted
06-09-2024,01.12102.000.0000.000.3706008.00000.000,eHIS,HIS_SETTLEMENT,NSK-OCS-468810 HIS_SETTLEMENT 3358005YT7JQCWYLTG43,500168590,Journal Import 2591614:,//SETTLEMENT,4,,,,,3400,0,Posted
06-09-2024,01.12102.000.0000.000.3706008.00000.000,eHIS,HIS_SETTLEMENT,NSK-OCS-468811 HIS_SETTLEMENT 3358005YT7JQCWYLTG43,500168355,Journal Import 2591614:,//SETTLEMENT,2,,,,,1200,0,Posted
06-09-2024,01.12102.000.0000.000.3706008.00000.000,eHIS,HIS_SETTLEMENT,NSK-OCS-468812 HIS_SETTLEMENT 3358005YT7JQCWYLTG43,500168558,Journal Import 2591614:,//SETTLEMENT,2,,,,,510,0,Posted
06-09-2024,01.12102.000.0000.000.3706008.00000.000,eHIS,HIS_SETTLEMENT,NSK-OCS-468813 HIS_SETTLEMENT 3358005YT7JQCWYLTG43,500168703,Journal Import 2591614:,//SETTLEMENT,2,,,,,1610,0,Posted
06-09-2024,01.12102.000.0000.000.3706008.00000.000,eHIS,HIS_SETTLEMENT,NSK-OCS-468814 HIS_SETTLEMENT 3358005YT7JQCWYLTG43,500168306,Journal Import 2591614:,//SETTLEMENT,2,,,,,5700,0,Posted
06-09-2024,01.12102.000.0000.000.3706008.00000.000,eHIS,HIS_SETTLEMENT,NSK-OCS-468815 HIS_SETTLEMENT 3358005YT7JQCWYLTG43,500168673,Journal Import 2591614:,//SETTLEMENT,2,,,,,1850,0,Posted
06-09-2024,01.12102.000.0000.000.3706008.00000.000,eHIS,HIS_SETTLEMENT,NSK-OCS-468816 HIS_SETTLEMENT 3358005YT7JQCWYLTG43,500168701,Journal Import 2591614:,//SETTLEMENT,2,,,,,1550,0,Posted
06-09-2024,01.12102.000.0000.000.3706008.00000.000,eHIS,HIS_SETTLEMENT,NSK-OCS-468817 HIS_SETTLEMENT 3358005YT7JQCWYLTG43,500168488,Journal Import 2591614:,//SETTLEMENT,2,,,,,4000,0,Posted
06-09-2024,01.12102.000.0000.000.3706008.00000.000,eHIS,HIS_SETTLEMENT,NSK-OCS-468818 HIS_SETTLEMENT 3358005YT7JQCWYLTG43,500168740,Journal Import 2591614:,//SETTLEMENT,2,,,,,800,0,Posted
06-09-2024,01.12102.000.0000.000.3706008.00000.000,eHIS,HIS_SETTLEMENT,NSK-OCS-468819 HIS_SETTLEMENT 3358005YT7JQCWYLTG43,500168741,Journal Import 2591614:,//SETTLEMENT,2,,,,,800,0,Posted
06-09-2024,01.12102.000.0000.000.3706008.00000.000,eHIS,HIS_SETTLEMENT,NSK-OCS-468820 HIS_SETTLEMENT 3358005YT7JQCWYLTG43,500168596,Journal Import 2591614:,//SETTLEMENT,2,,,,,2500,0,Posted
06-09-2024,01.12102.000.0000.000.3706008.00000.000,eHIS,HIS_SETTLEMENT,NSK-OCS-468821 HIS_SETTLEMENT 3358005YT7JQCWYLTG43,500168615,Journal Import 2591614:,//SETTLEMENT,2,,,,,74,0,Posted
06-09-2024,01.12102.000.0000.000.3706008.00000.000,eHIS,HIS_SETTLEMENT,NSK-OCS-468822 HIS_SETTLEMENT 3358005YT7JQCWYLTG43,500168440,Journal Import 2591614:,//SETTLEMENT,2,,,,,3550,0,Posted
06-09-2024,01.12102.000.0000.000.3706008.00000.000,eHIS,HIS_SETTLEMENT,NSK-OCS-468823 HIS_SETTLEMENT 3358005YT7JQCWYLTG43,500168616,Journal Import 2591614:,//SETTLEMENT,2,,,,,900,0,Posted
06-09-2024,01.12102.000.0000.000.3706008.00000.000,eHIS,HIS_SETTLEMENT,NSK-OCS-468824 HIS_SETTLEMENT 3358005YT7JQCWYLTG43,500168482,Journal Import 2591614:,//SETTLEMENT,2,,,,,650,0,Posted
06-09-2024,01.12102.000.0000.000.3706008.00000.000,eHIS,HIS_SETTLEMENT,NSK-OCS-468825 HIS_SETTLEMENT 3358005YT7JQCWYLTG43,500168702,Journal Import 2591614:,//SETTLEMENT,2,,,,,1550,0,Posted
06-09-2024,01.12102.000.0000.000.3706008.00000.000,eHIS,HIS_SETTLEMENT,NSK-OCS-468826 HIS_SETTLEMENT 3358005YT7JQCWYLTG43,500168362,Journal Import 2591614:,//SETTLEMENT,2,,,,,1300,0,Posted
06-09-2024,01.12102.000.0000.000.3706008.00000.000,eHIS,HIS_SETTLEMENT,NSK-OCS-468827 HIS_SETTLEMENT 3358005YT7JQCWYLTG43,500168690,Journal Import 2591614:,//SETTLEMENT,2,,,,,8900,0,Posted
06-09-2024,01.12102.000.0000.000.3706008.00000.000,eHIS,HIS_SETTLEMENT,NSK-OCS-468828 HIS_SETTLEMENT 3358005YT7JQCWYLTG43,500168490,Journal Import 2591614:,//SETTLEMENT,2,,,,,4800,0,Posted
06-09-2024,01.12102.000.0000.000.3706008.00000.000,eHIS,HIS_SETTLEMENT,NSK-OCS-468829 HIS_SETTLEMENT 3358005YT7JQCWYLTG43,500168319,Journal Import 2591614:,//SETTLEMENT,2,,,,,700,0,Posted
06-09-2024,01.12102.000.0000.000.3706008.00000.000,eHIS,HIS_SETTLEMENT,NSK-OCS-468830 HIS_SETTLEMENT 3358005YT7JQCWYLTG43,500168592,Journal Import 2591614:,//SETTLEMENT,2,,,,,2300,0,Posted
06-09-2024,01.12102.000.0000.000.3706008.00000.000,eHIS,HIS_SETTLEMENT,NSK-OCS-468831 HIS_SETTLEMENT 3358005YT7JQCWYLTG43,500168808,Journal Import 2591614:,//SETTLEMENT,2,,,,,1300,0,Posted
06-09-2024,01.12102.000.0000.000.3706008.00000.000,eHIS,HIS_SETTLEMENT,NSK-OCS-468832 HIS_SETTLEMENT 3358005YT7JQCWYLTG43,500168350,Journal Import 2591614:,//SETTLEMENT,3,,,,,200,0,Posted
06-09-2024,01.12102.000.0000.000.3706008.00000.000,eHIS,HIS_SETTLEMENT,NSK-OCS-468832 HIS_SETTLEMENT 3358005YT7JQCWYLTG43,500168350,Journal Import 2591614:,//SETTLEMENT,4,,,,,500,0,Posted
06-09-2024,01.12102.000.0000.000.3706008.00000.000,eHIS,HIS_SETTLEMENT,NSK-OCS-468833 HIS_SETTLEMENT 3358005YT7JQCWYLTG43,500168356,Journal Import 2591614:,//SETTLEMENT,2,,,,,1200,0,Posted
06-09-2024,01.12102.000.0000.000.3706008.00000.000,eHIS,HIS_SETTLEMENT,NSK-OCS-468834 HIS_SETTLEMENT 3358005YT7JQCWYLTG43,500168425,Journal Import 2591614:,//SETTLEMENT,2,,,,,1100,0,Posted
06-09-2024,01.12102.000.0000.000.3706008.00000.000,eHIS,HIS_SETTLEMENT,NSK-OCS-468835 HIS_SETTLEMENT 3358005YT7JQCWYLTG43,500168435,Journal Import 2591614:,//SETTLEMENT,2,,,,,1000,0,Posted
06-09-2024,01.12102.000.0000.000.3706008.00000.000,eHIS,HIS_SETTLEMENT,NSK-OCS-468836 HIS_SETTLEMENT 3358005YT7JQCWYLTG43,500168351,Journal Import 2591614:,//SETTLEMENT,2,,,,,200,0,Posted
06-09-2024,01.12102.000.0000.000.3706008.00000.000,eHIS,HIS_SETTLEMENT,NSK-OCS-468837 HIS_SETTLEMENT 3358005YT7JQCWYLTG43,500168617,Journal Import 2591614:,//SETTLEMENT,2,,,,,900,0,Posted
06-09-2024,01.12102.000.0000.000.3706008.00000.000,eHIS,HIS_SETTLEMENT,NSK-OCS-468838 HIS_SETTLEMENT 3358005YT7JQCWYLTG43,500168426,Journal Import 2591614:,//SETTLEMENT,2,,,,,1100,0,Posted
06-09-2024,01.12102.000.0000.000.3706008.00000.000,eHIS,HIS_SETTLEMENT,NSK-OCS-468839 HIS_SETTLEMENT 3358005YT7JQCWYLTG43,500168742,Journal Import 2591614:,//SETTLEMENT,2,,,,,800,0,Posted
06-09-2024,01.12102.000.0000.000.3706008.00000.000,eHIS,HIS_SETTLEMENT,NSK-OCS-468840 HIS_SETTLEMENT 3358005YT7JQCWYLTG43,500168743,Journal Import 2591614:,//SETTLEMENT,2,,,,,800,0,Posted
06-09-2024,01.12102.000.0000.000.3706008.00000.000,eHIS,HIS_SETTLEMENT,NSK-OCS-468841 HIS_SETTLEMENT 3358005YT7JQCWYLTG43,500168744,Journal Import 2591614:,//SETTLEMENT,2,,,,,800,0,Posted
06-09-2024,01.12102.000.0000.000.3706008.00000.000,eHIS,HIS_SETTLEMENT,NSK-OCS-468842 HIS_SETTLEMENT 3358005YT7JQCWYLTG43,500168651,Journal Import 2591614:,//SETTLEMENT,2,,,,,800,0,Posted
06-09-2024,01.12102.000.0000.000.3706008.00000.000,eHIS,HIS_SETTLEMENT,NSK-OCS-468843 HIS_SETTLEMENT 3358005YT7JQCWYLTG43,500168534,Journal Import 2591614:,//SETTLEMENT,2,,,,,500,0,Posted
06-09-2024,01.12102.000.0000.000.3706008.00000.000,eHIS,HIS_SETTLEMENT,NSK-OCS-468844 HIS_SETTLEMENT 3358005YT7JQCWYLTG43,500168618,Journal Import 2591614:,//SETTLEMENT,2,,,,,900,0,Posted
06-09-2024,01.12102.000.0000.000.3706008.00000.000,eHIS,HIS_SETTLEMENT,NSK-OCS-468845 HIS_SETTLEMENT 3358005YT7JQCWYLTG43,500168652,Journal Import 2591614:,//SETTLEMENT,2,,,,,800,0,Posted
06-09-2024,01.12102.000.0000.000.3706008.00000.000,eHIS,HIS_SETTLEMENT,NSK-OCS-468846 HIS_SETTLEMENT 3358005YT7JQCWYLTG43,500168812,Journal Import 2591614:,//SETTLEMENT,2,,,,,1450,0,Posted
06-09-2024,01.12102.000.0000.000.3706008.00000.000,eHIS,HIS_SETTLEMENT,NSK-OCS-468847 HIS_SETTLEMENT 3358005YT7JQCWYLTG43,500168579,Journal Import 2591614:,//SETTLEMENT,2,,,,,2150,0,Posted
06-09-2024,01.12102.000.0000.000.3706008.00000.000,eHIS,HIS_SETTLEMENT,NSK-OCS-468848 HIS_SETTLEMENT 3358005YT7JQCWYLTG43,500168813,Journal Import 2591614:,//SETTLEMENT,2,,,,,1450,0,Posted
06-09-2024,01.12102.000.0000.000.3706008.00000.000,eHIS,HIS_SETTLEMENT,NSK-OCS-468849 HIS_SETTLEMENT 3358005YT7JQCWYLTG43,500168535,Journal Import 2591614:,//SETTLEMENT,2,,,,,500,0,Posted
06-09-2024,01.12102.000.0000.000.3706008.00000.000,eHIS,HIS_SETTLEMENT,NSK-OCS-468850 HIS_SETTLEMENT 3358005YT7JQCWYLTG43,500168649,Journal Import 2591614:,//SETTLEMENT,2,,,,,450,0,Posted
06-09-2024,01.12102.000.0000.000.3706008.00000.000,eHIS,HIS_SETTLEMENT,NSK-OCS-468851 HIS_SETTLEMENT 3358005YT7JQCWYLTG43,500168483,Journal Import 2591614:,//SETTLEMENT,2,,,,,650,0,Posted
06-09-2024,01.12102.000.0000.000.3706008.00000.000,eHIS,HIS_SETTLEMENT,NSK-OCS-468852 HIS_SETTLEMENT 3358005YT7JQCWYLTG43,500168536,Journal Import 2591614:,//SETTLEMENT,2,,,,,500,0,Posted
06-09-2024,01.12102.000.0000.000.3706008.00000.000,eHIS,HIS_SETTLEMENT,NSK-OCS-468853 HIS_SETTLEMENT 3358005YT7JQCWYLTG43,500168427,Journal Import 2591614:,//SETTLEMENT,2,,,,,1100,0,Posted
06-09-2024,01.12102.000.0000.000.3706008.00000.000,eHIS,HIS_SETTLEMENT,NSK-OCS-468854 HIS_SETTLEMENT 3358005YT7JQCWYLTG43,500168498,Journal Import 2591614:,//SETTLEMENT,2,,,,,3050,0,Posted
06-09-2024,01.12102.000.0000.000.3706008.00000.000,eHIS,HIS_SETTLEMENT,NSK-OCS-468855 HIS_SETTLEMENT 3358005YT7JQCWYLTG43,500168653,Journal Import 2591614:,//SETTLEMENT,2,,,,,800,0,Posted
06-09-2024,01.12102.000.0000.000.3706008.00000.000,eHIS,HIS_SETTLEMENT,NSK-OCS-468856 HIS_SETTLEMENT 3358005YT7JQCWYLTG43,500168577,Journal Import 2591614:,//SETTLEMENT,2,,,,,1920,0,Posted
06-09-2024,01.12102.000.0000.000.3706008.00000.000,eHIS,HIS_SETTLEMENT,NSK-OCS-468857 HIS_SETTLEMENT 3358005YT7JQCWYLTG43,500168654,Journal Import 2591614:,//SETTLEMENT,2,,,,,800,0,Posted
06-09-2024,01.12102.000.0000.000.3706008.00000.000,eHIS,HIS_SETTLEMENT,NSK-OCS-468858 HIS_SETTLEMENT 3358005YT7JQCWYLTG43,500168484,Journal Import 2591614:,//SETTLEMENT,2,,,,,650,0,Posted
06-09-2024,01.12102.000.0000.000.3706008.00000.000,eHIS,HIS_SETTLEMENT,NSK-OCS-468859 HIS_SETTLEMENT 3358005YT7JQCWYLTG43,500168674,Journal Import 2591614:,//SETTLEMENT,2,,,,,1850,0,Posted
06-09-2024,01.12102.000.0000.000.3706008.00000.000,eHIS,HIS_SETTLEMENT,NSK-OCS-468860 HIS_SETTLEMENT 3358005YT7JQCWYLTG43,500168485,Journal Import 2591614:,//SETTLEMENT,2,,,,,650,0,Posted
06-09-2024,01.12102.000.0000.000.3706008.00000.000,eHIS,HIS_SETTLEMENT,NSK-OCS-468861 HIS_SETTLEMENT 3358005YT7JQCWYLTG43,500168893,Journal Import 2591614:,//SETTLEMENT,2,,,,,250,0,Posted
06-09-2024,01.12102.000.0000.000.3706008.00000.000,eHIS,HIS_SETTLEMENT,NSK-OCS-468862 HIS_SETTLEMENT 3358005YT7JQCWYLTG43,500168809,Journal Import 2591614:,//SETTLEMENT,2,,,,,1300,0,Posted
06-09-2024,01.12102.000.0000.000.3706008.00000.000,eHIS,HIS_SETTLEMENT,NSK-OCS-468863 HIS_SETTLEMENT 3358005YT7JQCWYLTG43,500168307,Journal Import 2591614:,//SETTLEMENT,2,,,,,5700,0,Posted
06-09-2024,01.12102.000.0000.000.3706008.00000.000,eHIS,HIS_SETTLEMENT,NSK-OCS-468864 HIS_SETTLEMENT 3358005YT7JQCWYLTG43,500168655,Journal Import 2591614:,//SETTLEMENT,2,,,,,800,0,Posted
06-09-2024,01.12102.000.0000.000.3706008.00000.000,eHIS,HIS_SETTLEMENT,NSK-OCS-468865 HIS_SETTLEMENT 3358005YT7JQCWYLTG43,500168614,Journal Import 2591614:,//SETTLEMENT,3,,,,,10,0,Posted
06-09-2024,01.12102.000.0000.000.3706008.00000.000,eHIS,HIS_SETTLEMENT,NSK-OCS-468865 HIS_SETTLEMENT 3358005YT7JQCWYLTG43,500168614,Journal Import 2591614:,//SETTLEMENT,4,,,,,400,0,Posted
06-09-2024,01.12102.000.0000.000.3706008.00000.000,eHIS,HIS_SETTLEMENT,NSK-OCS-468866 HIS_SETTLEMENT 3358005YT7JQCWYLTG43,500168357,Journal Import 2591614:,//SETTLEMENT,2,,,,,1200,0,Posted
06-09-2024,01.12102.000.0000.000.3706008.00000.000,eHIS,HIS_SETTLEMENT,NSK-OCS-468867 HIS_SETTLEMENT 3358005YT7JQCWYLTG43,500168656,Journal Import 2591614:,//SETTLEMENT,2,,,,,800,0,Posted
06-09-2024,01.12102.000.0000.000.3706008.00000.000,eHIS,HIS_SETTLEMENT,NSK-OCS-468868 HIS_SETTLEMENT 3358005YT7JQCWYLTG43,500168625,Journal Import 2591614:,//SETTLEMENT,2,,,,,2920,0,Posted
06-09-2024,01.12102.000.0000.000.3706008.00000.000,eHIS,HIS_SETTLEMENT,NSK-OCS-468869 HIS_SETTLEMENT 3358005YT7JQCWYLTG43,500168657,Journal Import 2591614:,//SETTLEMENT,2,,,,,800,0,Posted
06-09-2024,01.12102.000.0000.000.3706008.00000.000,eHIS,HIS_SETTLEMENT,NSK-OCS-468870 HIS_SETTLEMENT 3358005YT7JQCWYLTG43,500168560,Journal Import 2591614:,//SETTLEMENT,2,,,,,600,0,Posted
06-09-2024,01.12102.000.0000.000.3706008.00000.000,eHIS,HIS_SETTLEMENT,NSK-OCS-468871 HIS_SETTLEMENT 3358005YT7JQCWYLTG43,500168436,Journal Import 2591614:,//SETTLEMENT,2,,,,,1000,0,Posted
06-09-2024,01.12102.000.0000.000.3706008.00000.000,eHIS,HIS_SETTLEMENT,NSK-OCS-468872 HIS_SETTLEMENT 3358005YT7JQCWYLTG43,500168619,Journal Import 2591614:,//SETTLEMENT,2,,,,,900,0,Posted
06-09-2024,01.12102.000.0000.000.3706008.00000.000,eHIS,HIS_SETTLEMENT,NSK-OCS-468873 HIS_SETTLEMENT 3358005YT7JQCWYLTG43,500168437,Journal Import 2591614:,//SETTLEMENT,2,,,,,1000,0,Posted
06-09-2024,01.12102.000.0000.000.3706008.00000.000,eHIS,HIS_SETTLEMENT,NSK-OCS-468874 HIS_SETTLEMENT 3358005YT7JQCWYLTG43,500168658,Journal Import 2591614:,//SETTLEMENT,2,,,,,800,0,Posted
06-09-2024,01.12102.000.0000.000.3706008.00000.000,eHIS,HIS_SETTLEMENT,NSK-OCS-468875 HIS_SETTLEMENT 3358005YT7JQCWYLTG43,500168659,Journal Import 2591614:,//SETTLEMENT,2,,,,,800,0,Posted
06-09-2024,01.12102.000.0000.000.3706008.00000.000,eHIS,HIS_SETTLEMENT,NSK-OCS-468876 HIS_SETTLEMENT 3358005YT7JQCWYLTG43,500168817,Journal Import 2591614:,//SETTLEMENT,2,,,,,8300,0,Posted
06-09-2024,01.12102.000.0000.000.3706008.00000.000,eHIS,HIS_SETTLEMENT,NSK-OCS-468877 HIS_SETTLEMENT 3358005YT7JQCWYLTG43,500168660,Journal Import 2591614:,//SETTLEMENT,2,,,,,800,0,Posted
06-09-2024,01.12102.000.0000.000.3706008.00000.000,eHIS,HIS_SETTLEMENT,NSK-OCS-468878 HIS_SETTLEMENT 3358005YT7JQCWYLTG43,500168537,Journal Import 2591614:,//SETTLEMENT,2,,,,,500,0,Posted
06-09-2024,01.12102.000.0000.000.3706008.00000.000,eHIS,HIS_SETTLEMENT,NSK-OCS-468879 HIS_SETTLEMENT 3358005YT7JQCWYLTG43,500168814,Journal Import 2591614:,//SETTLEMENT,2,,,,,1500,0,Posted
06-09-2024,01.12102.000.0000.000.3706008.00000.000,eHIS,HIS_SETTLEMENT,NSK-OCS-468880 HIS_SETTLEMENT 3358005YT7JQCWYLTG43,500168428,Journal Import 2591614:,//SETTLEMENT,2,,,,,1100,0,Posted
06-09-2024,01.12102.000.0000.000.3706008.00000.000,eHIS,HIS_SETTLEMENT,NSK-OCS-468881 HIS_SETTLEMENT 3358005YT7JQCWYLTG43,500168538,Journal Import 2591614:,//SETTLEMENT,2,,,,,500,0,Posted
06-09-2024,01.12102.000.0000.000.3706008.00000.000,eHIS,HIS_SETTLEMENT,NSK-OCS-468882 HIS_SETTLEMENT 3358005YT7JQCWYLTG43,500168478,Journal Import 2591614:,//SETTLEMENT,3,,,,,100,0,Posted
06-09-2024,01.12102.000.0000.000.3706008.00000.000,eHIS,HIS_SETTLEMENT,NSK-OCS-468882 HIS_SETTLEMENT 3358005YT7JQCWYLTG43,500168478,Journal Import 2591614:,//SETTLEMENT,4,,,,,500,0,Posted
06-09-2024,01.12102.000.0000.000.3706008.00000.000,eHIS,HIS_SETTLEMENT,NSK-OCS-468883 HIS_SETTLEMENT 3358005YT7JQCWYLTG43,500168895,Journal Import 2591614:,//SETTLEMENT,2,,,,,299,0,Posted
06-09-2024,01.12102.000.0000.000.3706008.00000.000,eHIS,HIS_SETTLEMENT,NSK-OCS-468884 HIS_SETTLEMENT 3358005YT7JQCWYLTG43,500168325,Journal Import 2591614:,//SETTLEMENT,2,,,,,6100,0,Posted
06-09-2024,01.12102.000.0000.000.3706008.00000.000,eHIS,HIS_SETTLEMENT,NSK-OCS-468885 HIS_SETTLEMENT 3358005YT7JQCWYLTG43,500168429,Journal Import 2591614:,//SETTLEMENT,2,,,,,1100,0,Posted
06-09-2024,01.12102.000.0000.000.3706008.00000.000,eHIS,HIS_SETTLEMENT,NSK-OCS-468886 HIS_SETTLEMENT 3358005YT7JQCWYLTG43,500168623,Journal Import 2591614:,//SETTLEMENT,2,,,,,2640,0,Posted
06-09-2024,01.12102.000.0000.000.3706008.00000.000,eHIS,HIS_SETTLEMENT,NSK-OCS-468887 HIS_SETTLEMENT 3358005YT7JQCWYLTG43,500168661,Journal Import 2591614:,//SETTLEMENT,2,,,,,800,0,Posted
06-09-2024,01.12102.000.0000.000.3706008.00000.000,eHIS,HIS_SETTLEMENT,NSK-OCS-468888 HIS_SETTLEMENT 3358005YT7JQCWYLTG43,500168662,Journal Import 2591614:,//SETTLEMENT,2,,,,,800,0,Posted
06-09-2024,01.12102.000.0000.000.3706008.00000.000,eHIS,HIS_SETTLEMENT,NSK-OCS-468889 HIS_SETTLEMENT 3358005YT7JQCWYLTG43,500168663,Journal Import 2591614:,//SETTLEMENT,2,,,,,800,0,Posted
06-09-2024,01.12102.000.0000.000.3706008.00000.000,eHIS,HIS_SETTLEMENT,NSK-OCS-468890 HIS_SETTLEMENT 3358005YT7JQCWYLTG43,500168594,Journal Import 2591614:,//SETTLEMENT,2,,,,,2400,0,Posted
06-09-2024,01.12102.000.0000.000.3706008.00000.000,eHIS,HIS_SETTLEMENT,NSK-OCS-468891 HIS_SETTLEMENT 3358005YT7JQCWYLTG43,500168620,Journal Import 2591614:,//SETTLEMENT,2,,,,,900,0,Posted
06-09-2024,01.12102.000.0000.000.3706008.00000.000,eHIS,HIS_SETTLEMENT,NSK-OCS-468892 HIS_SETTLEMENT 3358005YT7JQCWYLTG43,500168479,Journal Import 2591614:,//SETTLEMENT,2,,,,,100,0,Posted
06-09-2024,01.12102.000.0000.000.3706008.00000.000,eHIS,HIS_SETTLEMENT,NSK-OCS-468893 HIS_SETTLEMENT 3358005YT7JQCWYLTG43,500168433,Journal Import 2591614:,//SETTLEMENT,2,,,,,5000,0,Posted
06-09-2024,01.12102.000.0000.000.3706008.00000.000,eHIS,HIS_SETTLEMENT,NSK-OCS-468894 HIS_SETTLEMENT 3358005YT7JQCWYLTG43,500168664,Journal Import 2591614:,//SETTLEMENT,2,,,,,800,0,Posted
06-09-2024,01.12102.000.0000.000.3706008.00000.000,eHIS,HIS_SETTLEMENT,NSK-OCS-468895 HIS_SETTLEMENT 3358005YT7JQCWYLTG43,500168352,Journal Import 2591614:,//SETTLEMENT,2,,,,,200,0,Posted
06-09-2024,01.12102.000.0000.000.3706008.00000.000,eHIS,HIS_SETTLEMENT,NSK-OCS-468896 HIS_SETTLEMENT 3358005YT7JQCWYLTG43,500168430,Journal Import 2591614:,//SETTLEMENT,2,,,,,1100,0,Posted
06-09-2024,01.12102.000.0000.000.3706008.00000.000,eHIS,HIS_SETTLEMENT,NSK-OCS-468897 HIS_SETTLEMENT 3358005YT7JQCWYLTG43,500168718,Journal Import 2591614:,//SETTLEMENT,2,,,,,15000,0,Posted
06-09-2024,01.12102.000.0000.000.3706008.00000.000,eHIS,HIS_SETTLEMENT,NSK-OCS-468898 HIS_SETTLEMENT 3358005YT7JQCWYLTG43,500168358,Journal Import 2591614:,//SETTLEMENT,2,,,,,1200,0,Posted
06-09-2024,01.12102.000.0000.000.3706008.00000.000,eHIS,HIS_SETTLEMENT,NSK-OCS-468899 HIS_SETTLEMENT 3358005YT7JQCWYLTG43,500168716,Journal Import 2591614:,//SETTLEMENT,2,,,,,1800,0,Posted
06-09-2024,01.12102.000.0000.000.3706008.00000.000,eHIS,HIS_SETTLEMENT,NSK-OCS-468900 HIS_SETTLEMENT 3358005YT7JQCWYLTG43,500168665,Journal Import 2591614:,//SETTLEMENT,2,,,,,800,0,Posted
06-09-2024,01.12102.000.0000.000.3706008.00000.000,eHIS,HIS_SETTLEMENT,NSK-OCS-468901 HIS_SETTLEMENT 3358005YT7JQCWYLTG43,500168591,Journal Import 2591614:,//SETTLEMENT,2,,,,,2250,0,Posted
06-09-2024,01.12102.000.0000.000.3706008.00000.000,eHIS,HIS_SETTLEMENT,NSK-OCS-468902 HIS_SETTLEMENT 3358005YT7JQCWYLTG43,500168359,Journal Import 2591614:,//SETTLEMENT,2,,,,,1200,0,Posted
06-09-2024,01.12102.000.0000.000.3706008.00000.000,eHIS,HIS_SETTLEMENT,NSK-OCS-468903 HIS_SETTLEMENT 3358005YT7JQCWYLTG43,500168361,Journal Import 2591614:,//SETTLEMENT,2,,,,,1250,0,Posted
06-09-2024,01.12102.000.0000.000.3706008.00000.000,eHIS,HIS_SETTLEMENT,NSK-OCS-468904 HIS_SETTLEMENT 3358005YT7JQCWYLTG43,500168431,Journal Import 2591614:,//SETTLEMENT,2,,,,,4900,0,Posted
06-09-2024,01.12102.000.0000.000.3706008.00000.000,eHIS,HIS_SETTLEMENT,NSK-OCS-468905 HIS_SETTLEMENT 3358005YT7JQCWYLTG43,500168539,Journal Import 2591614:,//SETTLEMENT,2,,,,,500,0,Posted
06-09-2024,01.12102.000.0000.000.3706008.00000.000,eHIS,HIS_SETTLEMENT,NSK-OCS-468906 HIS_SETTLEMENT 3358005YT7JQCWYLTG43,500168894,Journal Import 2591614:,//SETTLEMENT,2,,,,,250,0,Posted
06-09-2024,01.12102.000.0000.000.3706008.00000.000,eHIS,HIS_SETTLEMENT,NSK-OCS-468907 HIS_SETTLEMENT 3358005YT7JQCWYLTG43,500168353,Journal Import 2591614:,//SETTLEMENT,2,,,,,200,0,Posted
06-09-2024,01.12102.000.0000.000.3706008.00000.000,eHIS,HIS_SETTLEMENT,NSK-OCS-468908 HIS_SETTLEMENT 3358005YT7JQCWYLTG43,500168360,Journal Import 2591614:,//SETTLEMENT,2,,,,,1200,0,Posted
06-09-2024,01.12102.000.0000.000.3706008.00000.000,eHIS,HIS_SETTLEMENT,NSK-OCS-468909 HIS_SETTLEMENT 3358005YT7JQCWYLTG43,500168559,Journal Import 2591614:,//SETTLEMENT,2,,,,,540,0,Posted
06-09-2024,01.12102.000.0000.000.3706008.00000.000,eHIS,HIS_SETTLEMENT,NSK-OCS-468910 HIS_SETTLEMENT 3358005YT7JQCWYLTG43,500168354,Journal Import 2591614:,//SETTLEMENT,2,,,,,750,0,Posted
06-09-2024,01.12102.000.0000.000.3706008.00000.000,eHIS,HIS_SETTLEMENT,NSK-OCS-468911 HIS_SETTLEMENT 3358005YT7JQCWYLTG43,500168699,Journal Import 2591614:,//SETTLEMENT,2,,,,,299,0,Posted
06-09-2024,01.12102.000.0000.000.3706008.00000.000,eHIS,HIS_SETTLEMENT,NSK-OCS-468912 HIS_SETTLEMENT 3358005YT7JQCWYLTG43,500168666,Journal Import 2591614:,//SETTLEMENT,2,,,,,800,0,Posted
06-09-2024,01.12102.000.0000.000.3706008.00000.000,eHIS,HIS_SETTLEMENT,NSK-OCS-468913 HIS_SETTLEMENT 3358005YT7JQCWYLTG43,500168700,Journal Import 2591614:,//SETTLEMENT,2,,,,,299,0,Posted
06-09-2024,01.12102.000.0000.000.3706008.00000.000,eHIS,HIS_SETTLEMENT,NSK-OCS-468914 HIS_SETTLEMENT 3358005YT7JQCWYLTG43,500168810,Journal Import 2591614:,//SETTLEMENT,2,,,,,1300,0,Posted
06-09-2024,01.12102.000.0000.000.3706008.00000.000,eHIS,HIS_SETTLEMENT,NSK-OCS-468915 HIS_SETTLEMENT 3358005YT7JQCWYLTG43,500168736,Journal Import 2591614:,//SETTLEMENT,2,,,,,410,0,Posted
06-09-2024,01.12102.000.0000.000.3706008.00000.000,eHIS,HIS_SETTLEMENT,NSK-OCS-468916 HIS_SETTLEMENT 3358005YT7JQCWYLTG43,500168811,Journal Import 2591614:,//SETTLEMENT,2,,,,,1300,0,Posted
06-09-2024,01.12102.000.0000.000.3706008.00000.000,eHIS,HIS_SETTLEMENT,NSK-OCS-468917 HIS_SETTLEMENT 3358005YT7JQCWYLTG43,500168737,Journal Import 2591614:,//SETTLEMENT,2,,,,,410,0,Posted
06-09-2024,01.12102.000.0000.000.3706008.00000.000,eHIS,HIS_SETTLEMENT,NSK-OCS-468918 HIS_SETTLEMENT 3358005YT7JQCWYLTG43,500168650,Journal Import 2591614:,//SETTLEMENT,2,,,,,450,0,Posted
06-09-2024,01.12102.000.0000.000.3706008.00000.000,eHIS,HIS_SETTLEMENT,NSK-OCS-468919 HIS_SETTLEMENT 3358005YT7JQCWYLTG43,500168675,Journal Import 2591614:,//SETTLEMENT,2,,,,,1850,0,Posted
06-09-2024,01.12102.000.0000.000.3706008.00000.000,eHIS,HIS_SETTLEMENT,NSK-OCS-468920 HIS_SETTLEMENT 3358005YT7JQCWYLTG43,500168624,Journal Import 2591614:,//SETTLEMENT,2,,,,,2800,0,Posted
06-09-2024,01.12102.000.0000.000.3706008.00000.000,eHIS,HIS_SETTLEMENT,NSK-OCS-468921 HIS_SETTLEMENT 3358005YT7JQCWYLTG43,500168676,Journal Import 2591614:,//SETTLEMENT,2,,,,,1850,0,Posted
06-09-2024,01.12102.000.0000.000.3706008.00000.000,eHIS,HIS_SETTLEMENT,NSK-OCS-468922 HIS_SETTLEMENT 3358005YT7JQCWYLTG43,500168575,Journal Import 2591614:,//SETTLEMENT,3,,,,,850,0,Posted
06-09-2024,01.12102.000.0000.000.3706008.00000.000,eHIS,HIS_SETTLEMENT,NSK-OCS-468922 HIS_SETTLEMENT 3358005YT7JQCWYLTG43,500168575,Journal Import 2591614:,//SETTLEMENT,4,,,,,2000,0,Posted
06-09-2024,01.12102.000.0000.000.3706008.00000.000,eHIS,HIS_SETTLEMENT,NSK-OCS-468923 HIS_SETTLEMENT 3358005YT7JQCWYLTG43,500168438,Journal Import 2591614:,//SETTLEMENT,2,,,,,3500,0,Posted
06-09-2024,01.12102.000.0000.000.3706008.00000.000,eHIS,HIS_SETTLEMENT,NSK-OCS-468924 HIS_SETTLEMENT 3358005YT7JQCWYLTG43,500168621,Journal Import 2591614:,//SETTLEMENT,2,,,,,900,0,Posted
06-09-2024,01.12102.000.0000.000.3706008.00000.000,eHIS,HIS_SETTLEMENT,NSK-OCS-468925 HIS_SETTLEMENT 3358005YT7JQCWYLTG43,500168667,Journal Import 2591614:,//SETTLEMENT,2,,,,,800,0,Posted
06-09-2024,01.12102.000.0000.000.3706008.00000.000,eHIS,HIS_SETTLEMENT,NSK-OCS-468926 HIS_SETTLEMENT 3358005YT7JQCWYLTG43,500168432,Journal Import 2591614:,//SETTLEMENT,2,,,,,4900,0,Posted
06-09-2024,01.12102.000.0000.000.3706008.00000.000,eHIS,HIS_SETTLEMENT,NSK-OCS-468927 HIS_SETTLEMENT 3358005YT7JQCWYLTG43,500168327,Journal Import 2591614:,//SETTLEMENT,2,,,,,7300,0,Posted
06-09-2024,01.12102.000.0000.000.3706008.00000.000,eHIS,HIS_SETTLEMENT,NSK-OCS-468928 HIS_SETTLEMENT 3358005YT7JQCWYLTG43,500168677,Journal Import 2591614:,//SETTLEMENT,2,,,,,1850,0,Posted
07-09-2024,01.12102.000.0000.000.3706008.00000.000,eHIS,HIS_SETTLEMENT,NSK-OCS-468929 HIS_SETTLEMENT 3358005YT7JQCWYLTG43,500169003,Journal Import 2599930:,//SETTLEMENT,2,,,,,1093,0,Posted
06-09-2024,01.12102.000.0000.000.3706008.00000.000,eHIS,HIS_SETTLEMENT,NSK-OCS-468930 HIS_SETTLEMENT 3358005YT7JQCWYLTG43,500168489,Journal Import 2591614:,//SETTLEMENT,2,,,,,4580,0,Posted
06-09-2024,01.12102.000.0000.000.3706008.00000.000,eHIS,HIS_SETTLEMENT,NSK-OCS-468931 HIS_SETTLEMENT 3358005YT7JQCWYLTG43,500168678,Journal Import 2591614:,//SETTLEMENT,2,,,,,1850,0,Posted
06-09-2024,01.12102.000.0000.000.3706008.00000.000,eHIS,HIS_SETTLEMENT,NSK-OCS-468932 HIS_SETTLEMENT 3358005YT7JQCWYLTG43,500168480,Journal Import 2591614:,//SETTLEMENT,2,,,,,100,0,Posted
06-09-2024,01.12102.000.0000.000.3706008.00000.000,eHIS,HIS_SETTLEMENT,NSK-OCS-468933 HIS_SETTLEMENT 3358005YT7JQCWYLTG43,500168679,Journal Import 2591614:,//SETTLEMENT,2,,,,,1850,0,Posted
06-09-2024,01.12102.000.0000.000.3706008.00000.000,eHIS,HIS_SETTLEMENT,NSK-OCS-468934 HIS_SETTLEMENT 3358005YT7JQCWYLTG43,500168668,Journal Import 2591614:,//SETTLEMENT,2,,,,,800,0,Posted
07-09-2024,01.12102.000.0000.000.3706008.00000.000,eHIS,HIS_SETTLEMENT,NSK-OCS-468935 HIS_SETTLEMENT 3358005YT7JQCWYLTG43,500168955,Journal Import 2591614:,//SETTLEMENT,2,,,,,3500,0,Posted
07-09-2024,01.12102.000.0000.000.3706008.00000.000,eHIS,HIS_SETTLEMENT,NSK-OCS-468936 HIS_SETTLEMENT 3358005YT7JQCWYLTG43,500168998,Journal Import 2591614:,//SETTLEMENT,2,,,,,200,0,Posted
07-09-2024,01.12102.000.0000.000.3706008.00000.000,eHIS,HIS_SETTLEMENT,NSK-OCS-468937 HIS_SETTLEMENT 3358005YT7JQCWYLTG43,500168999,Journal Import 2591614:,//SETTLEMENT,2,,,,,200,0,Posted
07-09-2024,01.12102.000.0000.000.3706008.00000.000,eHIS,HIS_SETTLEMENT,NSK-OCS-468938 HIS_SETTLEMENT 3358005YT7JQCWYLTG43,500169042,Journal Import 2591614:,//SETTLEMENT,2,,,,,1850,0,Posted
07-09-2024,01.12102.000.0000.000.3706008.00000.000,eHIS,HIS_SETTLEMENT,NSK-OCS-468939 HIS_SETTLEMENT 3358005YT7JQCWYLTG43,500168970,Journal Import 2591614:,//SETTLEMENT,2,,,,,100,0,Posted
07-09-2024,01.12102.000.0000.000.3706008.00000.000,eHIS,HIS_SETTLEMENT,NSK-OCS-468940 HIS_SETTLEMENT 3358005YT7JQCWYLTG43,500168994,Journal Import 2591614:,//SETTLEMENT,2,,,,,700,0,Posted
07-09-2024,01.12102.000.0000.000.3706008.00000.000,eHIS,HIS_SETTLEMENT,NSK-OCS-468941 HIS_SETTLEMENT 3358005YT7JQCWYLTG43,500168971,Journal Import 2591614:,//SETTLEMENT,2,,,,,100,0,Posted
07-09-2024,01.12102.000.0000.000.3706008.00000.000,eHIS,HIS_SETTLEMENT,NSK-OCS-468942 HIS_SETTLEMENT 3358005YT7JQCWYLTG43,500168954,Journal Import 2591614:,//SETTLEMENT,2,,,,,1000,0,Posted
07-09-2024,01.12102.000.0000.000.3706008.00000.000,eHIS,HIS_SETTLEMENT,NSK-OCS-468943 HIS_SETTLEMENT 3358005YT7JQCWYLTG43,500169019,Journal Import 2591614:,//SETTLEMENT,2,,,,,9200,0,Posted
07-09-2024,01.12102.000.0000.000.3706008.00000.000,eHIS,HIS_SETTLEMENT,NSK-OCS-468944 HIS_SETTLEMENT 3358005YT7JQCWYLTG43,500168953,Journal Import 2591614:,//SETTLEMENT,2,,,,,600,0,Posted
07-09-2024,01.12102.000.0000.000.3706008.00000.000,eHIS,HIS_SETTLEMENT,NSK-OCS-468945 HIS_SETTLEMENT 3358005YT7JQCWYLTG43,500169000,Journal Import 2591614:,//SETTLEMENT,2,,,,,200,0,Posted
07-09-2024,01.12102.000.0000.000.3706008.00000.000,eHIS,HIS_SETTLEMENT,NSK-OCS-468946 HIS_SETTLEMENT 3358005YT7JQCWYLTG43,500169001,Journal Import 2591614:,//SETTLEMENT,3,,,,,200,0,Posted
07-09-2024,01.12102.000.0000.000.3706008.00000.000,eHIS,HIS_SETTLEMENT,NSK-OCS-468946 HIS_SETTLEMENT 3358005YT7JQCWYLTG43,500169001,Journal Import 2591614:,//SETTLEMENT,4,,,,,3300,0,Posted
07-09-2024,01.12102.000.0000.000.3706008.00000.000,eHIS,HIS_SETTLEMENT,NSK-OCS-468947 HIS_SETTLEMENT 3358005YT7JQCWYLTG43,500169064,Journal Import 2591614:,//SETTLEMENT,2,,,,,900,0,Posted
07-09-2024,01.12102.000.0000.000.3706008.00000.000,eHIS,HIS_SETTLEMENT,NSK-OCS-468948 HIS_SETTLEMENT 3358005YT7JQCWYLTG43,500168984,Journal Import 2591614:,//SETTLEMENT,2,,,,,5350,0,Posted
07-09-2024,01.12102.000.0000.000.3706008.00000.000,eHIS,HIS_SETTLEMENT,NSK-OCS-468949 HIS_SETTLEMENT 3358005YT7JQCWYLTG43,500169002,Journal Import 2591614:,//SETTLEMENT,2,,,,,220,0,Posted
07-09-2024,01.12102.000.0000.000.3706008.00000.000,eHIS,HIS_SETTLEMENT,NSK-OCS-468950 HIS_SETTLEMENT 3358005YT7JQCWYLTG43,500168956,Journal Import 2591614:,//SETTLEMENT,2,,,,,3500,0,Posted
07-09-2024,01.12102.000.0000.000.3706008.00000.000,eHIS,HIS_SETTLEMENT,NSK-OCS-468951 HIS_SETTLEMENT 3358005YT7JQCWYLTG43,500169043,Journal Import 2591614:,//SETTLEMENT,2,,,,,1850,0,Posted
07-09-2024,01.12102.000.0000.000.3706008.00000.000,eHIS,HIS_SETTLEMENT,NSK-OCS-468952 HIS_SETTLEMENT 3358005YT7JQCWYLTG43,500169044,Journal Import 2591614:,//SETTLEMENT,2,,,,,1850,0,Posted
07-09-2024,01.12102.000.0000.000.3706008.00000.000,eHIS,HIS_SETTLEMENT,NSK-OCS-468953 HIS_SETTLEMENT 3358005YT7JQCWYLTG43,500168972,Journal Import 2591614:,//SETTLEMENT,2,,,,,100,0,Posted
07-09-2024,01.12102.000.0000.000.3706008.00000.000,eHIS,HIS_SETTLEMENT,NSK-OCS-468954 HIS_SETTLEMENT 3358005YT7JQCWYLTG43,500169063,Journal Import 2591614:,//SETTLEMENT,3,,,,,50,0,Posted
07-09-2024,01.12102.000.0000.000.3706008.00000.000,eHIS,HIS_SETTLEMENT,NSK-OCS-468954 HIS_SETTLEMENT 3358005YT7JQCWYLTG43,500169063,Journal Import 2591614:,//SETTLEMENT,4,,,,,1800,0,Posted
07-09-2024,01.12102.000.0000.000.3706008.00000.000,eHIS,HIS_SETTLEMENT,NSK-OCS-468955 HIS_SETTLEMENT 3358005YT7JQCWYLTG43,500168973,Journal Import 2591614:,//SETTLEMENT,2,,,,,100,0,Posted
07-09-2024,01.12102.000.0000.000.3706008.00000.000,eHIS,HIS_SETTLEMENT,NSK-OCS-468956 HIS_SETTLEMENT 3358005YT7JQCWYLTG43,500168974,Journal Import 2591614:,//SETTLEMENT,2,,,,,100,0,Posted
07-09-2024,01.12102.000.0000.000.3706008.00000.000,eHIS,HIS_SETTLEMENT,NSK-OCS-468957 HIS_SETTLEMENT 3358005YT7JQCWYLTG43,500168952,Journal Import 2591614:,//SETTLEMENT,3,,,,,550,0,Posted
07-09-2024,01.12102.000.0000.000.3706008.00000.000,eHIS,HIS_SETTLEMENT,NSK-OCS-468957 HIS_SETTLEMENT 3358005YT7JQCWYLTG43,500168952,Journal Import 2591614:,//SETTLEMENT,4,,,,,2000,0,Posted
07-09-2024,01.12102.000.0000.000.3706008.00000.000,eHIS,HIS_SETTLEMENT,NSK-OCS-468958 HIS_SETTLEMENT 3358005YT7JQCWYLTG43,500168975,Journal Import 2591614:,//SETTLEMENT,2,,,,,100,0,Posted
07-09-2024,01.12102.000.0000.000.3706008.00000.000,eHIS,HIS_SETTLEMENT,NSK-OCS-468959 HIS_SETTLEMENT 3358005YT7JQCWYLTG43,500169060,Journal Import 2591614:,//SETTLEMENT,2,,,,,2350,0,Posted
07-09-2024,01.12102.000.0000.000.3706008.00000.000,eHIS,HIS_SETTLEMENT,NSK-OCS-468960 HIS_SETTLEMENT 3358005YT7JQCWYLTG43,500169045,Journal Import 2591614:,//SETTLEMENT,2,,,,,1850,0,Posted
07-09-2024,01.12102.000.0000.000.3706008.00000.000,eHIS,HIS_SETTLEMENT,NSK-OCS-468961 HIS_SETTLEMENT 3358005YT7JQCWYLTG43,500169046,Journal Import 2591614:,//SETTLEMENT,2,,,,,1850,0,Posted
08-09-2024,01.12102.000.0000.000.3706008.00000.000,eHIS,HIS_SETTLEMENT,NSK-OCS-468962 HIS_SETTLEMENT 3358005YT7JQCWYLTG43,500169146,Journal Import 2591614:,//SETTLEMENT,2,,,,,200,0,Posted
08-09-2024,01.12102.000.0000.000.3706008.00000.000,eHIS,HIS_SETTLEMENT,NSK-OCS-468963 HIS_SETTLEMENT 3358005YT7JQCWYLTG43,500169151,Journal Import 2591614:,//SETTLEMENT,2,,,,,410,0,Posted
08-09-2024,01.12102.000.0000.000.3706008.00000.000,eHIS,HIS_SETTLEMENT,NSK-OCS-468964 HIS_SETTLEMENT 3358005YT7JQCWYLTG43,500169196,Journal Import 2591614:,//SETTLEMENT,2,,,,,100,0,Posted
08-09-2024,01.12102.000.0000.000.3706008.00000.000,eHIS,HIS_SETTLEMENT,NSK-OCS-468965 HIS_SETTLEMENT 3358005YT7JQCWYLTG43,500169197,Journal Import 2591614:,//SETTLEMENT,2,,,,,100,0,Posted
08-09-2024,01.12102.000.0000.000.3706008.00000.000,eHIS,HIS_SETTLEMENT,NSK-OCS-468966 HIS_SETTLEMENT 3358005YT7JQCWYLTG43,500169209,Journal Import 2591614:,//SETTLEMENT,2,,,,,120,0,Posted
08-09-2024,01.12102.000.0000.000.3706008.00000.000,eHIS,HIS_SETTLEMENT,NSK-OCS-468967 HIS_SETTLEMENT 3358005YT7JQCWYLTG43,500169156,Journal Import 2591614:,//SETTLEMENT,2,,,,,1850,0,Posted
08-09-2024,01.12102.000.0000.000.3706008.00000.000,eHIS,HIS_SETTLEMENT,NSK-OCS-468968 HIS_SETTLEMENT 3358005YT7JQCWYLTG43,500169157,Journal Import 2591614:,//SETTLEMENT,2,,,,,1850,0,Posted
08-09-2024,01.12102.000.0000.000.3706008.00000.000,eHIS,HIS_SETTLEMENT,NSK-OCS-468969 HIS_SETTLEMENT 3358005YT7JQCWYLTG43,500169150,Journal Import 2591614:,//SETTLEMENT,3,,,,,400,0,Posted
08-09-2024,01.12102.000.0000.000.3706008.00000.000,eHIS,HIS_SETTLEMENT,NSK-OCS-468969 HIS_SETTLEMENT 3358005YT7JQCWYLTG43,500169150,Journal Import 2591614:,//SETTLEMENT,4,,,,,11420,0,Posted
09-09-2024,01.12102.000.0000.000.3706008.00000.000,eHIS,HIS_SETTLEMENT,NSK-OCS-468970 HIS_SETTLEMENT 3358005YT7JQCWYLTG43,500169278,Journal Import 2599930:,//SETTLEMENT,2,,,,,1197,0,Posted
08-09-2024,01.12102.000.0000.000.3706008.00000.000,eHIS,HIS_SETTLEMENT,NSK-OCS-468971 HIS_SETTLEMENT 3358005YT7JQCWYLTG43,500169158,Journal Import 2591614:,//SETTLEMENT,2,,,,,1850,0,Posted
08-09-2024,01.12102.000.0000.000.3706008.00000.000,eHIS,HIS_SETTLEMENT,NSK-OCS-468972 HIS_SETTLEMENT 3358005YT7JQCWYLTG43,500169178,Journal Import 2591614:,//SETTLEMENT,2,,,,,500,0,Posted
08-09-2024,01.12102.000.0000.000.3706008.00000.000,eHIS,HIS_SETTLEMENT,NSK-OCS-468973 HIS_SETTLEMENT 3358005YT7JQCWYLTG43,500169198,Journal Import 2591614:,//SETTLEMENT,2,,,,,100,0,Posted
08-09-2024,01.12102.000.0000.000.3706008.00000.000,eHIS,HIS_SETTLEMENT,NSK-OCS-468974 HIS_SETTLEMENT 3358005YT7JQCWYLTG43,500169204,Journal Import 2591614:,//SETTLEMENT,2,,,,,100,0,Posted
08-09-2024,01.12102.000.0000.000.3706008.00000.000,eHIS,HIS_SETTLEMENT,NSK-OCS-468975 HIS_SETTLEMENT 3358005YT7JQCWYLTG43,500169205,Journal Import 2591614:,//SETTLEMENT,2,,,,,100,0,Posted
08-09-2024,01.12102.000.0000.000.3706008.00000.000,eHIS,HIS_SETTLEMENT,NSK-OCS-468976 HIS_SETTLEMENT 3358005YT7JQCWYLTG43,500169193,Journal Import 2591614:,//SETTLEMENT,2,,,,,550,0,Posted
08-09-2024,01.12102.000.0000.000.3706008.00000.000,eHIS,HIS_SETTLEMENT,NSK-OCS-468977 HIS_SETTLEMENT 3358005YT7JQCWYLTG43,500169169,Journal Import 2591614:,//SETTLEMENT,2,,,,,1850,0,Posted
08-09-2024,01.12102.000.0000.000.3706008.00000.000,eHIS,HIS_SETTLEMENT,NSK-OCS-468978 HIS_SETTLEMENT 3358005YT7JQCWYLTG43,500169270,Journal Import 2591614:,//SETTLEMENT,2,,,,,12000,0,Posted
08-09-2024,01.12102.000.0000.000.3706008.00000.000,eHIS,HIS_SETTLEMENT,NSK-OCS-468979 HIS_SETTLEMENT 3358005YT7JQCWYLTG43,500169145,Journal Import 2591614:,//SETTLEMENT,2,,,,,6000,0,Posted
08-09-2024,01.12102.000.0000.000.3706008.00000.000,eHIS,HIS_SETTLEMENT,NSK-OCS-468980 HIS_SETTLEMENT 3358005YT7JQCWYLTG43,500169206,Journal Import 2591614:,//SETTLEMENT,2,,,,,100,0,Posted
08-09-2024,01.12102.000.0000.000.3706008.00000.000,eHIS,HIS_SETTLEMENT,NSK-OCS-468981 HIS_SETTLEMENT 3358005YT7JQCWYLTG43,500169172,Journal Import 2591614:,//SETTLEMENT,2,,,,,2250,0,Posted
08-09-2024,01.12102.000.0000.000.3706008.00000.000,eHIS,HIS_SETTLEMENT,NSK-OCS-468982 HIS_SETTLEMENT 3358005YT7JQCWYLTG43,500169261,Journal Import 2591614:,//SETTLEMENT,2,,,,,1450,0,Posted
08-09-2024,01.12102.000.0000.000.3706008.00000.000,eHIS,HIS_SETTLEMENT,NSK-OCS-468983 HIS_SETTLEMENT 3358005YT7JQCWYLTG43,500169207,Journal Import 2591614:,//SETTLEMENT,2,,,,,100,0,Posted
08-09-2024,01.12102.000.0000.000.3706008.00000.000,eHIS,HIS_SETTLEMENT,NSK-OCS-468984 HIS_SETTLEMENT 3358005YT7JQCWYLTG43,500169208,Journal Import 2591614:,//SETTLEMENT,2,,,,,100,0,Posted
09-09-2024,01.12102.000.0000.000.3706008.00000.000,eHIS,HIS_SETTLEMENT,NSK-OCS-468985 HIS_SETTLEMENT 3358005YT7JQCWYLTG43,500169276,Journal Import 2591614:,//SETTLEMENT,2,,,,,200,0,Posted
09-09-2024,01.12102.000.0000.000.3706008.00000.000,eHIS,HIS_SETTLEMENT,NSK-OCS-468986 HIS_SETTLEMENT 3358005YT7JQCWYLTG43,500169407,Journal Import 2591614:,//SETTLEMENT,2,,,,,1650,0,Posted
09-09-2024,01.12102.000.0000.000.3706008.00000.000,eHIS,HIS_SETTLEMENT,NSK-OCS-468987 HIS_SETTLEMENT 3358005YT7JQCWYLTG43,500169304,Journal Import 2591614:,//SETTLEMENT,2,,,,,1850,0,Posted
09-09-2024,01.12102.000.0000.000.3706008.00000.000,eHIS,HIS_SETTLEMENT,NSK-OCS-468988 HIS_SETTLEMENT 3358005YT7JQCWYLTG43,500169338,Journal Import 2591614:,//SETTLEMENT,2,,,,,100,0,Posted
09-09-2024,01.12102.000.0000.000.3706008.00000.000,eHIS,HIS_SETTLEMENT,NSK-OCS-468989 HIS_SETTLEMENT 3358005YT7JQCWYLTG43,500169339,Journal Import 2591614:,//SETTLEMENT,2,,,,,100,0,Posted
09-09-2024,01.12102.000.0000.000.3706008.00000.000,eHIS,HIS_SETTLEMENT,NSK-OCS-468990 HIS_SETTLEMENT 3358005YT7JQCWYLTG43,500169326,Journal Import 2591614:,//SETTLEMENT,2,,,,,1000,0,Posted
09-09-2024,01.12102.000.0000.000.3706008.00000.000,eHIS,HIS_SETTLEMENT,NSK-OCS-468991 HIS_SETTLEMENT 3358005YT7JQCWYLTG43,500169306,Journal Import 2591614:,//SETTLEMENT,3,,,,,50,0,Posted
09-09-2024,01.12102.000.0000.000.3706008.00000.000,eHIS,HIS_SETTLEMENT,NSK-OCS-468991 HIS_SETTLEMENT 3358005YT7JQCWYLTG43,500169306,Journal Import 2591614:,//SETTLEMENT,4,,,,,3450,0,Posted
09-09-2024,01.12102.000.0000.000.3706008.00000.000,eHIS,HIS_SETTLEMENT,NSK-OCS-468992 HIS_SETTLEMENT 3358005YT7JQCWYLTG43,500169340,Journal Import 2591614:,//SETTLEMENT,2,,,,,100,0,Posted
09-09-2024,01.12102.000.0000.000.3706008.00000.000,eHIS,HIS_SETTLEMENT,NSK-OCS-468993 HIS_SETTLEMENT 3358005YT7JQCWYLTG43,500169341,Journal Import 2591614:,//SETTLEMENT,2,,,,,100,0,Posted
09-09-2024,01.12102.000.0000.000.3706008.00000.000,eHIS,HIS_SETTLEMENT,NSK-OCS-468994 HIS_SETTLEMENT 3358005YT7JQCWYLTG43,500169277,Journal Import 2591614:,//SETTLEMENT,2,,,,,200,0,Posted
09-09-2024,01.12102.000.0000.000.3706008.00000.000,eHIS,HIS_SETTLEMENT,NSK-OCS-468995 HIS_SETTLEMENT 3358005YT7JQCWYLTG43,500169342,Journal Import 2591614:,//SETTLEMENT,2,,,,,100,0,Posted
09-09-2024,01.12102.000.0000.000.3706008.00000.000,eHIS,HIS_SETTLEMENT,NSK-OCS-468996 HIS_SETTLEMENT 3358005YT7JQCWYLTG43,500169839,Journal Import 2591641:,//SETTLEMENT,2,,,,,410,0,Posted
09-09-2024,01.12102.000.0000.000.3706008.00000.000,eHIS,HIS_SETTLEMENT,NSK-OCS-468997 HIS_SETTLEMENT 3358005YT7JQCWYLTG43,500169964,Journal Import 2591641:,//SETTLEMENT,2,,,,,1850,0,Posted
09-09-2024,01.12102.000.0000.000.3706008.00000.000,eHIS,HIS_SETTLEMENT,NSK-OCS-468998 HIS_SETTLEMENT 3358005YT7JQCWYLTG43,500169884,Journal Import 2591641:,//SETTLEMENT,2,,,,,100,0,Posted
09-09-2024,01.12102.000.0000.000.3706008.00000.000,eHIS,HIS_SETTLEMENT,NSK-OCS-468999 HIS_SETTLEMENT 3358005YT7JQCWYLTG43,500169965,Journal Import 2591641:,//SETTLEMENT,2,,,,,1850,0,Posted
09-09-2024,01.12102.000.0000.000.3706008.00000.000,eHIS,HIS_SETTLEMENT,NSK-OCS-469000 HIS_SETTLEMENT 3358005YT7JQCWYLTG43,500169705,Journal Import 2591641:,//SETTLEMENT,2,,,,,5888,0,Posted
09-09-2024,01.12102.000.0000.000.3706008.00000.000,eHIS,HIS_SETTLEMENT,NSK-OCS-469001 HIS_SETTLEMENT 3358005YT7JQCWYLTG43,500169806,Journal Import 2591641:,//SETTLEMENT,2,,,,,2650,0,Posted
09-09-2024,01.12102.000.0000.000.3706008.00000.000,eHIS,HIS_SETTLEMENT,NSK-OCS-469002 HIS_SETTLEMENT 3358005YT7JQCWYLTG43,500169706,Journal Import 2591641:,//SETTLEMENT,2,,,,,5888,0,Posted
09-09-2024,01.12102.000.0000.000.3706008.00000.000,eHIS,HIS_SETTLEMENT,NSK-OCS-469003 HIS_SETTLEMENT 3358005YT7JQCWYLTG43,500169885,Journal Import 2591641:,//SETTLEMENT,2,,,,,100,0,Posted
09-09-2024,01.12102.000.0000.000.3706008.00000.000,eHIS,HIS_SETTLEMENT,NSK-OCS-469004 HIS_SETTLEMENT 3358005YT7JQCWYLTG43,500169780,Journal Import 2591641:,//SETTLEMENT,2,,,,,4600,0,Posted
09-09-2024,01.12102.000.0000.000.3706008.00000.000,eHIS,HIS_SETTLEMENT,NSK-OCS-469005 HIS_SETTLEMENT 3358005YT7JQCWYLTG43,500169803,Journal Import 2591641:,//SETTLEMENT,2,,,,,2080,0,Posted
10-09-2024,01.12102.000.0000.000.3706008.00000.000,eHIS,HIS_SETTLEMENT,NSK-OCS-469006 HIS_SETTLEMENT 3358005YT7JQCWYLTG43,500170009,Journal Import 2599930:,//SETTLEMENT,2,,,,,350,0,Posted
09-09-2024,01.12102.000.0000.000.3706008.00000.000,eHIS,HIS_SETTLEMENT,NSK-OCS-469007 HIS_SETTLEMENT 3358005YT7JQCWYLTG43,500169841,Journal Import 2591641:,//SETTLEMENT,2,,,,,500,0,Posted
09-09-2024,01.12102.000.0000.000.3706008.00000.000,eHIS,HIS_SETTLEMENT,NSK-OCS-469008 HIS_SETTLEMENT 3358005YT7JQCWYLTG43,500169707,Journal Import 2591641:,//SETTLEMENT,2,,,,,5888,0,Posted
09-09-2024,01.12102.000.0000.000.3706008.00000.000,eHIS,HIS_SETTLEMENT,NSK-OCS-469009 HIS_SETTLEMENT 3358005YT7JQCWYLTG43,500169863,Journal Import 2591641:,//SETTLEMENT,2,,,,,900,0,Posted
09-09-2024,01.12102.000.0000.000.3706008.00000.000,eHIS,HIS_SETTLEMENT,NSK-OCS-469010 HIS_SETTLEMENT 3358005YT7JQCWYLTG43,500169842,Journal Import 2591641:,//SETTLEMENT,2,,,,,500,0,Posted
09-09-2024,01.12102.000.0000.000.3706008.00000.000,eHIS,HIS_SETTLEMENT,NSK-OCS-469012 HIS_SETTLEMENT 3358005YT7JQCWYLTG43,500169730,Journal Import 2591641:,//SETTLEMENT,2,,,,,1300,0,Posted
09-09-2024,01.12102.000.0000.000.3706008.00000.000,eHIS,HIS_SETTLEMENT,NSK-OCS-469013 HIS_SETTLEMENT 3358005YT7JQCWYLTG43,500169974,Journal Import 2591641:,//SETTLEMENT,2,,,,,800,0,Posted
09-09-2024,01.12102.000.0000.000.3706008.00000.000,eHIS,HIS_SETTLEMENT,NSK-OCS-469014 HIS_SETTLEMENT 3358005YT7JQCWYLTG43,500169731,Journal Import 2591641:,//SETTLEMENT,2,,,,,1300,0,Posted
09-09-2024,01.12102.000.0000.000.3706008.00000.000,eHIS,HIS_SETTLEMENT,NSK-OCS-469015 HIS_SETTLEMENT 3358005YT7JQCWYLTG43,500169708,Journal Import 2591641:,//SETTLEMENT,2,,,,,5888,0,Posted
09-09-2024,01.12102.000.0000.000.3706008.00000.000,eHIS,HIS_SETTLEMENT,NSK-OCS-469016 HIS_SETTLEMENT 3358005YT7JQCWYLTG43,500169966,Journal Import 2591641:,//SETTLEMENT,2,,,,,1850,0,Posted
09-09-2024,01.12102.000.0000.000.3706008.00000.000,eHIS,HIS_SETTLEMENT,NSK-OCS-469017 HIS_SETTLEMENT 3358005YT7JQCWYLTG43,500169817,Journal Import 2591641:,//SETTLEMENT,2,,,,,1200,0,Posted
09-09-2024,01.12102.000.0000.000.3706008.00000.000,eHIS,HIS_SETTLEMENT,NSK-OCS-469018 HIS_SETTLEMENT 3358005YT7JQCWYLTG43,500169894,Journal Import 2591641:,//SETTLEMENT,2,,,,,1000,0,Posted
09-09-2024,01.12102.000.0000.000.3706008.00000.000,eHIS,HIS_SETTLEMENT,NSK-OCS-469019 HIS_SETTLEMENT 3358005YT7JQCWYLTG43,500169902,Journal Import 2591641:,//SETTLEMENT,2,,,,,620,0,Posted
09-09-2024,01.12102.000.0000.000.3706008.00000.000,eHIS,HIS_SETTLEMENT,NSK-OCS-469020 HIS_SETTLEMENT 3358005YT7JQCWYLTG43,500169778,Journal Import 2591641:,//SETTLEMENT,2,,,,,4330,0,Posted
09-09-2024,01.12102.000.0000.000.3706008.00000.000,eHIS,HIS_SETTLEMENT,NSK-OCS-469021 HIS_SETTLEMENT 3358005YT7JQCWYLTG43,500169864,Journal Import 2591641:,//SETTLEMENT,2,,,,,900,0,Posted
09-09-2024,01.12102.000.0000.000.3706008.00000.000,eHIS,HIS_SETTLEMENT,NSK-OCS-469022 HIS_SETTLEMENT 3358005YT7JQCWYLTG43,500169818,Journal Import 2591641:,//SETTLEMENT,2,,,,,1200,0,Posted
09-09-2024,01.12102.000.0000.000.3706008.00000.000,eHIS,HIS_SETTLEMENT,NSK-OCS-469023 HIS_SETTLEMENT 3358005YT7JQCWYLTG43,500169843,Journal Import 2591641:,//SETTLEMENT,2,,,,,500,0,Posted
09-09-2024,01.12102.000.0000.000.3706008.00000.000,eHIS,HIS_SETTLEMENT,NSK-OCS-469024 HIS_SETTLEMENT 3358005YT7JQCWYLTG43,500169895,Journal Import 2591641:,//SETTLEMENT,2,,,,,1000,0,Posted
09-09-2024,01.12102.000.0000.000.3706008.00000.000,eHIS,HIS_SETTLEMENT,NSK-OCS-469025 HIS_SETTLEMENT 3358005YT7JQCWYLTG43,500169844,Journal Import 2591641:,//SETTLEMENT,2,,,,,500,0,Posted
09-09-2024,01.12102.000.0000.000.3706008.00000.000,eHIS,HIS_SETTLEMENT,NSK-OCS-469026 HIS_SETTLEMENT 3358005YT7JQCWYLTG43,500169899,Journal Import 2591641:,//SETTLEMENT,2,,,,,3280,0,Posted
09-09-2024,01.12102.000.0000.000.3706008.00000.000,eHIS,HIS_SETTLEMENT,NSK-OCS-469027 HIS_SETTLEMENT 3358005YT7JQCWYLTG43,500169975,Journal Import 2591641:,//SETTLEMENT,2,,,,,800,0,Posted
09-09-2024,01.12102.000.0000.000.3706008.00000.000,eHIS,HIS_SETTLEMENT,NSK-OCS-469028 HIS_SETTLEMENT 3358005YT7JQCWYLTG43,500169845,Journal Import 2591641:,//SETTLEMENT,2,,,,,500,0,Posted
09-09-2024,01.12102.000.0000.000.3706008.00000.000,eHIS,HIS_SETTLEMENT,NSK-OCS-469029 HIS_SETTLEMENT 3358005YT7JQCWYLTG43,500169865,Journal Import 2591641:,//SETTLEMENT,2,,,,,900,0,Posted
09-09-2024,01.12102.000.0000.000.3706008.00000.000,eHIS,HIS_SETTLEMENT,NSK-OCS-469030 HIS_SETTLEMENT 3358005YT7JQCWYLTG43,500169904,Journal Import 2591641:,//SETTLEMENT,2,,,,,650,0,Posted
09-09-2024,01.12102.000.0000.000.3706008.00000.000,eHIS,HIS_SETTLEMENT,NSK-OCS-469031 HIS_SETTLEMENT 3358005YT7JQCWYLTG43,500169809,Journal Import 2591641:,//SETTLEMENT,2,,,,,1100,0,Posted
09-09-2024,01.12102.000.0000.000.3706008.00000.000,eHIS,HIS_SETTLEMENT,NSK-OCS-469032 HIS_SETTLEMENT 3358005YT7JQCWYLTG43,500169976,Journal Import 2591641:,//SETTLEMENT,2,,,,,800,0,Posted
09-09-2024,01.12102.000.0000.000.3706008.00000.000,eHIS,HIS_SETTLEMENT,NSK-OCS-469033 HIS_SETTLEMENT 3358005YT7JQCWYLTG43,500169846,Journal Import 2591641:,//SETTLEMENT,2,,,,,500,0,Posted
09-09-2024,01.12102.000.0000.000.3706008.00000.000,eHIS,HIS_SETTLEMENT,NSK-OCS-469034 HIS_SETTLEMENT 3358005YT7JQCWYLTG43,500169923,Journal Import 2591641:,//SETTLEMENT,2,,,,,250,0,Posted
09-09-2024,01.12102.000.0000.000.3706008.00000.000,eHIS,HIS_SETTLEMENT,NSK-OCS-469035 HIS_SETTLEMENT 3358005YT7JQCWYLTG43,500169819,Journal Import 2591641:,//SETTLEMENT,2,,,,,1200,0,Posted
09-09-2024,01.12102.000.0000.000.3706008.00000.000,eHIS,HIS_SETTLEMENT,NSK-OCS-469036 HIS_SETTLEMENT 3358005YT7JQCWYLTG43,500169847,Journal Import 2591641:,//SETTLEMENT,2,,,,,500,0,Posted
09-09-2024,01.12102.000.0000.000.3706008.00000.000,eHIS,HIS_SETTLEMENT,NSK-OCS-469037 HIS_SETTLEMENT 3358005YT7JQCWYLTG43,500169967,Journal Import 2591641:,//SETTLEMENT,2,,,,,1850,0,Posted
09-09-2024,01.12102.000.0000.000.3706008.00000.000,eHIS,HIS_SETTLEMENT,NSK-OCS-469038 HIS_SETTLEMENT 3358005YT7JQCWYLTG43,500169977,Journal Import 2591641:,//SETTLEMENT,2,,,,,800,0,Posted
09-09-2024,01.12102.000.0000.000.3706008.00000.000,eHIS,HIS_SETTLEMENT,NSK-OCS-469039 HIS_SETTLEMENT 3358005YT7JQCWYLTG43,500169848,Journal Import 2591641:,//SETTLEMENT,2,,,,,500,0,Posted
09-09-2024,01.12102.000.0000.000.3706008.00000.000,eHIS,HIS_SETTLEMENT,NSK-OCS-469040 HIS_SETTLEMENT 3358005YT7JQCWYLTG43,500169849,Journal Import 2591641:,//SETTLEMENT,2,,,,,500,0,Posted
09-09-2024,01.12102.000.0000.000.3706008.00000.000,eHIS,HIS_SETTLEMENT,NSK-OCS-469041 HIS_SETTLEMENT 3358005YT7JQCWYLTG43,500169796,Journal Import 2591641:,//SETTLEMENT,2,,,,,750,0,Posted
09-09-2024,01.12102.000.0000.000.3706008.00000.000,eHIS,HIS_SETTLEMENT,NSK-OCS-469042 HIS_SETTLEMENT 3358005YT7JQCWYLTG43,500169978,Journal Import 2591641:,//SETTLEMENT,2,,,,,800,0,Posted
09-09-2024,01.12102.000.0000.000.3706008.00000.000,eHIS,HIS_SETTLEMENT,NSK-OCS-469043 HIS_SETTLEMENT 3358005YT7JQCWYLTG43,500169890,Journal Import 2591641:,//SETTLEMENT,2,,,,,600,0,Posted
09-09-2024,01.12102.000.0000.000.3706008.00000.000,eHIS,HIS_SETTLEMENT,NSK-OCS-469044 HIS_SETTLEMENT 3358005YT7JQCWYLTG43,500169924,Journal Import 2591641:,//SETTLEMENT,2,,,,,250,0,Posted
09-09-2024,01.12102.000.0000.000.3706008.00000.000,eHIS,HIS_SETTLEMENT,NSK-OCS-469045 HIS_SETTLEMENT 3358005YT7JQCWYLTG43,500169979,Journal Import 2591641:,//SETTLEMENT,2,,,,,800,0,Posted
09-09-2024,01.12102.000.0000.000.3706008.00000.000,eHIS,HIS_SETTLEMENT,NSK-OCS-469046 HIS_SETTLEMENT 3358005YT7JQCWYLTG43,500169850,Journal Import 2591641:,//SETTLEMENT,2,,,,,500,0,Posted
09-09-2024,01.12102.000.0000.000.3706008.00000.000,eHIS,HIS_SETTLEMENT,NSK-OCS-469047 HIS_SETTLEMENT 3358005YT7JQCWYLTG43,500169851,Journal Import 2591641:,//SETTLEMENT,2,,,,,500,0,Posted
09-09-2024,01.12102.000.0000.000.3706008.00000.000,eHIS,HIS_SETTLEMENT,NSK-OCS-469048 HIS_SETTLEMENT 3358005YT7JQCWYLTG43,500169980,Journal Import 2591641:,//SETTLEMENT,2,,,,,800,0,Posted
09-09-2024,01.12102.000.0000.000.3706008.00000.000,eHIS,HIS_SETTLEMENT,NSK-OCS-469049 HIS_SETTLEMENT 3358005YT7JQCWYLTG43,500169752,Journal Import 2591641:,//SETTLEMENT,2,,,,,3750,0,Posted
09-09-2024,01.12102.000.0000.000.3706008.00000.000,eHIS,HIS_SETTLEMENT,NSK-OCS-469050 HIS_SETTLEMENT 3358005YT7JQCWYLTG43,500169981,Journal Import 2591641:,//SETTLEMENT,2,,,,,800,0,Posted
09-09-2024,01.12102.000.0000.000.3706008.00000.000,eHIS,HIS_SETTLEMENT,NSK-OCS-469051 HIS_SETTLEMENT 3358005YT7JQCWYLTG43,500169901,Journal Import 2591641:,//SETTLEMENT,2,,,,,3500,0,Posted
09-09-2024,01.12102.000.0000.000.3706008.00000.000,eHIS,HIS_SETTLEMENT,NSK-OCS-469052 HIS_SETTLEMENT 3358005YT7JQCWYLTG43,500169825,Journal Import 2591641:,//SETTLEMENT,2,,,,,1200,0,Posted
09-09-2024,01.12102.000.0000.000.3706008.00000.000,eHIS,HIS_SETTLEMENT,NSK-OCS-469053 HIS_SETTLEMENT 3358005YT7JQCWYLTG43,500169982,Journal Import 2591641:,//SETTLEMENT,2,,,,,800,0,Posted
09-09-2024,01.12102.000.0000.000.3706008.00000.000,eHIS,HIS_SETTLEMENT,NSK-OCS-469054 HIS_SETTLEMENT 3358005YT7JQCWYLTG43,500169866,Journal Import 2591641:,//SETTLEMENT,2,,,,,900,0,Posted
09-09-2024,01.12102.000.0000.000.3706008.00000.000,eHIS,HIS_SETTLEMENT,NSK-OCS-469055 HIS_SETTLEMENT 3358005YT7JQCWYLTG43,500169820,Journal Import 2591641:,//SETTLEMENT,2,,,,,325,0,Posted
09-09-2024,01.12102.000.0000.000.3706008.00000.000,eHIS,HIS_SETTLEMENT,NSK-OCS-469056 HIS_SETTLEMENT 3358005YT7JQCWYLTG43,500169891,Journal Import 2591641:,//SETTLEMENT,2,,,,,600,0,Posted
09-09-2024,01.12102.000.0000.000.3706008.00000.000,eHIS,HIS_SETTLEMENT,NSK-OCS-469057 HIS_SETTLEMENT 3358005YT7JQCWYLTG43,500169797,Journal Import 2591641:,//SETTLEMENT,2,,,,,750,0,Posted
09-09-2024,01.12102.000.0000.000.3706008.00000.000,eHIS,HIS_SETTLEMENT,NSK-OCS-469058 HIS_SETTLEMENT 3358005YT7JQCWYLTG43,500169852,Journal Import 2591641:,//SETTLEMENT,2,,,,,500,0,Posted
09-09-2024,01.12102.000.0000.000.3706008.00000.000,eHIS,HIS_SETTLEMENT,NSK-OCS-469059 HIS_SETTLEMENT 3358005YT7JQCWYLTG43,500169747,Journal Import 2591641:,//SETTLEMENT,2,,,,,1700,0,Posted
09-09-2024,01.12102.000.0000.000.3706008.00000.000,eHIS,HIS_SETTLEMENT,NSK-OCS-469060 HIS_SETTLEMENT 3358005YT7JQCWYLTG43,500169892,Journal Import 2591641:,//SETTLEMENT,2,,,,,600,0,Posted
09-09-2024,01.12102.000.0000.000.3706008.00000.000,eHIS,HIS_SETTLEMENT,NSK-OCS-469061 HIS_SETTLEMENT 3358005YT7JQCWYLTG43,500169824,Journal Import 2591641:,//SETTLEMENT,2,,,,,400,0,Posted
09-09-2024,01.12102.000.0000.000.3706008.00000.000,eHIS,HIS_SETTLEMENT,NSK-OCS-469062 HIS_SETTLEMENT 3358005YT7JQCWYLTG43,500169709,Journal Import 2591641:,//SETTLEMENT,2,,,,,6180,0,Posted
09-09-2024,01.12102.000.0000.000.3706008.00000.000,eHIS,HIS_SETTLEMENT,NSK-OCS-469063 HIS_SETTLEMENT 3358005YT7JQCWYLTG43,500169853,Journal Import 2591641:,//SETTLEMENT,2,,,,,500,0,Posted
09-09-2024,01.12102.000.0000.000.3706008.00000.000,eHIS,HIS_SETTLEMENT,NSK-OCS-469064 HIS_SETTLEMENT 3358005YT7JQCWYLTG43,500169835,Journal Import 2591641:,//SETTLEMENT,2,,,,,400,0,Posted
09-09-2024,01.12102.000.0000.000.3706008.00000.000,eHIS,HIS_SETTLEMENT,NSK-OCS-469065 HIS_SETTLEMENT 3358005YT7JQCWYLTG43,500169867,Journal Import 2591641:,//SETTLEMENT,2,,,,,900,0,Posted
09-09-2024,01.12102.000.0000.000.3706008.00000.000,eHIS,HIS_SETTLEMENT,NSK-OCS-469066 HIS_SETTLEMENT 3358005YT7JQCWYLTG43,500169919,Journal Import 2591641:,//SETTLEMENT,2,,,,,200,0,Posted
09-09-2024,01.12102.000.0000.000.3706008.00000.000,eHIS,HIS_SETTLEMENT,NSK-OCS-469067 HIS_SETTLEMENT 3358005YT7JQCWYLTG43,500169854,Journal Import 2591641:,//SETTLEMENT,2,,,,,500,0,Posted
09-09-2024,01.12102.000.0000.000.3706008.00000.000,eHIS,HIS_SETTLEMENT,NSK-OCS-469068 HIS_SETTLEMENT 3358005YT7JQCWYLTG43,500169896,Journal Import 2591641:,//SETTLEMENT,2,,,,,1000,0,Posted
09-09-2024,01.12102.000.0000.000.3706008.00000.000,eHIS,HIS_SETTLEMENT,NSK-OCS-469069 HIS_SETTLEMENT 3358005YT7JQCWYLTG43,500169822,Journal Import 2591641:,//SETTLEMENT,2,,,,,350,0,Posted
09-09-2024,01.12102.000.0000.000.3706008.00000.000,eHIS,HIS_SETTLEMENT,NSK-OCS-469070 HIS_SETTLEMENT 3358005YT7JQCWYLTG43,500169823,Journal Import 2591641:,//SETTLEMENT,2,,,,,375,0,Posted
09-09-2024,01.12102.000.0000.000.3706008.00000.000,eHIS,HIS_SETTLEMENT,NSK-OCS-469071 HIS_SETTLEMENT 3358005YT7JQCWYLTG43,500169983,Journal Import 2591641:,//SETTLEMENT,2,,,,,800,0,Posted
09-09-2024,01.12102.000.0000.000.3706008.00000.000,eHIS,HIS_SETTLEMENT,NSK-OCS-469072 HIS_SETTLEMENT 3358005YT7JQCWYLTG43,500169732,Journal Import 2591641:,//SETTLEMENT,2,,,,,1300,0,Posted
09-09-2024,01.12102.000.0000.000.3706008.00000.000,eHIS,HIS_SETTLEMENT,NSK-OCS-469073 HIS_SETTLEMENT 3358005YT7JQCWYLTG43,500169908,Journal Import 2591641:,//SETTLEMENT,2,,,,,700,0,Posted
09-09-2024,01.12102.000.0000.000.3706008.00000.000,eHIS,HIS_SETTLEMENT,NSK-OCS-469074 HIS_SETTLEMENT 3358005YT7JQCWYLTG43,500169918,Journal Import 2591641:,//SETTLEMENT,2,,,,,180,0,Posted
09-09-2024,01.12102.000.0000.000.3706008.00000.000,eHIS,HIS_SETTLEMENT,NSK-OCS-469075 HIS_SETTLEMENT 3358005YT7JQCWYLTG43,500169868,Journal Import 2591641:,//SETTLEMENT,2,,,,,900,0,Posted
09-09-2024,01.12102.000.0000.000.3706008.00000.000,eHIS,HIS_SETTLEMENT,NSK-OCS-469076 HIS_SETTLEMENT 3358005YT7JQCWYLTG43,500169855,Journal Import 2591641:,//SETTLEMENT,2,,,,,500,0,Posted
09-09-2024,01.12102.000.0000.000.3706008.00000.000,eHIS,HIS_SETTLEMENT,NSK-OCS-469077 HIS_SETTLEMENT 3358005YT7JQCWYLTG43,500169856,Journal Import 2591641:,//SETTLEMENT,2,,,,,500,0,Posted
09-09-2024,01.12102.000.0000.000.3706008.00000.000,eHIS,HIS_SETTLEMENT,NSK-OCS-469078 HIS_SETTLEMENT 3358005YT7JQCWYLTG43,500169826,Journal Import 2591641:,//SETTLEMENT,2,,,,,1200,0,Posted
09-09-2024,01.12102.000.0000.000.3706008.00000.000,eHIS,HIS_SETTLEMENT,NSK-OCS-469079 HIS_SETTLEMENT 3358005YT7JQCWYLTG43,500169733,Journal Import 2591641:,//SETTLEMENT,2,,,,,500,0,Posted
09-09-2024,01.12102.000.0000.000.3706008.00000.000,eHIS,HIS_SETTLEMENT,NSK-OCS-469080 HIS_SETTLEMENT 3358005YT7JQCWYLTG43,500169925,Journal Import 2591641:,//SETTLEMENT,2,,,,,250,0,Posted
09-09-2024,01.12102.000.0000.000.3706008.00000.000,eHIS,HIS_SETTLEMENT,NSK-OCS-469081 HIS_SETTLEMENT 3358005YT7JQCWYLTG43,500169734,Journal Import 2591641:,//SETTLEMENT,2,,,,,500,0,Posted
09-09-2024,01.12102.000.0000.000.3706008.00000.000,eHIS,HIS_SETTLEMENT,NSK-OCS-469082 HIS_SETTLEMENT 3358005YT7JQCWYLTG43,500169742,Journal Import 2591641:,//SETTLEMENT,2,,,,,1300,0,Posted
09-09-2024,01.12102.000.0000.000.3706008.00000.000,eHIS,HIS_SETTLEMENT,NSK-OCS-469083 HIS_SETTLEMENT 3358005YT7JQCWYLTG43,500169735,Journal Import 2591641:,//SETTLEMENT,2,,,,,500,0,Posted
09-09-2024,01.12102.000.0000.000.3706008.00000.000,eHIS,HIS_SETTLEMENT,NSK-OCS-469084 HIS_SETTLEMENT 3358005YT7JQCWYLTG43,500169798,Journal Import 2591641:,//SETTLEMENT,2,,,,,750,0,Posted
09-09-2024,01.12102.000.0000.000.3706008.00000.000,eHIS,HIS_SETTLEMENT,NSK-OCS-469085 HIS_SETTLEMENT 3358005YT7JQCWYLTG43,500169743,Journal Import 2591641:,//SETTLEMENT,2,,,,,1300,0,Posted
09-09-2024,01.12102.000.0000.000.3706008.00000.000,eHIS,HIS_SETTLEMENT,NSK-OCS-469086 HIS_SETTLEMENT 3358005YT7JQCWYLTG43,500169827,Journal Import 2591641:,//SETTLEMENT,2,,,,,1200,0,Posted
09-09-2024,01.12102.000.0000.000.3706008.00000.000,eHIS,HIS_SETTLEMENT,NSK-OCS-469087 HIS_SETTLEMENT 3358005YT7JQCWYLTG43,500169744,Journal Import 2591641:,//SETTLEMENT,2,,,,,1300,0,Posted
09-09-2024,01.12102.000.0000.000.3706008.00000.000,eHIS,HIS_SETTLEMENT,NSK-OCS-469088 HIS_SETTLEMENT 3358005YT7JQCWYLTG43,500169810,Journal Import 2591641:,//SETTLEMENT,2,,,,,1100,0,Posted
09-09-2024,01.12102.000.0000.000.3706008.00000.000,eHIS,HIS_SETTLEMENT,NSK-OCS-469089 HIS_SETTLEMENT 3358005YT7JQCWYLTG43,500169748,Journal Import 2591641:,//SETTLEMENT,2,,,,,1700,0,Posted
09-09-2024,01.12102.000.0000.000.3706008.00000.000,eHIS,HIS_SETTLEMENT,NSK-OCS-469090 HIS_SETTLEMENT 3358005YT7JQCWYLTG43,500169897,Journal Import 2591641:,//SETTLEMENT,2,,,,,1000,0,Posted
09-09-2024,01.12102.000.0000.000.3706008.00000.000,eHIS,HIS_SETTLEMENT,NSK-OCS-469091 HIS_SETTLEMENT 3358005YT7JQCWYLTG43,500169984,Journal Import 2591641:,//SETTLEMENT,2,,,,,800,0,Posted
09-09-2024,01.12102.000.0000.000.3706008.00000.000,eHIS,HIS_SETTLEMENT,NSK-OCS-469092 HIS_SETTLEMENT 3358005YT7JQCWYLTG43,500169920,Journal Import 2591641:,//SETTLEMENT,2,,,,,200,0,Posted
09-09-2024,01.12102.000.0000.000.3706008.00000.000,eHIS,HIS_SETTLEMENT,NSK-OCS-469093 HIS_SETTLEMENT 3358005YT7JQCWYLTG43,500169985,Journal Import 2591641:,//SETTLEMENT,2,,,,,800,0,Posted
09-09-2024,01.12102.000.0000.000.3706008.00000.000,eHIS,HIS_SETTLEMENT,NSK-OCS-469094 HIS_SETTLEMENT 3358005YT7JQCWYLTG43,500169883,Journal Import 2591641:,//SETTLEMENT,3,,,,,30,0,Posted
09-09-2024,01.12102.000.0000.000.3706008.00000.000,eHIS,HIS_SETTLEMENT,NSK-OCS-469094 HIS_SETTLEMENT 3358005YT7JQCWYLTG43,500169883,Journal Import 2591641:,//SETTLEMENT,4,,,,,3500,0,Posted
09-09-2024,01.12102.000.0000.000.3706008.00000.000,eHIS,HIS_SETTLEMENT,NSK-OCS-469095 HIS_SETTLEMENT 3358005YT7JQCWYLTG43,500169858,Journal Import 2591641:,//SETTLEMENT,2,,,,,800,0,Posted
09-09-2024,01.12102.000.0000.000.3706008.00000.000,eHIS,HIS_SETTLEMENT,NSK-OCS-469096 HIS_SETTLEMENT 3358005YT7JQCWYLTG43,500169859,Journal Import 2591641:,//SETTLEMENT,2,,,,,800,0,Posted
09-09-2024,01.12102.000.0000.000.3706008.00000.000,eHIS,HIS_SETTLEMENT,NSK-OCS-469097 HIS_SETTLEMENT 3358005YT7JQCWYLTG43,500169807,Journal Import 2591641:,//SETTLEMENT,2,,,,,250,0,Posted
09-09-2024,01.12102.000.0000.000.3706008.00000.000,eHIS,HIS_SETTLEMENT,NSK-OCS-469098 HIS_SETTLEMENT 3358005YT7JQCWYLTG43,500169801,Journal Import 2591641:,//SETTLEMENT,2,,,,,2000,0,Posted
09-09-2024,01.12102.000.0000.000.3706008.00000.000,eHIS,HIS_SETTLEMENT,NSK-OCS-469099 HIS_SETTLEMENT 3358005YT7JQCWYLTG43,500169898,Journal Import 2591641:,//SETTLEMENT,2,,,,,3250,0,Posted
09-09-2024,01.12102.000.0000.000.3706008.00000.000,eHIS,HIS_SETTLEMENT,NSK-OCS-469100 HIS_SETTLEMENT 3358005YT7JQCWYLTG43,500169816,Journal Import 2591641:,//SETTLEMENT,2,,,,,300,0,Posted
09-09-2024,01.12102.000.0000.000.3706008.00000.000,eHIS,HIS_SETTLEMENT,NSK-OCS-469101 HIS_SETTLEMENT 3358005YT7JQCWYLTG43,500169860,Journal Import 2591641:,//SETTLEMENT,2,,,,,800,0,Posted
09-09-2024,01.12102.000.0000.000.3706008.00000.000,eHIS,HIS_SETTLEMENT,NSK-OCS-469102 HIS_SETTLEMENT 3358005YT7JQCWYLTG43,500169749,Journal Import 2591641:,//SETTLEMENT,2,,,,,1700,0,Posted
09-09-2024,01.12102.000.0000.000.3706008.00000.000,eHIS,HIS_SETTLEMENT,NSK-OCS-469103 HIS_SETTLEMENT 3358005YT7JQCWYLTG43,500169861,Journal Import 2591641:,//SETTLEMENT,2,,,,,800,0,Posted
09-09-2024,01.12102.000.0000.000.3706008.00000.000,eHIS,HIS_SETTLEMENT,NSK-OCS-469104 HIS_SETTLEMENT 3358005YT7JQCWYLTG43,500169736,Journal Import 2591641:,//SETTLEMENT,2,,,,,500,0,Posted
09-09-2024,01.12102.000.0000.000.3706008.00000.000,eHIS,HIS_SETTLEMENT,NSK-OCS-469105 HIS_SETTLEMENT 3358005YT7JQCWYLTG43,500169828,Journal Import 2591641:,//SETTLEMENT,2,,,,,1200,0,Posted
09-09-2024,01.12102.000.0000.000.3706008.00000.000,eHIS,HIS_SETTLEMENT,NSK-OCS-469106 HIS_SETTLEMENT 3358005YT7JQCWYLTG43,500169862,Journal Import 2591641:,//SETTLEMENT,2,,,,,800,0,Posted
09-09-2024,01.12102.000.0000.000.3706008.00000.000,eHIS,HIS_SETTLEMENT,NSK-OCS-469107 HIS_SETTLEMENT 3358005YT7JQCWYLTG43,500169903,Journal Import 2591641:,//SETTLEMENT,2,,,,,630,0,Posted
09-09-2024,01.12102.000.0000.000.3706008.00000.000,eHIS,HIS_SETTLEMENT,NSK-OCS-469108 HIS_SETTLEMENT 3358005YT7JQCWYLTG43,500169840,Journal Import 2591641:,//SETTLEMENT,2,,,,,410,0,Posted
09-09-2024,01.12102.000.0000.000.3706008.00000.000,eHIS,HIS_SETTLEMENT,NSK-OCS-469109 HIS_SETTLEMENT 3358005YT7JQCWYLTG43,500169808,Journal Import 2591641:,//SETTLEMENT,2,,,,,250,0,Posted
09-09-2024,01.12102.000.0000.000.3706008.00000.000,eHIS,HIS_SETTLEMENT,NSK-OCS-469110 HIS_SETTLEMENT 3358005YT7JQCWYLTG43,500169900,Journal Import 2591641:,//SETTLEMENT,2,,,,,3300,0,Posted
09-09-2024,01.12102.000.0000.000.3706008.00000.000,eHIS,HIS_SETTLEMENT,NSK-OCS-469111 HIS_SETTLEMENT 3358005YT7JQCWYLTG43,500169910,Journal Import 2591641:,//SETTLEMENT,2,,,,,1000,0,Posted
09-09-2024,01.12102.000.0000.000.3706008.00000.000,eHIS,HIS_SETTLEMENT,NSK-OCS-469112 HIS_SETTLEMENT 3358005YT7JQCWYLTG43,500169745,Journal Import 2591641:,//SETTLEMENT,2,,,,,1300,0,Posted
09-09-2024,01.12102.000.0000.000.3706008.00000.000,eHIS,HIS_SETTLEMENT,NSK-OCS-469113 HIS_SETTLEMENT 3358005YT7JQCWYLTG43,500169869,Journal Import 2591641:,//SETTLEMENT,2,,,,,800,0,Posted
09-09-2024,01.12102.000.0000.000.3706008.00000.000,eHIS,HIS_SETTLEMENT,NSK-OCS-469114 HIS_SETTLEMENT 3358005YT7JQCWYLTG43,500169911,Journal Import 2591641:,//SETTLEMENT,2,,,,,1000,0,Posted
09-09-2024,01.12102.000.0000.000.3706008.00000.000,eHIS,HIS_SETTLEMENT,NSK-OCS-469115 HIS_SETTLEMENT 3358005YT7JQCWYLTG43,500169909,Journal Import 2591641:,//SETTLEMENT,2,,,,,700,0,Posted
09-09-2024,01.12102.000.0000.000.3706008.00000.000,eHIS,HIS_SETTLEMENT,NSK-OCS-469116 HIS_SETTLEMENT 3358005YT7JQCWYLTG43,500169921,Journal Import 2591641:,//SETTLEMENT,2,,,,,700,0,Posted
09-09-2024,01.12102.000.0000.000.3706008.00000.000,eHIS,HIS_SETTLEMENT,NSK-OCS-469117 HIS_SETTLEMENT 3358005YT7JQCWYLTG43,500169800,Journal Import 2591641:,//SETTLEMENT,2,,,,,1880,0,Posted
09-09-2024,01.12102.000.0000.000.3706008.00000.000,eHIS,HIS_SETTLEMENT,NSK-OCS-469118 HIS_SETTLEMENT 3358005YT7JQCWYLTG43,500169811,Journal Import 2591641:,//SETTLEMENT,2,,,,,1100,0,Posted
09-09-2024,01.12102.000.0000.000.3706008.00000.000,eHIS,HIS_SETTLEMENT,NSK-OCS-469119 HIS_SETTLEMENT 3358005YT7JQCWYLTG43,500169737,Journal Import 2591641:,//SETTLEMENT,2,,,,,500,0,Posted
10-09-2024,01.12102.000.0000.000.3706008.00000.000,eHIS,HIS_SETTLEMENT,NSK-OCS-469120 HIS_SETTLEMENT 3358005YT7JQCWYLTG43,500170003,Journal Import 2599930:,//SETTLEMENT,2,,,,,3263,0,Posted
09-09-2024,01.12102.000.0000.000.3706008.00000.000,eHIS,HIS_SETTLEMENT,NSK-OCS-469121 HIS_SETTLEMENT 3358005YT7JQCWYLTG43,500169836,Journal Import 2591641:,//SETTLEMENT,2,,,,,400,0,Posted
09-09-2024,01.12102.000.0000.000.3706008.00000.000,eHIS,HIS_SETTLEMENT,NSK-OCS-469122 HIS_SETTLEMENT 3358005YT7JQCWYLTG43,500169870,Journal Import 2591641:,//SETTLEMENT,2,,,,,800,0,Posted
09-09-2024,01.12102.000.0000.000.3706008.00000.000,eHIS,HIS_SETTLEMENT,NSK-OCS-469123 HIS_SETTLEMENT 3358005YT7JQCWYLTG43,500169829,Journal Import 2591641:,//SETTLEMENT,2,,,,,1200,0,Posted
09-09-2024,01.12102.000.0000.000.3706008.00000.000,eHIS,HIS_SETTLEMENT,NSK-OCS-469124 HIS_SETTLEMENT 3358005YT7JQCWYLTG43,500169912,Journal Import 2591641:,//SETTLEMENT,2,,,,,1000,0,Posted
09-09-2024,01.12102.000.0000.000.3706008.00000.000,eHIS,HIS_SETTLEMENT,NSK-OCS-469125 HIS_SETTLEMENT 3358005YT7JQCWYLTG43,500169880,Journal Import 2591641:,//SETTLEMENT,2,,,,,900,0,Posted
09-09-2024,01.12102.000.0000.000.3706008.00000.000,eHIS,HIS_SETTLEMENT,NSK-OCS-469126 HIS_SETTLEMENT 3358005YT7JQCWYLTG43,500169857,Journal Import 2591641:,//SETTLEMENT,2,,,,,1250,0,Posted
09-09-2024,01.12102.000.0000.000.3706008.00000.000,eHIS,HIS_SETTLEMENT,NSK-OCS-469127 HIS_SETTLEMENT 3358005YT7JQCWYLTG43,500169738,Journal Import 2591641:,//SETTLEMENT,2,,,,,500,0,Posted
09-09-2024,01.12102.000.0000.000.3706008.00000.000,eHIS,HIS_SETTLEMENT,NSK-OCS-469128 HIS_SETTLEMENT 3358005YT7JQCWYLTG43,500169746,Journal Import 2591641:,//SETTLEMENT,2,,,,,1300,0,Posted
09-09-2024,01.12102.000.0000.000.3706008.00000.000,eHIS,HIS_SETTLEMENT,NSK-OCS-469129 HIS_SETTLEMENT 3358005YT7JQCWYLTG43,500169968,Journal Import 2591641:,//SETTLEMENT,2,,,,,1850,0,Posted
09-09-2024,01.12102.000.0000.000.3706008.00000.000,eHIS,HIS_SETTLEMENT,NSK-OCS-469130 HIS_SETTLEMENT 3358005YT7JQCWYLTG43,500169871,Journal Import 2591641:,//SETTLEMENT,2,,,,,800,0,Posted
09-09-2024,01.12102.000.0000.000.3706008.00000.000,eHIS,HIS_SETTLEMENT,NSK-OCS-469131 HIS_SETTLEMENT 3358005YT7JQCWYLTG43,500169830,Journal Import 2591641:,//SETTLEMENT,2,,,,,1200,0,Posted
09-09-2024,01.12102.000.0000.000.3706008.00000.000,eHIS,HIS_SETTLEMENT,NSK-OCS-469132 HIS_SETTLEMENT 3358005YT7JQCWYLTG43,500169799,Journal Import 2591641:,//SETTLEMENT,2,,,,,750,0,Posted
09-09-2024,01.12102.000.0000.000.3706008.00000.000,eHIS,HIS_SETTLEMENT,NSK-OCS-469133 HIS_SETTLEMENT 3358005YT7JQCWYLTG43,500169905,Journal Import 2591641:,//SETTLEMENT,2,,,,,650,0,Posted
09-09-2024,01.12102.000.0000.000.3706008.00000.000,eHIS,HIS_SETTLEMENT,NSK-OCS-469134 HIS_SETTLEMENT 3358005YT7JQCWYLTG43,500169913,Journal Import 2591641:,//SETTLEMENT,2,,,,,1000,0,Posted
09-09-2024,01.12102.000.0000.000.3706008.00000.000,eHIS,HIS_SETTLEMENT,NSK-OCS-469135 HIS_SETTLEMENT 3358005YT7JQCWYLTG43,500169739,Journal Import 2591641:,//SETTLEMENT,2,,,,,500,0,Posted
09-09-2024,01.12102.000.0000.000.3706008.00000.000,eHIS,HIS_SETTLEMENT,NSK-OCS-469136 HIS_SETTLEMENT 3358005YT7JQCWYLTG43,500169906,Journal Import 2591641:,//SETTLEMENT,2,,,,,650,0,Posted
10-09-2024,01.12102.000.0000.000.3706008.00000.000,eHIS,HIS_SETTLEMENT,NSK-OCS-469137 HIS_SETTLEMENT 3358005YT7JQCWYLTG43,500170000,Journal Import 2599930:,//SETTLEMENT,2,,,,,800,0,Posted
09-09-2024,01.12102.000.0000.000.3706008.00000.000,eHIS,HIS_SETTLEMENT,NSK-OCS-469138 HIS_SETTLEMENT 3358005YT7JQCWYLTG43,500169725,Journal Import 2591641:,//SETTLEMENT,2,,,,,6550,0,Posted
09-09-2024,01.12102.000.0000.000.3706008.00000.000,eHIS,HIS_SETTLEMENT,NSK-OCS-469139 HIS_SETTLEMENT 3358005YT7JQCWYLTG43,500169914,Journal Import 2591641:,//SETTLEMENT,2,,,,,1000,0,Posted
09-09-2024,01.12102.000.0000.000.3706008.00000.000,eHIS,HIS_SETTLEMENT,NSK-OCS-469140 HIS_SETTLEMENT 3358005YT7JQCWYLTG43,500169812,Journal Import 2591641:,//SETTLEMENT,2,,,,,1100,0,Posted
10-09-2024,01.12102.000.0000.000.3706008.00000.000,eHIS,HIS_SETTLEMENT,NSK-OCS-469141 HIS_SETTLEMENT 3358005YT7JQCWYLTG43,500170002,Journal Import 2599930:,//SETTLEMENT,2,,,,,1422,0,Posted
09-09-2024,01.12102.000.0000.000.3706008.00000.000,eHIS,HIS_SETTLEMENT,NSK-OCS-469142 HIS_SETTLEMENT 3358005YT7JQCWYLTG43,500169886,Journal Import 2591641:,//SETTLEMENT,2,,,,,100,0,Posted
10-09-2024,01.12102.000.0000.000.3706008.00000.000,eHIS,HIS_SETTLEMENT,NSK-OCS-469143 HIS_SETTLEMENT 3358005YT7JQCWYLTG43,500170001,Journal Import 2599930:,//SETTLEMENT,2,,,,,810,0,Posted
09-09-2024,01.12102.000.0000.000.3706008.00000.000,eHIS,HIS_SETTLEMENT,NSK-OCS-469144 HIS_SETTLEMENT 3358005YT7JQCWYLTG43,500169872,Journal Import 2591641:,//SETTLEMENT,2,,,,,800,0,Posted
09-09-2024,01.12102.000.0000.000.3706008.00000.000,eHIS,HIS_SETTLEMENT,NSK-OCS-469145 HIS_SETTLEMENT 3358005YT7JQCWYLTG43,500169750,Journal Import 2591641:,//SETTLEMENT,2,,,,,1700,0,Posted
09-09-2024,01.12102.000.0000.000.3706008.00000.000,eHIS,HIS_SETTLEMENT,NSK-OCS-469146 HIS_SETTLEMENT 3358005YT7JQCWYLTG43,500169837,Journal Import 2591641:,//SETTLEMENT,2,,,,,400,0,Posted
09-09-2024,01.12102.000.0000.000.3706008.00000.000,eHIS,HIS_SETTLEMENT,NSK-OCS-469147 HIS_SETTLEMENT 3358005YT7JQCWYLTG43,500169814,Journal Import 2591641:,//SETTLEMENT,2,,,,,257,0,Posted
09-09-2024,01.12102.000.0000.000.3706008.00000.000,eHIS,HIS_SETTLEMENT,NSK-OCS-469148 HIS_SETTLEMENT 3358005YT7JQCWYLTG43,500169831,Journal Import 2591641:,//SETTLEMENT,2,,,,,1200,0,Posted
09-09-2024,01.12102.000.0000.000.3706008.00000.000,eHIS,HIS_SETTLEMENT,NSK-OCS-469149 HIS_SETTLEMENT 3358005YT7JQCWYLTG43,500169740,Journal Import 2591641:,//SETTLEMENT,2,,,,,500,0,Posted
09-09-2024,01.12102.000.0000.000.3706008.00000.000,eHIS,HIS_SETTLEMENT,NSK-OCS-469150 HIS_SETTLEMENT 3358005YT7JQCWYLTG43,500169969,Journal Import 2591641:,//SETTLEMENT,2,,,,,1850,0,Posted
09-09-2024,01.12102.000.0000.000.3706008.00000.000,eHIS,HIS_SETTLEMENT,NSK-OCS-469151 HIS_SETTLEMENT 3358005YT7JQCWYLTG43,500169881,Journal Import 2591641:,//SETTLEMENT,2,,,,,900,0,Posted
09-09-2024,01.12102.000.0000.000.3706008.00000.000,eHIS,HIS_SETTLEMENT,NSK-OCS-469152 HIS_SETTLEMENT 3358005YT7JQCWYLTG43,500169907,Journal Import 2591641:,//SETTLEMENT,2,,,,,650,0,Posted
09-09-2024,01.12102.000.0000.000.3706008.00000.000,eHIS,HIS_SETTLEMENT,NSK-OCS-469153 HIS_SETTLEMENT 3358005YT7JQCWYLTG43,500169882,Journal Import 2591641:,//SETTLEMENT,2,,,,,900,0,Posted
09-09-2024,01.12102.000.0000.000.3706008.00000.000,eHIS,HIS_SETTLEMENT,NSK-OCS-469154 HIS_SETTLEMENT 3358005YT7JQCWYLTG43,500169915,Journal Import 2591641:,//SETTLEMENT,2,,,,,1000,0,Posted
09-09-2024,01.12102.000.0000.000.3706008.00000.000,eHIS,HIS_SETTLEMENT,NSK-OCS-469155 HIS_SETTLEMENT 3358005YT7JQCWYLTG43,500169873,Journal Import 2591641:,//SETTLEMENT,2,,,,,800,0,Posted
09-09-2024,01.12102.000.0000.000.3706008.00000.000,eHIS,HIS_SETTLEMENT,NSK-OCS-469156 HIS_SETTLEMENT 3358005YT7JQCWYLTG43,500169874,Journal Import 2591641:,//SETTLEMENT,2,,,,,800,0,Posted
09-09-2024,01.12102.000.0000.000.3706008.00000.000,eHIS,HIS_SETTLEMENT,NSK-OCS-469157 HIS_SETTLEMENT 3358005YT7JQCWYLTG43,500169794,Journal Import 2591641:,//SETTLEMENT,2,,,,,700,0,Posted
09-09-2024,01.12102.000.0000.000.3706008.00000.000,eHIS,HIS_SETTLEMENT,NSK-OCS-469158 HIS_SETTLEMENT 3358005YT7JQCWYLTG43,500169693,Journal Import 2591641:,//SETTLEMENT,2,,,,,5000,0,Posted
09-09-2024,01.12102.000.0000.000.3706008.00000.000,eHIS,HIS_SETTLEMENT,NSK-OCS-469159 HIS_SETTLEMENT 3358005YT7JQCWYLTG43,500169916,Journal Import 2591641:,//SETTLEMENT,2,,,,,1000,0,Posted
09-09-2024,01.12102.000.0000.000.3706008.00000.000,eHIS,HIS_SETTLEMENT,NSK-OCS-469160 HIS_SETTLEMENT 3358005YT7JQCWYLTG43,500169832,Journal Import 2591641:,//SETTLEMENT,2,,,,,1200,0,Posted
09-09-2024,01.12102.000.0000.000.3706008.00000.000,eHIS,HIS_SETTLEMENT,NSK-OCS-469161 HIS_SETTLEMENT 3358005YT7JQCWYLTG43,500169802,Journal Import 2591641:,//SETTLEMENT,2,,,,,2000,0,Posted
09-09-2024,01.12102.000.0000.000.3706008.00000.000,eHIS,HIS_SETTLEMENT,NSK-OCS-469162 HIS_SETTLEMENT 3358005YT7JQCWYLTG43,500169815,Journal Import 2591641:,//SETTLEMENT,2,,,,,269,0,Posted
09-09-2024,01.12102.000.0000.000.3706008.00000.000,eHIS,HIS_SETTLEMENT,NSK-OCS-469163 HIS_SETTLEMENT 3358005YT7JQCWYLTG43,500169917,Journal Import 2591641:,//SETTLEMENT,2,,,,,1000,0,Posted
09-09-2024,01.12102.000.0000.000.3706008.00000.000,eHIS,HIS_SETTLEMENT,NSK-OCS-469164 HIS_SETTLEMENT 3358005YT7JQCWYLTG43,500169751,Journal Import 2591641:,//SETTLEMENT,2,,,,,1700,0,Posted
09-09-2024,01.12102.000.0000.000.3706008.00000.000,eHIS,HIS_SETTLEMENT,NSK-OCS-469165 HIS_SETTLEMENT 3358005YT7JQCWYLTG43,500169875,Journal Import 2591641:,//SETTLEMENT,2,,,,,800,0,Posted
09-09-2024,01.12102.000.0000.000.3706008.00000.000,eHIS,HIS_SETTLEMENT,NSK-OCS-469166 HIS_SETTLEMENT 3358005YT7JQCWYLTG43,500169813,Journal Import 2591641:,//SETTLEMENT,2,,,,,1100,0,Posted
09-09-2024,01.12102.000.0000.000.3706008.00000.000,eHIS,HIS_SETTLEMENT,NSK-OCS-469167 HIS_SETTLEMENT 3358005YT7JQCWYLTG43,500169795,Journal Import 2591641:,//SETTLEMENT,2,,,,,700,0,Posted
09-09-2024,01.12102.000.0000.000.3706008.00000.000,eHIS,HIS_SETTLEMENT,NSK-OCS-469168 HIS_SETTLEMENT 3358005YT7JQCWYLTG43,500169876,Journal Import 2591641:,//SETTLEMENT,2,,,,,800,0,Posted
09-09-2024,01.12102.000.0000.000.3706008.00000.000,eHIS,HIS_SETTLEMENT,NSK-OCS-469169 HIS_SETTLEMENT 3358005YT7JQCWYLTG43,500169877,Journal Import 2591641:,//SETTLEMENT,2,,,,,800,0,Posted
09-09-2024,01.12102.000.0000.000.3706008.00000.000,eHIS,HIS_SETTLEMENT,NSK-OCS-469170 HIS_SETTLEMENT 3358005YT7JQCWYLTG43,500169878,Journal Import 2591641:,//SETTLEMENT,2,,,,,800,0,Posted
09-09-2024,01.12102.000.0000.000.3706008.00000.000,eHIS,HIS_SETTLEMENT,NSK-OCS-469171 HIS_SETTLEMENT 3358005YT7JQCWYLTG43,500169970,Journal Import 2591641:,//SETTLEMENT,2,,,,,1850,0,Posted
09-09-2024,01.12102.000.0000.000.3706008.00000.000,eHIS,HIS_SETTLEMENT,NSK-OCS-469172 HIS_SETTLEMENT 3358005YT7JQCWYLTG43,500169971,Journal Import 2591641:,//SETTLEMENT,2,,,,,1850,0,Posted
09-09-2024,01.12102.000.0000.000.3706008.00000.000,eHIS,HIS_SETTLEMENT,NSK-OCS-469173 HIS_SETTLEMENT 3358005YT7JQCWYLTG43,500169972,Journal Import 2591641:,//SETTLEMENT,2,,,,,1850,0,Posted
09-09-2024,01.12102.000.0000.000.3706008.00000.000,eHIS,HIS_SETTLEMENT,NSK-OCS-469174 HIS_SETTLEMENT 3358005YT7JQCWYLTG43,500169833,Journal Import 2591641:,//SETTLEMENT,2,,,,,1200,0,Posted
09-09-2024,01.12102.000.0000.000.3706008.00000.000,eHIS,HIS_SETTLEMENT,NSK-OCS-469175 HIS_SETTLEMENT 3358005YT7JQCWYLTG43,500169838,Journal Import 2591641:,//SETTLEMENT,2,,,,,400,0,Posted
09-09-2024,01.12102.000.0000.000.3706008.00000.000,eHIS,HIS_SETTLEMENT,NSK-OCS-469176 HIS_SETTLEMENT 3358005YT7JQCWYLTG43,500169879,Journal Import 2591641:,//SETTLEMENT,2,,,,,800,0,Posted
09-09-2024,01.12102.000.0000.000.3706008.00000.000,eHIS,HIS_SETTLEMENT,NSK-OCS-469177 HIS_SETTLEMENT 3358005YT7JQCWYLTG43,500169973,Journal Import 2591641:,//SETTLEMENT,2,,,,,1850,0,Posted
09-09-2024,01.12102.000.0000.000.3706008.00000.000,eHIS,HIS_SETTLEMENT,NSK-OCS-469178 HIS_SETTLEMENT 3358005YT7JQCWYLTG43,500169726,Journal Import 2591641:,//SETTLEMENT,2,,,,,6600,0,Posted
09-09-2024,01.12102.000.0000.000.3706008.00000.000,eHIS,HIS_SETTLEMENT,NSK-OCS-469179 HIS_SETTLEMENT 3358005YT7JQCWYLTG43,500169834,Journal Import 2591641:,//SETTLEMENT,2,,,,,1200,0,Posted
09-09-2024,01.12102.000.0000.000.3706008.00000.000,eHIS,HIS_SETTLEMENT,NSK-OCS-469180 HIS_SETTLEMENT 3358005YT7JQCWYLTG43,500169741,Journal Import 2591641:,//SETTLEMENT,2,,,,,500,0,Posted
09-09-2024,01.12102.000.0000.000.3706008.00000.000,eHIS,HIS_SETTLEMENT,NSK-OCS-469181 HIS_SETTLEMENT 3358005YT7JQCWYLTG43,500169887,Journal Import 2591641:,//SETTLEMENT,2,,,,,100,0,Posted
09-09-2024,01.12102.000.0000.000.3706008.00000.000,eHIS,HIS_SETTLEMENT,NSK-OCS-469182 HIS_SETTLEMENT 3358005YT7JQCWYLTG43,500169779,Journal Import 2591641:,//SETTLEMENT,2,,,,,4500,0,Posted
09-09-2024,01.12102.000.0000.000.3706008.00000.000,eHIS,HIS_SETTLEMENT,NSK-OCS-469183 HIS_SETTLEMENT 3358005YT7JQCWYLTG43,500169646,Journal Import 2591641:,//SETTLEMENT,2,,,,,19158,0,Posted
09-09-2024,01.12102.000.0000.000.3706008.00000.000,eHIS,HIS_SETTLEMENT,NSK-OCS-469184 HIS_SETTLEMENT 3358005YT7JQCWYLTG43,500169922,Journal Import 2591641:,//SETTLEMENT,2,,,,,200,0,Posted
09-09-2024,01.12102.000.0000.000.3706008.00000.000,eHIS,HIS_SETTLEMENT,NSK-OCS-469185 HIS_SETTLEMENT 3358005YT7JQCWYLTG43,500169888,Journal Import 2591641:,//SETTLEMENT,2,,,,,100,0,Posted
09-09-2024,01.12102.000.0000.000.3706008.00000.000,eHIS,HIS_SETTLEMENT,NSK-OCS-469186 HIS_SETTLEMENT 3358005YT7JQCWYLTG43,500169805,Journal Import 2591641:,//SETTLEMENT,2,,,,,2380,0,Posted
10-09-2024,01.12102.000.0000.000.3706008.00000.000,eHIS,HIS_SETTLEMENT,NSK-OCS-469189 HIS_SETTLEMENT 3358005YT7JQCWYLTG43,500170607,Journal Import 2591641:,//SETTLEMENT,2,,,,,100,0,Posted
10-09-2024,01.12102.000.0000.000.3706008.00000.000,eHIS,HIS_SETTLEMENT,NSK-OCS-469190 HIS_SETTLEMENT 3358005YT7JQCWYLTG43,500170538,Journal Import 2591641:,//SETTLEMENT,2,,,,,700,0,Posted
10-09-2024,01.12102.000.0000.000.3706008.00000.000,eHIS,HIS_SETTLEMENT,NSK-OCS-469191 HIS_SETTLEMENT 3358005YT7JQCWYLTG43,500170627,Journal Import 2591641:,//SETTLEMENT,2,,,,,100,0,Posted
10-09-2024,01.12102.000.0000.000.3706008.00000.000,eHIS,HIS_SETTLEMENT,NSK-OCS-469192 HIS_SETTLEMENT 3358005YT7JQCWYLTG43,500170643,Journal Import 2591641:,//SETTLEMENT,2,,,,,3250,0,Posted
10-09-2024,01.12102.000.0000.000.3706008.00000.000,eHIS,HIS_SETTLEMENT,NSK-OCS-469193 HIS_SETTLEMENT 3358005YT7JQCWYLTG43,500170550,Journal Import 2591641:,//SETTLEMENT,2,,,,,2330,0,Posted
10-09-2024,01.12102.000.0000.000.3706008.00000.000,eHIS,HIS_SETTLEMENT,NSK-OCS-469194 HIS_SETTLEMENT 3358005YT7JQCWYLTG43,500170628,Journal Import 2591641:,//SETTLEMENT,2,,,,,100,0,Posted
10-09-2024,01.12102.000.0000.000.3706008.00000.000,eHIS,HIS_SETTLEMENT,NSK-OCS-469195 HIS_SETTLEMENT 3358005YT7JQCWYLTG43,500170539,Journal Import 2591641:,//SETTLEMENT,2,,,,,700,0,Posted
10-09-2024,01.12102.000.0000.000.3706008.00000.000,eHIS,HIS_SETTLEMENT,NSK-OCS-469196 HIS_SETTLEMENT 3358005YT7JQCWYLTG43,500170629,Journal Import 2591641:,//SETTLEMENT,2,,,,,100,0,Posted
10-09-2024,01.12102.000.0000.000.3706008.00000.000,eHIS,HIS_SETTLEMENT,NSK-OCS-469197 HIS_SETTLEMENT 3358005YT7JQCWYLTG43,500170704,Journal Import 2591641:,//SETTLEMENT,2,,,,,1850,0,Posted
10-09-2024,01.12102.000.0000.000.3706008.00000.000,eHIS,HIS_SETTLEMENT,NSK-OCS-469198 HIS_SETTLEMENT 3358005YT7JQCWYLTG43,500170630,Journal Import 2591641:,//SETTLEMENT,2,,,,,100,0,Posted
10-09-2024,01.12102.000.0000.000.3706008.00000.000,eHIS,HIS_SETTLEMENT,NSK-OCS-469199 HIS_SETTLEMENT 3358005YT7JQCWYLTG43,500170631,Journal Import 2591641:,//SETTLEMENT,2,,,,,100,0,Posted
10-09-2024,01.12102.000.0000.000.3706008.00000.000,eHIS,HIS_SETTLEMENT,NSK-OCS-469200 HIS_SETTLEMENT 3358005YT7JQCWYLTG43,500170632,Journal Import 2591641:,//SETTLEMENT,2,,,,,100,0,Posted
10-09-2024,01.12102.000.0000.000.3706008.00000.000,eHIS,HIS_SETTLEMENT,NSK-OCS-469201 HIS_SETTLEMENT 3358005YT7JQCWYLTG43,500170605,Journal Import 2591641:,//SETTLEMENT,3,,,,,50,0,Posted
10-09-2024,01.12102.000.0000.000.3706008.00000.000,eHIS,HIS_SETTLEMENT,NSK-OCS-469201 HIS_SETTLEMENT 3358005YT7JQCWYLTG43,500170605,Journal Import 2591641:,//SETTLEMENT,4,,,,,400,0,Posted
10-09-2024,01.12102.000.0000.000.3706008.00000.000,eHIS,HIS_SETTLEMENT,NSK-OCS-469202 HIS_SETTLEMENT 3358005YT7JQCWYLTG43,500170460,Journal Import 2591641:,//SETTLEMENT,2,,,,,410,0,Posted
10-09-2024,01.12102.000.0000.000.3706008.00000.000,eHIS,HIS_SETTLEMENT,NSK-OCS-469203 HIS_SETTLEMENT 3358005YT7JQCWYLTG43,500170551,Journal Import 2591641:,//SETTLEMENT,2,,,,,2499,0,Posted
10-09-2024,01.12102.000.0000.000.3706008.00000.000,eHIS,HIS_SETTLEMENT,NSK-OCS-469204 HIS_SETTLEMENT 3358005YT7JQCWYLTG43,500170426,Journal Import 2591641:,//SETTLEMENT,2,,,,,4600,0,Posted
10-09-2024,01.12102.000.0000.000.3706008.00000.000,eHIS,HIS_SETTLEMENT,NSK-OCS-469205 HIS_SETTLEMENT 3358005YT7JQCWYLTG43,500170552,Journal Import 2591641:,//SETTLEMENT,2,,,,,2499,0,Posted
11-09-2024,01.12102.000.0000.000.3706008.00000.000,eHIS,HIS_SETTLEMENT,NSK-OCS-469206 HIS_SETTLEMENT 3358005YT7JQCWYLTG43,500170734,Journal Import 2599930:,//SETTLEMENT,2,,,,,1138,0,Posted
10-09-2024,01.12102.000.0000.000.3706008.00000.000,eHIS,HIS_SETTLEMENT,NSK-OCS-469207 HIS_SETTLEMENT 3358005YT7JQCWYLTG43,500170371,Journal Import 2591641:,//SETTLEMENT,2,,,,,5888,0,Posted
10-09-2024,01.12102.000.0000.000.3706008.00000.000,eHIS,HIS_SETTLEMENT,NSK-OCS-469208 HIS_SETTLEMENT 3358005YT7JQCWYLTG43,500170536,Journal Import 2591641:,//SETTLEMENT,2,,,,,3500,0,Posted
10-09-2024,01.12102.000.0000.000.3706008.00000.000,eHIS,HIS_SETTLEMENT,NSK-OCS-469209 HIS_SETTLEMENT 3358005YT7JQCWYLTG43,500170648,Journal Import 2591641:,//SETTLEMENT,2,,,,,3420,0,Posted
10-09-2024,01.12102.000.0000.000.3706008.00000.000,eHIS,HIS_SETTLEMENT,NSK-OCS-469210 HIS_SETTLEMENT 3358005YT7JQCWYLTG43,500170549,Journal Import 2591641:,//SETTLEMENT,2,,,,,2280,0,Posted
10-09-2024,01.12102.000.0000.000.3706008.00000.000,eHIS,HIS_SETTLEMENT,NSK-OCS-469211 HIS_SETTLEMENT 3358005YT7JQCWYLTG43,500170555,Journal Import 2591641:,//SETTLEMENT,2,,,,,2600,0,Posted
10-09-2024,01.12102.000.0000.000.3706008.00000.000,eHIS,HIS_SETTLEMENT,NSK-OCS-469212 HIS_SETTLEMENT 3358005YT7JQCWYLTG43,500170556,Journal Import 2591641:,//SETTLEMENT,2,,,,,2600,0,Posted
10-09-2024,01.12102.000.0000.000.3706008.00000.000,eHIS,HIS_SETTLEMENT,NSK-OCS-469214 HIS_SETTLEMENT 3358005YT7JQCWYLTG43,500170649,Journal Import 2591641:,//SETTLEMENT,2,,,,,650,0,Posted
10-09-2024,01.12102.000.0000.000.3706008.00000.000,eHIS,HIS_SETTLEMENT,NSK-OCS-469215 HIS_SETTLEMENT 3358005YT7JQCWYLTG43,500170553,Journal Import 2591641:,//SETTLEMENT,2,,,,,2499,0,Posted
10-09-2024,01.12102.000.0000.000.3706008.00000.000,eHIS,HIS_SETTLEMENT,NSK-OCS-469216 HIS_SETTLEMENT 3358005YT7JQCWYLTG43,500170644,Journal Import 2591641:,//SETTLEMENT,2,,,,,3299,0,Posted
10-09-2024,01.12102.000.0000.000.3706008.00000.000,eHIS,HIS_SETTLEMENT,NSK-OCS-469217 HIS_SETTLEMENT 3358005YT7JQCWYLTG43,500170274,Journal Import 2591641:,//SETTLEMENT,2,,,,,6900,0,Posted
10-09-2024,01.12102.000.0000.000.3706008.00000.000,eHIS,HIS_SETTLEMENT,NSK-OCS-469218 HIS_SETTLEMENT 3358005YT7JQCWYLTG43,500170710,Journal Import 2591641:,//SETTLEMENT,2,,,,,850,0,Posted
10-09-2024,01.12102.000.0000.000.3706008.00000.000,eHIS,HIS_SETTLEMENT,NSK-OCS-469219 HIS_SETTLEMENT 3358005YT7JQCWYLTG43,500170588,Journal Import 2591641:,//SETTLEMENT,2,,,,,800,0,Posted
10-09-2024,01.12102.000.0000.000.3706008.00000.000,eHIS,HIS_SETTLEMENT,NSK-OCS-469220 HIS_SETTLEMENT 3358005YT7JQCWYLTG43,500170466,Journal Import 2591641:,//SETTLEMENT,2,,,,,1250,0,Posted
10-09-2024,01.12102.000.0000.000.3706008.00000.000,eHIS,HIS_SETTLEMENT,NSK-OCS-469221 HIS_SETTLEMENT 3358005YT7JQCWYLTG43,500170467,Journal Import 2591641:,//SETTLEMENT,2,,,,,1280,0,Posted
10-09-2024,01.12102.000.0000.000.3706008.00000.000,eHIS,HIS_SETTLEMENT,NSK-OCS-469222 HIS_SETTLEMENT 3358005YT7JQCWYLTG43,500170488,Journal Import 2591641:,//SETTLEMENT,2,,,,,1700,0,Posted
10-09-2024,01.12102.000.0000.000.3706008.00000.000,eHIS,HIS_SETTLEMENT,NSK-OCS-469223 HIS_SETTLEMENT 3358005YT7JQCWYLTG43,500170589,Journal Import 2591641:,//SETTLEMENT,2,,,,,800,0,Posted
10-09-2024,01.12102.000.0000.000.3706008.00000.000,eHIS,HIS_SETTLEMENT,NSK-OCS-469224 HIS_SETTLEMENT 3358005YT7JQCWYLTG43,500170469,Journal Import 2591641:,//SETTLEMENT,2,,,,,500,0,Posted
10-09-2024,01.12102.000.0000.000.3706008.00000.000,eHIS,HIS_SETTLEMENT,NSK-OCS-469225 HIS_SETTLEMENT 3358005YT7JQCWYLTG43,500170562,Journal Import 2591641:,//SETTLEMENT,2,,,,,1100,0,Posted
10-09-2024,01.12102.000.0000.000.3706008.00000.000,eHIS,HIS_SETTLEMENT,NSK-OCS-469226 HIS_SETTLEMENT 3358005YT7JQCWYLTG43,500170590,Journal Import 2591641:,//SETTLEMENT,2,,,,,800,0,Posted
10-09-2024,01.12102.000.0000.000.3706008.00000.000,eHIS,HIS_SETTLEMENT,NSK-OCS-469227 HIS_SETTLEMENT 3358005YT7JQCWYLTG43,500170470,Journal Import 2591641:,//SETTLEMENT,2,,,,,500,0,Posted
10-09-2024,01.12102.000.0000.000.3706008.00000.000,eHIS,HIS_SETTLEMENT,NSK-OCS-469228 HIS_SETTLEMENT 3358005YT7JQCWYLTG43,500170449,Journal Import 2591641:,//SETTLEMENT,2,,,,,5130,0,Posted
10-09-2024,01.12102.000.0000.000.3706008.00000.000,eHIS,HIS_SETTLEMENT,NSK-OCS-469229 HIS_SETTLEMENT 3358005YT7JQCWYLTG43,500170563,Journal Import 2591641:,//SETTLEMENT,2,,,,,1100,0,Posted
10-09-2024,01.12102.000.0000.000.3706008.00000.000,eHIS,HIS_SETTLEMENT,NSK-OCS-469230 HIS_SETTLEMENT 3358005YT7JQCWYLTG43,500170584,Journal Import 2591641:,//SETTLEMENT,2,,,,,400,0,Posted
10-09-2024,01.12102.000.0000.000.3706008.00000.000,eHIS,HIS_SETTLEMENT,NSK-OCS-469231 HIS_SETTLEMENT 3358005YT7JQCWYLTG43,500170591,Journal Import 2591641:,//SETTLEMENT,2,,,,,800,0,Posted
10-09-2024,01.12102.000.0000.000.3706008.00000.000,eHIS,HIS_SETTLEMENT,NSK-OCS-469232 HIS_SETTLEMENT 3358005YT7JQCWYLTG43,500170558,Journal Import 2591641:,//SETTLEMENT,2,,,,,250,0,Posted
10-09-2024,01.12102.000.0000.000.3706008.00000.000,eHIS,HIS_SETTLEMENT,NSK-OCS-469233 HIS_SETTLEMENT 3358005YT7JQCWYLTG43,500170596,Journal Import 2591641:,//SETTLEMENT,2,,,,,900,0,Posted
10-09-2024,01.12102.000.0000.000.3706008.00000.000,eHIS,HIS_SETTLEMENT,NSK-OCS-469234 HIS_SETTLEMENT 3358005YT7JQCWYLTG43,500170597,Journal Import 2591641:,//SETTLEMENT,2,,,,,900,0,Posted
10-09-2024,01.12102.000.0000.000.3706008.00000.000,eHIS,HIS_SETTLEMENT,NSK-OCS-469235 HIS_SETTLEMENT 3358005YT7JQCWYLTG43,500170598,Journal Import 2591641:,//SETTLEMENT,2,,,,,900,0,Posted
10-09-2024,01.12102.000.0000.000.3706008.00000.000,eHIS,HIS_SETTLEMENT,NSK-OCS-469236 HIS_SETTLEMENT 3358005YT7JQCWYLTG43,500170471,Journal Import 2591641:,//SETTLEMENT,2,,,,,500,0,Posted
10-09-2024,01.12102.000.0000.000.3706008.00000.000,eHIS,HIS_SETTLEMENT,NSK-OCS-469237 HIS_SETTLEMENT 3358005YT7JQCWYLTG43,500170559,Journal Import 2591641:,//SETTLEMENT,2,,,,,250,0,Posted
10-09-2024,01.12102.000.0000.000.3706008.00000.000,eHIS,HIS_SETTLEMENT,NSK-OCS-469238 HIS_SETTLEMENT 3358005YT7JQCWYLTG43,500170585,Journal Import 2591641:,//SETTLEMENT,2,,,,,400,0,Posted
10-09-2024,01.12102.000.0000.000.3706008.00000.000,eHIS,HIS_SETTLEMENT,NSK-OCS-469239 HIS_SETTLEMENT 3358005YT7JQCWYLTG43,500170525,Journal Import 2591641:,//SETTLEMENT,2,,,,,1000,0,Posted
10-09-2024,01.12102.000.0000.000.3706008.00000.000,eHIS,HIS_SETTLEMENT,NSK-OCS-469240 HIS_SETTLEMENT 3358005YT7JQCWYLTG43,500170573,Journal Import 2591641:,//SETTLEMENT,2,,,,,350,0,Posted
10-09-2024,01.12102.000.0000.000.3706008.00000.000,eHIS,HIS_SETTLEMENT,NSK-OCS-469241 HIS_SETTLEMENT 3358005YT7JQCWYLTG43,500170652,Journal Import 2591641:,//SETTLEMENT,2,,,,,200,0,Posted
10-09-2024,01.12102.000.0000.000.3706008.00000.000,eHIS,HIS_SETTLEMENT,NSK-OCS-469242 HIS_SETTLEMENT 3358005YT7JQCWYLTG43,500170599,Journal Import 2591641:,//SETTLEMENT,2,,,,,900,0,Posted
10-09-2024,01.12102.000.0000.000.3706008.00000.000,eHIS,HIS_SETTLEMENT,NSK-OCS-469243 HIS_SETTLEMENT 3358005YT7JQCWYLTG43,500170653,Journal Import 2591641:,//SETTLEMENT,2,,,,,200,0,Posted
10-09-2024,01.12102.000.0000.000.3706008.00000.000,eHIS,HIS_SETTLEMENT,NSK-OCS-469244 HIS_SETTLEMENT 3358005YT7JQCWYLTG43,500170586,Journal Import 2591641:,//SETTLEMENT,2,,,,,400,0,Posted
10-09-2024,01.12102.000.0000.000.3706008.00000.000,eHIS,HIS_SETTLEMENT,NSK-OCS-469245 HIS_SETTLEMENT 3358005YT7JQCWYLTG43,500170472,Journal Import 2591641:,//SETTLEMENT,2,,,,,500,0,Posted
10-09-2024,01.12102.000.0000.000.3706008.00000.000,eHIS,HIS_SETTLEMENT,NSK-OCS-469246 HIS_SETTLEMENT 3358005YT7JQCWYLTG43,500170606,Journal Import 2591641:,//SETTLEMENT,3,,,,,50,0,Posted
10-09-2024,01.12102.000.0000.000.3706008.00000.000,eHIS,HIS_SETTLEMENT,NSK-OCS-469246 HIS_SETTLEMENT 3358005YT7JQCWYLTG43,500170606,Journal Import 2591641:,//SETTLEMENT,4,,,,,200,0,Posted
10-09-2024,01.12102.000.0000.000.3706008.00000.000,eHIS,HIS_SETTLEMENT,NSK-OCS-469247 HIS_SETTLEMENT 3358005YT7JQCWYLTG43,500170564,Journal Import 2591641:,//SETTLEMENT,2,,,,,1100,0,Posted
10-09-2024,01.12102.000.0000.000.3706008.00000.000,eHIS,HIS_SETTLEMENT,NSK-OCS-469248 HIS_SETTLEMENT 3358005YT7JQCWYLTG43,500170592,Journal Import 2591641:,//SETTLEMENT,2,,,,,800,0,Posted
10-09-2024,01.12102.000.0000.000.3706008.00000.000,eHIS,HIS_SETTLEMENT,NSK-OCS-469249 HIS_SETTLEMENT 3358005YT7JQCWYLTG43,500170600,Journal Import 2591641:,//SETTLEMENT,2,,,,,900,0,Posted
10-09-2024,01.12102.000.0000.000.3706008.00000.000,eHIS,HIS_SETTLEMENT,NSK-OCS-469250 HIS_SETTLEMENT 3358005YT7JQCWYLTG43,500170705,Journal Import 2591641:,//SETTLEMENT,2,,,,,1850,0,Posted
10-09-2024,01.12102.000.0000.000.3706008.00000.000,eHIS,HIS_SETTLEMENT,NSK-OCS-469251 HIS_SETTLEMENT 3358005YT7JQCWYLTG43,500170540,Journal Import 2591641:,//SETTLEMENT,2,,,,,700,0,Posted
10-09-2024,01.12102.000.0000.000.3706008.00000.000,eHIS,HIS_SETTLEMENT,NSK-OCS-469252 HIS_SETTLEMENT 3358005YT7JQCWYLTG43,500170626,Journal Import 2591641:,//SETTLEMENT,2,,,,,2850,0,Posted
10-09-2024,01.12102.000.0000.000.3706008.00000.000,eHIS,HIS_SETTLEMENT,NSK-OCS-469253 HIS_SETTLEMENT 3358005YT7JQCWYLTG43,500170650,Journal Import 2591641:,//SETTLEMENT,2,,,,,650,0,Posted
10-09-2024,01.12102.000.0000.000.3706008.00000.000,eHIS,HIS_SETTLEMENT,NSK-OCS-469254 HIS_SETTLEMENT 3358005YT7JQCWYLTG43,500170593,Journal Import 2591641:,//SETTLEMENT,2,,,,,800,0,Posted
10-09-2024,01.12102.000.0000.000.3706008.00000.000,eHIS,HIS_SETTLEMENT,NSK-OCS-469255 HIS_SETTLEMENT 3358005YT7JQCWYLTG43,500170277,Journal Import 2591641:,//SETTLEMENT,2,,,,,8000,0,Posted
10-09-2024,01.12102.000.0000.000.3706008.00000.000,eHIS,HIS_SETTLEMENT,NSK-OCS-469256 HIS_SETTLEMENT 3358005YT7JQCWYLTG43,500170708,Journal Import 2591641:,//SETTLEMENT,2,,,,,757,0,Posted
10-09-2024,01.12102.000.0000.000.3706008.00000.000,eHIS,HIS_SETTLEMENT,NSK-OCS-469257 HIS_SETTLEMENT 3358005YT7JQCWYLTG43,500170654,Journal Import 2591641:,//SETTLEMENT,2,,,,,200,0,Posted
10-09-2024,01.12102.000.0000.000.3706008.00000.000,eHIS,HIS_SETTLEMENT,NSK-OCS-469258 HIS_SETTLEMENT 3358005YT7JQCWYLTG43,500170526,Journal Import 2591641:,//SETTLEMENT,2,,,,,1000,0,Posted
10-09-2024,01.12102.000.0000.000.3706008.00000.000,eHIS,HIS_SETTLEMENT,NSK-OCS-469259 HIS_SETTLEMENT 3358005YT7JQCWYLTG43,500170706,Journal Import 2591641:,//SETTLEMENT,2,,,,,1850,0,Posted
10-09-2024,01.12102.000.0000.000.3706008.00000.000,eHIS,HIS_SETTLEMENT,NSK-OCS-469260 HIS_SETTLEMENT 3358005YT7JQCWYLTG43,500170707,Journal Import 2591641:,//SETTLEMENT,2,,,,,1850,0,Posted
10-09-2024,01.12102.000.0000.000.3706008.00000.000,eHIS,HIS_SETTLEMENT,NSK-OCS-469261 HIS_SETTLEMENT 3358005YT7JQCWYLTG43,500170541,Journal Import 2591641:,//SETTLEMENT,2,,,,,700,0,Posted
10-09-2024,01.12102.000.0000.000.3706008.00000.000,eHIS,HIS_SETTLEMENT,NSK-OCS-469262 HIS_SETTLEMENT 3358005YT7JQCWYLTG43,500170594,Journal Import 2591641:,//SETTLEMENT,2,,,,,800,0,Posted
10-09-2024,01.12102.000.0000.000.3706008.00000.000,eHIS,HIS_SETTLEMENT,NSK-OCS-469263 HIS_SETTLEMENT 3358005YT7JQCWYLTG43,500170496,Journal Import 2591641:,//SETTLEMENT,2,,,,,4000,0,Posted
10-09-2024,01.12102.000.0000.000.3706008.00000.000,eHIS,HIS_SETTLEMENT,NSK-OCS-469264 HIS_SETTLEMENT 3358005YT7JQCWYLTG43,500170711,Journal Import 2591641:,//SETTLEMENT,2,,,,,1850,0,Posted
10-09-2024,01.12102.000.0000.000.3706008.00000.000,eHIS,HIS_SETTLEMENT,NSK-OCS-469265 HIS_SETTLEMENT 3358005YT7JQCWYLTG43,500170478,Journal Import 2591641:,//SETTLEMENT,2,,,,,1300,0,Posted
10-09-2024,01.12102.000.0000.000.3706008.00000.000,eHIS,HIS_SETTLEMENT,NSK-OCS-469266 HIS_SETTLEMENT 3358005YT7JQCWYLTG43,500170709,Journal Import 2591641:,//SETTLEMENT,2,,,,,775,0,Posted
10-09-2024,01.12102.000.0000.000.3706008.00000.000,eHIS,HIS_SETTLEMENT,NSK-OCS-469267 HIS_SETTLEMENT 3358005YT7JQCWYLTG43,500170601,Journal Import 2591641:,//SETTLEMENT,2,,,,,900,0,Posted
10-09-2024,01.12102.000.0000.000.3706008.00000.000,eHIS,HIS_SETTLEMENT,NSK-OCS-469268 HIS_SETTLEMENT 3358005YT7JQCWYLTG43,500170595,Journal Import 2591641:,//SETTLEMENT,2,,,,,800,0,Posted
10-09-2024,01.12102.000.0000.000.3706008.00000.000,eHIS,HIS_SETTLEMENT,NSK-OCS-469269 HIS_SETTLEMENT 3358005YT7JQCWYLTG43,500170575,Journal Import 2591641:,//SETTLEMENT,2,,,,,1200,0,Posted
10-09-2024,01.12102.000.0000.000.3706008.00000.000,eHIS,HIS_SETTLEMENT,NSK-OCS-469270 HIS_SETTLEMENT 3358005YT7JQCWYLTG43,500170425,Journal Import 2591641:,//SETTLEMENT,2,,,,,4560,0,Posted
10-09-2024,01.12102.000.0000.000.3706008.00000.000,eHIS,HIS_SETTLEMENT,NSK-OCS-469271 HIS_SETTLEMENT 3358005YT7JQCWYLTG43,500170576,Journal Import 2591641:,//SETTLEMENT,2,,,,,1200,0,Posted
10-09-2024,01.12102.000.0000.000.3706008.00000.000,eHIS,HIS_SETTLEMENT,NSK-OCS-469272 HIS_SETTLEMENT 3358005YT7JQCWYLTG43,500170577,Journal Import 2591641:,//SETTLEMENT,2,,,,,1200,0,Posted
10-09-2024,01.12102.000.0000.000.3706008.00000.000,eHIS,HIS_SETTLEMENT,NSK-OCS-469273 HIS_SETTLEMENT 3358005YT7JQCWYLTG43,500170712,Journal Import 2591641:,//SETTLEMENT,2,,,,,1850,0,Posted
10-09-2024,01.12102.000.0000.000.3706008.00000.000,eHIS,HIS_SETTLEMENT,NSK-OCS-469274 HIS_SETTLEMENT 3358005YT7JQCWYLTG43,500170578,Journal Import 2591641:,//SETTLEMENT,2,,,,,1200,0,Posted
10-09-2024,01.12102.000.0000.000.3706008.00000.000,eHIS,HIS_SETTLEMENT,NSK-OCS-469275 HIS_SETTLEMENT 3358005YT7JQCWYLTG43,500170479,Journal Import 2591641:,//SETTLEMENT,2,,,,,1300,0,Posted
10-09-2024,01.12102.000.0000.000.3706008.00000.000,eHIS,HIS_SETTLEMENT,NSK-OCS-469276 HIS_SETTLEMENT 3358005YT7JQCWYLTG43,500170608,Journal Import 2591641:,//SETTLEMENT,2,,,,,800,0,Posted
10-09-2024,01.12102.000.0000.000.3706008.00000.000,eHIS,HIS_SETTLEMENT,NSK-OCS-469277 HIS_SETTLEMENT 3358005YT7JQCWYLTG43,500170609,Journal Import 2591641:,//SETTLEMENT,2,,,,,800,0,Posted
10-09-2024,01.12102.000.0000.000.3706008.00000.000,eHIS,HIS_SETTLEMENT,NSK-OCS-469278 HIS_SETTLEMENT 3358005YT7JQCWYLTG43,500170633,Journal Import 2591641:,//SETTLEMENT,2,,,,,100,0,Posted
10-09-2024,01.12102.000.0000.000.3706008.00000.000,eHIS,HIS_SETTLEMENT,NSK-OCS-469279 HIS_SETTLEMENT 3358005YT7JQCWYLTG43,500170565,Journal Import 2591641:,//SETTLEMENT,2,,,,,1100,0,Posted
10-09-2024,01.12102.000.0000.000.3706008.00000.000,eHIS,HIS_SETTLEMENT,NSK-OCS-469280 HIS_SETTLEMENT 3358005YT7JQCWYLTG43,500170473,Journal Import 2591641:,//SETTLEMENT,2,,,,,500,0,Posted
10-09-2024,01.12102.000.0000.000.3706008.00000.000,eHIS,HIS_SETTLEMENT,NSK-OCS-469281 HIS_SETTLEMENT 3358005YT7JQCWYLTG43,500170474,Journal Import 2591641:,//SETTLEMENT,2,,,,,500,0,Posted
10-09-2024,01.12102.000.0000.000.3706008.00000.000,eHIS,HIS_SETTLEMENT,NSK-OCS-469282 HIS_SETTLEMENT 3358005YT7JQCWYLTG43,500170494,Journal Import 2591641:,//SETTLEMENT,2,,,,,3780,0,Posted
10-09-2024,01.12102.000.0000.000.3706008.00000.000,eHIS,HIS_SETTLEMENT,NSK-OCS-469283 HIS_SETTLEMENT 3358005YT7JQCWYLTG43,500170475,Journal Import 2591641:,//SETTLEMENT,2,,,,,500,0,Posted
10-09-2024,01.12102.000.0000.000.3706008.00000.000,eHIS,HIS_SETTLEMENT,NSK-OCS-469284 HIS_SETTLEMENT 3358005YT7JQCWYLTG43,500170480,Journal Import 2591641:,//SETTLEMENT,2,,,,,1300,0,Posted
10-09-2024,01.12102.000.0000.000.3706008.00000.000,eHIS,HIS_SETTLEMENT,NSK-OCS-469285 HIS_SETTLEMENT 3358005YT7JQCWYLTG43,500170303,Journal Import 2591641:,//SETTLEMENT,2,,,,,9900,0,Posted
10-09-2024,01.12102.000.0000.000.3706008.00000.000,eHIS,HIS_SETTLEMENT,NSK-OCS-469286 HIS_SETTLEMENT 3358005YT7JQCWYLTG43,500170579,Journal Import 2591641:,//SETTLEMENT,2,,,,,1200,0,Posted
10-09-2024,01.12102.000.0000.000.3706008.00000.000,eHIS,HIS_SETTLEMENT,NSK-OCS-469287 HIS_SETTLEMENT 3358005YT7JQCWYLTG43,500170634,Journal Import 2591641:,//SETTLEMENT,2,,,,,100,0,Posted
10-09-2024,01.12102.000.0000.000.3706008.00000.000,eHIS,HIS_SETTLEMENT,NSK-OCS-469288 HIS_SETTLEMENT 3358005YT7JQCWYLTG43,500170527,Journal Import 2591641:,//SETTLEMENT,2,,,,,1000,0,Posted
10-09-2024,01.12102.000.0000.000.3706008.00000.000,eHIS,HIS_SETTLEMENT,NSK-OCS-469289 HIS_SETTLEMENT 3358005YT7JQCWYLTG43,500170602,Journal Import 2591641:,//SETTLEMENT,2,,,,,900,0,Posted
10-09-2024,01.12102.000.0000.000.3706008.00000.000,eHIS,HIS_SETTLEMENT,NSK-OCS-469290 HIS_SETTLEMENT 3358005YT7JQCWYLTG43,500170497,Journal Import 2591641:,//SETTLEMENT,2,,,,,4000,0,Posted
10-09-2024,01.12102.000.0000.000.3706008.00000.000,eHIS,HIS_SETTLEMENT,NSK-OCS-469291 HIS_SETTLEMENT 3358005YT7JQCWYLTG43,500170635,Journal Import 2591641:,//SETTLEMENT,2,,,,,100,0,Posted
10-09-2024,01.12102.000.0000.000.3706008.00000.000,eHIS,HIS_SETTLEMENT,NSK-OCS-469292 HIS_SETTLEMENT 3358005YT7JQCWYLTG43,500170610,Journal Import 2591641:,//SETTLEMENT,2,,,,,800,0,Posted
10-09-2024,01.12102.000.0000.000.3706008.00000.000,eHIS,HIS_SETTLEMENT,NSK-OCS-469293 HIS_SETTLEMENT 3358005YT7JQCWYLTG43,500170566,Journal Import 2591641:,//SETTLEMENT,2,,,,,1100,0,Posted
10-09-2024,01.12102.000.0000.000.3706008.00000.000,eHIS,HIS_SETTLEMENT,NSK-OCS-469294 HIS_SETTLEMENT 3358005YT7JQCWYLTG43,500170528,Journal Import 2591641:,//SETTLEMENT,2,,,,,1000,0,Posted
10-09-2024,01.12102.000.0000.000.3706008.00000.000,eHIS,HIS_SETTLEMENT,NSK-OCS-469295 HIS_SETTLEMENT 3358005YT7JQCWYLTG43,500170567,Journal Import 2591641:,//SETTLEMENT,2,,,,,1100,0,Posted
10-09-2024,01.12102.000.0000.000.3706008.00000.000,eHIS,HIS_SETTLEMENT,NSK-OCS-469296 HIS_SETTLEMENT 3358005YT7JQCWYLTG43,500170587,Journal Import 2591641:,//SETTLEMENT,2,,,,,400,0,Posted
10-09-2024,01.12102.000.0000.000.3706008.00000.000,eHIS,HIS_SETTLEMENT,NSK-OCS-469297 HIS_SETTLEMENT 3358005YT7JQCWYLTG43,500170543,Journal Import 2591641:,//SETTLEMENT,2,,,,,750,0,Posted
10-09-2024,01.12102.000.0000.000.3706008.00000.000,eHIS,HIS_SETTLEMENT,NSK-OCS-469298 HIS_SETTLEMENT 3358005YT7JQCWYLTG43,500170568,Journal Import 2591641:,//SETTLEMENT,2,,,,,1100,0,Posted
10-09-2024,01.12102.000.0000.000.3706008.00000.000,eHIS,HIS_SETTLEMENT,NSK-OCS-469299 HIS_SETTLEMENT 3358005YT7JQCWYLTG43,500170529,Journal Import 2591641:,//SETTLEMENT,2,,,,,1000,0,Posted
10-09-2024,01.12102.000.0000.000.3706008.00000.000,eHIS,HIS_SETTLEMENT,NSK-OCS-469300 HIS_SETTLEMENT 3358005YT7JQCWYLTG43,500170580,Journal Import 2591641:,//SETTLEMENT,2,,,,,1200,0,Posted
10-09-2024,01.12102.000.0000.000.3706008.00000.000,eHIS,HIS_SETTLEMENT,NSK-OCS-469301 HIS_SETTLEMENT 3358005YT7JQCWYLTG43,500170489,Journal Import 2591641:,//SETTLEMENT,2,,,,,1700,0,Posted
10-09-2024,01.12102.000.0000.000.3706008.00000.000,eHIS,HIS_SETTLEMENT,NSK-OCS-469302 HIS_SETTLEMENT 3358005YT7JQCWYLTG43,500170646,Journal Import 2591641:,//SETTLEMENT,2,,,,,3410,0,Posted
10-09-2024,01.12102.000.0000.000.3706008.00000.000,eHIS,HIS_SETTLEMENT,NSK-OCS-469303 HIS_SETTLEMENT 3358005YT7JQCWYLTG43,500170476,Journal Import 2591641:,//SETTLEMENT,2,,,,,500,0,Posted
10-09-2024,01.12102.000.0000.000.3706008.00000.000,eHIS,HIS_SETTLEMENT,NSK-OCS-469304 HIS_SETTLEMENT 3358005YT7JQCWYLTG43,500170611,Journal Import 2591641:,//SETTLEMENT,2,,,,,800,0,Posted
10-09-2024,01.12102.000.0000.000.3706008.00000.000,eHIS,HIS_SETTLEMENT,NSK-OCS-469305 HIS_SETTLEMENT 3358005YT7JQCWYLTG43,500170524,Journal Import 2591641:,//SETTLEMENT,2,,,,,675,0,Posted
10-09-2024,01.12102.000.0000.000.3706008.00000.000,eHIS,HIS_SETTLEMENT,NSK-OCS-469306 HIS_SETTLEMENT 3358005YT7JQCWYLTG43,500170560,Journal Import 2591641:,//SETTLEMENT,2,,,,,250,0,Posted
10-09-2024,01.12102.000.0000.000.3706008.00000.000,eHIS,HIS_SETTLEMENT,NSK-OCS-469307 HIS_SETTLEMENT 3358005YT7JQCWYLTG43,500170645,Journal Import 2591641:,//SETTLEMENT,2,,,,,3300,0,Posted
10-09-2024,01.12102.000.0000.000.3706008.00000.000,eHIS,HIS_SETTLEMENT,NSK-OCS-469308 HIS_SETTLEMENT 3358005YT7JQCWYLTG43,500170612,Journal Import 2591641:,//SETTLEMENT,2,,,,,800,0,Posted
10-09-2024,01.12102.000.0000.000.3706008.00000.000,eHIS,HIS_SETTLEMENT,NSK-OCS-469309 HIS_SETTLEMENT 3358005YT7JQCWYLTG43,500170574,Journal Import 2591641:,//SETTLEMENT,2,,,,,350,0,Posted
10-09-2024,01.12102.000.0000.000.3706008.00000.000,eHIS,HIS_SETTLEMENT,NSK-OCS-469310 HIS_SETTLEMENT 3358005YT7JQCWYLTG43,500170561,Journal Import 2591641:,//SETTLEMENT,2,,,,,250,0,Posted
10-09-2024,01.12102.000.0000.000.3706008.00000.000,eHIS,HIS_SETTLEMENT,NSK-OCS-469311 HIS_SETTLEMENT 3358005YT7JQCWYLTG43,500170427,Journal Import 2591641:,//SETTLEMENT,2,,,,,4900,0,Posted
10-09-2024,01.12102.000.0000.000.3706008.00000.000,eHIS,HIS_SETTLEMENT,NSK-OCS-469312 HIS_SETTLEMENT 3358005YT7JQCWYLTG43,500170278,Journal Import 2591641:,//SETTLEMENT,2,,,,,8300,0,Posted
10-09-2024,01.12102.000.0000.000.3706008.00000.000,eHIS,HIS_SETTLEMENT,NSK-OCS-469313 HIS_SETTLEMENT 3358005YT7JQCWYLTG43,500170462,Journal Import 2591641:,//SETTLEMENT,2,,,,,450,0,Posted
10-09-2024,01.12102.000.0000.000.3706008.00000.000,eHIS,HIS_SETTLEMENT,NSK-OCS-469314 HIS_SETTLEMENT 3358005YT7JQCWYLTG43,500170613,Journal Import 2591641:,//SETTLEMENT,2,,,,,800,0,Posted
10-09-2024,01.12102.000.0000.000.3706008.00000.000,eHIS,HIS_SETTLEMENT,NSK-OCS-469315 HIS_SETTLEMENT 3358005YT7JQCWYLTG43,500170490,Journal Import 2591641:,//SETTLEMENT,2,,,,,1700,0,Posted
10-09-2024,01.12102.000.0000.000.3706008.00000.000,eHIS,HIS_SETTLEMENT,NSK-OCS-469316 HIS_SETTLEMENT 3358005YT7JQCWYLTG43,500170614,Journal Import 2591641:,//SETTLEMENT,2,,,,,800,0,Posted
10-09-2024,01.12102.000.0000.000.3706008.00000.000,eHIS,HIS_SETTLEMENT,NSK-OCS-469317 HIS_SETTLEMENT 3358005YT7JQCWYLTG43,500170544,Journal Import 2591641:,//SETTLEMENT,2,,,,,750,0,Posted
10-09-2024,01.12102.000.0000.000.3706008.00000.000,eHIS,HIS_SETTLEMENT,NSK-OCS-469318 HIS_SETTLEMENT 3358005YT7JQCWYLTG43,500170537,Journal Import 2591641:,//SETTLEMENT,2,,,,,3550,0,Posted
10-09-2024,01.12102.000.0000.000.3706008.00000.000,eHIS,HIS_SETTLEMENT,NSK-OCS-469319 HIS_SETTLEMENT 3358005YT7JQCWYLTG43,500170477,Journal Import 2591641:,//SETTLEMENT,2,,,,,500,0,Posted
10-09-2024,01.12102.000.0000.000.3706008.00000.000,eHIS,HIS_SETTLEMENT,NSK-OCS-469320 HIS_SETTLEMENT 3358005YT7JQCWYLTG43,500170530,Journal Import 2591641:,//SETTLEMENT,2,,,,,1000,0,Posted
10-09-2024,01.12102.000.0000.000.3706008.00000.000,eHIS,HIS_SETTLEMENT,NSK-OCS-469321 HIS_SETTLEMENT 3358005YT7JQCWYLTG43,500170372,Journal Import 2591641:,//SETTLEMENT,2,,,,,6430,0,Posted
10-09-2024,01.12102.000.0000.000.3706008.00000.000,eHIS,HIS_SETTLEMENT,NSK-OCS-469322 HIS_SETTLEMENT 3358005YT7JQCWYLTG43,500170581,Journal Import 2591641:,//SETTLEMENT,2,,,,,1200,0,Posted
10-09-2024,01.12102.000.0000.000.3706008.00000.000,eHIS,HIS_SETTLEMENT,NSK-OCS-469323 HIS_SETTLEMENT 3358005YT7JQCWYLTG43,500170483,Journal Import 2591641:,//SETTLEMENT,2,,,,,500,0,Posted
10-09-2024,01.12102.000.0000.000.3706008.00000.000,eHIS,HIS_SETTLEMENT,NSK-OCS-469324 HIS_SETTLEMENT 3358005YT7JQCWYLTG43,500170557,Journal Import 2591641:,//SETTLEMENT,2,,,,,2600,0,Posted
10-09-2024,01.12102.000.0000.000.3706008.00000.000,eHIS,HIS_SETTLEMENT,NSK-OCS-469325 HIS_SETTLEMENT 3358005YT7JQCWYLTG43,500170615,Journal Import 2591641:,//SETTLEMENT,2,,,,,800,0,Posted
10-09-2024,01.12102.000.0000.000.3706008.00000.000,eHIS,HIS_SETTLEMENT,NSK-OCS-469326 HIS_SETTLEMENT 3358005YT7JQCWYLTG43,500170616,Journal Import 2591641:,//SETTLEMENT,2,,,,,800,0,Posted
10-09-2024,01.12102.000.0000.000.3706008.00000.000,eHIS,HIS_SETTLEMENT,NSK-OCS-469327 HIS_SETTLEMENT 3358005YT7JQCWYLTG43,500170484,Journal Import 2591641:,//SETTLEMENT,2,,,,,500,0,Posted
10-09-2024,01.12102.000.0000.000.3706008.00000.000,eHIS,HIS_SETTLEMENT,NSK-OCS-469328 HIS_SETTLEMENT 3358005YT7JQCWYLTG43,500170582,Journal Import 2591641:,//SETTLEMENT,2,,,,,1200,0,Posted
10-09-2024,01.12102.000.0000.000.3706008.00000.000,eHIS,HIS_SETTLEMENT,NSK-OCS-469329 HIS_SETTLEMENT 3358005YT7JQCWYLTG43,500170583,Journal Import 2591641:,//SETTLEMENT,2,,,,,1200,0,Posted
10-09-2024,01.12102.000.0000.000.3706008.00000.000,eHIS,HIS_SETTLEMENT,NSK-OCS-469330 HIS_SETTLEMENT 3358005YT7JQCWYLTG43,500170569,Journal Import 2591641:,//SETTLEMENT,2,,,,,1100,0,Posted
10-09-2024,01.12102.000.0000.000.3706008.00000.000,eHIS,HIS_SETTLEMENT,NSK-OCS-469331 HIS_SETTLEMENT 3358005YT7JQCWYLTG43,500170647,Journal Import 2591641:,//SETTLEMENT,2,,,,,3410,0,Posted
10-09-2024,01.12102.000.0000.000.3706008.00000.000,eHIS,HIS_SETTLEMENT,NSK-OCS-469332 HIS_SETTLEMENT 3358005YT7JQCWYLTG43,500170617,Journal Import 2591641:,//SETTLEMENT,2,,,,,800,0,Posted
10-09-2024,01.12102.000.0000.000.3706008.00000.000,eHIS,HIS_SETTLEMENT,NSK-OCS-469333 HIS_SETTLEMENT 3358005YT7JQCWYLTG43,500170618,Journal Import 2591641:,//SETTLEMENT,2,,,,,800,0,Posted
10-09-2024,01.12102.000.0000.000.3706008.00000.000,eHIS,HIS_SETTLEMENT,NSK-OCS-469334 HIS_SETTLEMENT 3358005YT7JQCWYLTG43,500170424,Journal Import 2591641:,//SETTLEMENT,2,,,,,4530,0,Posted
10-09-2024,01.12102.000.0000.000.3706008.00000.000,eHIS,HIS_SETTLEMENT,NSK-OCS-469335 HIS_SETTLEMENT 3358005YT7JQCWYLTG43,500170570,Journal Import 2591641:,//SETTLEMENT,2,,,,,1100,0,Posted
10-09-2024,01.12102.000.0000.000.3706008.00000.000,eHIS,HIS_SETTLEMENT,NSK-OCS-469336 HIS_SETTLEMENT 3358005YT7JQCWYLTG43,500170485,Journal Import 2591641:,//SETTLEMENT,2,,,,,500,0,Posted
10-09-2024,01.12102.000.0000.000.3706008.00000.000,eHIS,HIS_SETTLEMENT,NSK-OCS-469337 HIS_SETTLEMENT 3358005YT7JQCWYLTG43,500170498,Journal Import 2591641:,//SETTLEMENT,3,,,,,4000,0,Posted
10-09-2024,01.12102.000.0000.000.3706008.00000.000,eHIS,HIS_SETTLEMENT,NSK-OCS-469337 HIS_SETTLEMENT 3358005YT7JQCWYLTG43,500170498,Journal Import 2591641:,//SETTLEMENT,4,,,,,4010,0,Posted
10-09-2024,01.12102.000.0000.000.3706008.00000.000,eHIS,HIS_SETTLEMENT,NSK-OCS-469338 HIS_SETTLEMENT 3358005YT7JQCWYLTG43,500170493,Journal Import 2591641:,//SETTLEMENT,2,,,,,3700,0,Posted
10-09-2024,01.12102.000.0000.000.3706008.00000.000,eHIS,HIS_SETTLEMENT,NSK-OCS-469339 HIS_SETTLEMENT 3358005YT7JQCWYLTG43,500170481,Journal Import 2591641:,//SETTLEMENT,2,,,,,1300,0,Posted
10-09-2024,01.12102.000.0000.000.3706008.00000.000,eHIS,HIS_SETTLEMENT,NSK-OCS-469340 HIS_SETTLEMENT 3358005YT7JQCWYLTG43,500170542,Journal Import 2591641:,//SETTLEMENT,2,,,,,700,0,Posted
10-09-2024,01.12102.000.0000.000.3706008.00000.000,eHIS,HIS_SETTLEMENT,NSK-OCS-469341 HIS_SETTLEMENT 3358005YT7JQCWYLTG43,500170619,Journal Import 2591641:,//SETTLEMENT,2,,,,,800,0,Posted
10-09-2024,01.12102.000.0000.000.3706008.00000.000,eHIS,HIS_SETTLEMENT,NSK-OCS-469342 HIS_SETTLEMENT 3358005YT7JQCWYLTG43,500170482,Journal Import 2591641:,//SETTLEMENT,2,,,,,1300,0,Posted
10-09-2024,01.12102.000.0000.000.3706008.00000.000,eHIS,HIS_SETTLEMENT,NSK-OCS-469343 HIS_SETTLEMENT 3358005YT7JQCWYLTG43,500170703,Journal Import 2591641:,//SETTLEMENT,2,,,,,1800,0,Posted
10-09-2024,01.12102.000.0000.000.3706008.00000.000,eHIS,HIS_SETTLEMENT,NSK-OCS-469344 HIS_SETTLEMENT 3358005YT7JQCWYLTG43,500170548,Journal Import 2591641:,//SETTLEMENT,2,,,,,2050,0,Posted
10-09-2024,01.12102.000.0000.000.3706008.00000.000,eHIS,HIS_SETTLEMENT,NSK-OCS-469345 HIS_SETTLEMENT 3358005YT7JQCWYLTG43,500170620,Journal Import 2591641:,//SETTLEMENT,2,,,,,800,0,Posted
10-09-2024,01.12102.000.0000.000.3706008.00000.000,eHIS,HIS_SETTLEMENT,NSK-OCS-469346 HIS_SETTLEMENT 3358005YT7JQCWYLTG43,500170639,Journal Import 2591641:,//SETTLEMENT,2,,,,,510,0,Posted
10-09-2024,01.12102.000.0000.000.3706008.00000.000,eHIS,HIS_SETTLEMENT,NSK-OCS-469347 HIS_SETTLEMENT 3358005YT7JQCWYLTG43,500170495,Journal Import 2591641:,//SETTLEMENT,2,,,,,3850,0,Posted
10-09-2024,01.12102.000.0000.000.3706008.00000.000,eHIS,HIS_SETTLEMENT,NSK-OCS-469348 HIS_SETTLEMENT 3358005YT7JQCWYLTG43,500170571,Journal Import 2591641:,//SETTLEMENT,2,,,,,1100,0,Posted
10-09-2024,01.12102.000.0000.000.3706008.00000.000,eHIS,HIS_SETTLEMENT,NSK-OCS-469349 HIS_SETTLEMENT 3358005YT7JQCWYLTG43,500170572,Journal Import 2591641:,//SETTLEMENT,2,,,,,1100,0,Posted
10-09-2024,01.12102.000.0000.000.3706008.00000.000,eHIS,HIS_SETTLEMENT,NSK-OCS-469350 HIS_SETTLEMENT 3358005YT7JQCWYLTG43,500170531,Journal Import 2591641:,//SETTLEMENT,2,,,,,1000,0,Posted
10-09-2024,01.12102.000.0000.000.3706008.00000.000,eHIS,HIS_SETTLEMENT,NSK-OCS-469351 HIS_SETTLEMENT 3358005YT7JQCWYLTG43,500170464,Journal Import 2591641:,//SETTLEMENT,2,,,,,1200,0,Posted
10-09-2024,01.12102.000.0000.000.3706008.00000.000,eHIS,HIS_SETTLEMENT,NSK-OCS-469352 HIS_SETTLEMENT 3358005YT7JQCWYLTG43,500170651,Journal Import 2591641:,//SETTLEMENT,2,,,,,650,0,Posted
10-09-2024,01.12102.000.0000.000.3706008.00000.000,eHIS,HIS_SETTLEMENT,NSK-OCS-469353 HIS_SETTLEMENT 3358005YT7JQCWYLTG43,500170422,Journal Import 2591641:,//SETTLEMENT,2,,,,,4250,0,Posted
10-09-2024,01.12102.000.0000.000.3706008.00000.000,eHIS,HIS_SETTLEMENT,NSK-OCS-469354 HIS_SETTLEMENT 3358005YT7JQCWYLTG43,500170621,Journal Import 2591641:,//SETTLEMENT,2,,,,,800,0,Posted
10-09-2024,01.12102.000.0000.000.3706008.00000.000,eHIS,HIS_SETTLEMENT,NSK-OCS-469355 HIS_SETTLEMENT 3358005YT7JQCWYLTG43,500170545,Journal Import 2591641:,//SETTLEMENT,2,,,,,750,0,Posted
10-09-2024,01.12102.000.0000.000.3706008.00000.000,eHIS,HIS_SETTLEMENT,NSK-OCS-469356 HIS_SETTLEMENT 3358005YT7JQCWYLTG43,500170450,Journal Import 2591641:,//SETTLEMENT,2,,,,,5700,0,Posted
10-09-2024,01.12102.000.0000.000.3706008.00000.000,eHIS,HIS_SETTLEMENT,NSK-OCS-469357 HIS_SETTLEMENT 3358005YT7JQCWYLTG43,500170465,Journal Import 2591641:,//SETTLEMENT,2,,,,,1200,0,Posted
10-09-2024,01.12102.000.0000.000.3706008.00000.000,eHIS,HIS_SETTLEMENT,NSK-OCS-469358 HIS_SETTLEMENT 3358005YT7JQCWYLTG43,500170624,Journal Import 2591641:,//SETTLEMENT,2,,,,,2780,0,Posted
10-09-2024,01.12102.000.0000.000.3706008.00000.000,eHIS,HIS_SETTLEMENT,NSK-OCS-469359 HIS_SETTLEMENT 3358005YT7JQCWYLTG43,500170623,Journal Import 2591641:,//SETTLEMENT,2,,,,,2750,0,Posted
10-09-2024,01.12102.000.0000.000.3706008.00000.000,eHIS,HIS_SETTLEMENT,NSK-OCS-469360 HIS_SETTLEMENT 3358005YT7JQCWYLTG43,500170655,Journal Import 2591641:,//SETTLEMENT,2,,,,,200,0,Posted
10-09-2024,01.12102.000.0000.000.3706008.00000.000,eHIS,HIS_SETTLEMENT,NSK-OCS-469361 HIS_SETTLEMENT 3358005YT7JQCWYLTG43,500170636,Journal Import 2591641:,//SETTLEMENT,2,,,,,100,0,Posted
10-09-2024,01.12102.000.0000.000.3706008.00000.000,eHIS,HIS_SETTLEMENT,NSK-OCS-469362 HIS_SETTLEMENT 3358005YT7JQCWYLTG43,500170532,Journal Import 2591641:,//SETTLEMENT,2,,,,,1000,0,Posted
10-09-2024,01.12102.000.0000.000.3706008.00000.000,eHIS,HIS_SETTLEMENT,NSK-OCS-469363 HIS_SETTLEMENT 3358005YT7JQCWYLTG43,500170656,Journal Import 2591641:,//SETTLEMENT,2,,,,,750,0,Posted
10-09-2024,01.12102.000.0000.000.3706008.00000.000,eHIS,HIS_SETTLEMENT,NSK-OCS-469364 HIS_SETTLEMENT 3358005YT7JQCWYLTG43,500170657,Journal Import 2591641:,//SETTLEMENT,2,,,,,750,0,Posted
10-09-2024,01.12102.000.0000.000.3706008.00000.000,eHIS,HIS_SETTLEMENT,NSK-OCS-469365 HIS_SETTLEMENT 3358005YT7JQCWYLTG43,500170637,Journal Import 2591641:,//SETTLEMENT,2,,,,,100,0,Posted
10-09-2024,01.12102.000.0000.000.3706008.00000.000,eHIS,HIS_SETTLEMENT,NSK-OCS-469366 HIS_SETTLEMENT 3358005YT7JQCWYLTG43,500170533,Journal Import 2591641:,//SETTLEMENT,2,,,,,1000,0,Posted
11-09-2024,01.12102.000.0000.000.3706008.00000.000,eHIS,HIS_SETTLEMENT,NSK-OCS-469367 HIS_SETTLEMENT 3358005YT7JQCWYLTG43,500170732,Journal Import 2599930:,//SETTLEMENT,2,,,,,740,0,Posted
10-09-2024,01.12102.000.0000.000.3706008.00000.000,eHIS,HIS_SETTLEMENT,NSK-OCS-469368 HIS_SETTLEMENT 3358005YT7JQCWYLTG43,500170622,Journal Import 2591641:,//SETTLEMENT,2,,,,,800,0,Posted
11-09-2024,01.12102.000.0000.000.3706008.00000.000,eHIS,HIS_SETTLEMENT,NSK-OCS-469369 HIS_SETTLEMENT 3358005YT7JQCWYLTG43,500170733,Journal Import 2599930:,//SETTLEMENT,2,,,,,740,0,Posted
10-09-2024,01.12102.000.0000.000.3706008.00000.000,eHIS,HIS_SETTLEMENT,NSK-OCS-469370 HIS_SETTLEMENT 3358005YT7JQCWYLTG43,500170534,Journal Import 2591641:,//SETTLEMENT,2,,,,,1000,0,Posted
10-09-2024,01.12102.000.0000.000.3706008.00000.000,eHIS,HIS_SETTLEMENT,NSK-OCS-469371 HIS_SETTLEMENT 3358005YT7JQCWYLTG43,500170486,Journal Import 2591641:,//SETTLEMENT,2,,,,,500,0,Posted
10-09-2024,01.12102.000.0000.000.3706008.00000.000,eHIS,HIS_SETTLEMENT,NSK-OCS-469372 HIS_SETTLEMENT 3358005YT7JQCWYLTG43,500170638,Journal Import 2591641:,//SETTLEMENT,2,,,,,100,0,Posted
10-09-2024,01.12102.000.0000.000.3706008.00000.000,eHIS,HIS_SETTLEMENT,NSK-OCS-469373 HIS_SETTLEMENT 3358005YT7JQCWYLTG43,500170535,Journal Import 2591641:,//SETTLEMENT,2,,,,,1000,0,Posted
11-09-2024,01.12102.000.0000.000.3706008.00000.000,eHIS,HIS_SETTLEMENT,NSK-OCS-469374 HIS_SETTLEMENT 3358005YT7JQCWYLTG43,500170739,Journal Import 2599930:,//SETTLEMENT,2,,,,,350,0,Posted
10-09-2024,01.12102.000.0000.000.3706008.00000.000,eHIS,HIS_SETTLEMENT,NSK-OCS-469375 HIS_SETTLEMENT 3358005YT7JQCWYLTG43,500170491,Journal Import 2591641:,//SETTLEMENT,2,,,,,1700,0,Posted
10-09-2024,01.12102.000.0000.000.3706008.00000.000,eHIS,HIS_SETTLEMENT,NSK-OCS-469376 HIS_SETTLEMENT 3358005YT7JQCWYLTG43,500170547,Journal Import 2591641:,//SETTLEMENT,2,,,,,2000,0,Posted
10-09-2024,01.12102.000.0000.000.3706008.00000.000,eHIS,HIS_SETTLEMENT,NSK-OCS-469377 HIS_SETTLEMENT 3358005YT7JQCWYLTG43,500170461,Journal Import 2591641:,//SETTLEMENT,2,,,,,410,0,Posted
10-09-2024,01.12102.000.0000.000.3706008.00000.000,eHIS,HIS_SETTLEMENT,NSK-OCS-469378 HIS_SETTLEMENT 3358005YT7JQCWYLTG43,500170546,Journal Import 2591641:,//SETTLEMENT,2,,,,,1000,0,Posted
10-09-2024,01.12102.000.0000.000.3706008.00000.000,eHIS,HIS_SETTLEMENT,NSK-OCS-469379 HIS_SETTLEMENT 3358005YT7JQCWYLTG43,500170492,Journal Import 2591641:,//SETTLEMENT,2,,,,,1700,0,Posted
10-09-2024,01.12102.000.0000.000.3706008.00000.000,eHIS,HIS_SETTLEMENT,NSK-OCS-469380 HIS_SETTLEMENT 3358005YT7JQCWYLTG43,500170463,Journal Import 2591641:,//SETTLEMENT,2,,,,,450,0,Posted
10-09-2024,01.12102.000.0000.000.3706008.00000.000,eHIS,HIS_SETTLEMENT,NSK-OCS-469381 HIS_SETTLEMENT 3358005YT7JQCWYLTG43,500170713,Journal Import 2591641:,//SETTLEMENT,2,,,,,1850,0,Posted
10-09-2024,01.12102.000.0000.000.3706008.00000.000,eHIS,HIS_SETTLEMENT,NSK-OCS-469382 HIS_SETTLEMENT 3358005YT7JQCWYLTG43,500170640,Journal Import 2591641:,//SETTLEMENT,2,,,,,600,0,Posted
10-09-2024,01.12102.000.0000.000.3706008.00000.000,eHIS,HIS_SETTLEMENT,NSK-OCS-469383 HIS_SETTLEMENT 3358005YT7JQCWYLTG43,500170641,Journal Import 2591641:,//SETTLEMENT,2,,,,,600,0,Posted
10-09-2024,01.12102.000.0000.000.3706008.00000.000,eHIS,HIS_SETTLEMENT,NSK-OCS-469384 HIS_SETTLEMENT 3358005YT7JQCWYLTG43,500170603,Journal Import 2591641:,//SETTLEMENT,2,,,,,900,0,Posted
11-09-2024,01.12102.000.0000.000.3706008.00000.000,eHIS,HIS_SETTLEMENT,NSK-OCS-469385 HIS_SETTLEMENT 3358005YT7JQCWYLTG43,500171268,Journal Import 2591641:,//SETTLEMENT,2,,,,,74,0,Posted
11-09-2024,01.12102.000.0000.000.3706008.00000.000,eHIS,HIS_SETTLEMENT,NSK-OCS-469386 HIS_SETTLEMENT 3358005YT7JQCWYLTG43,500171372,Journal Import 2591641:,//SETTLEMENT,2,,,,,1750,0,Posted
11-09-2024,01.12102.000.0000.000.3706008.00000.000,eHIS,HIS_SETTLEMENT,NSK-OCS-469387 HIS_SETTLEMENT 3358005YT7JQCWYLTG43,500171213,Journal Import 2591641:,//SETTLEMENT,3,,,,,250,0,Posted
11-09-2024,01.12102.000.0000.000.3706008.00000.000,eHIS,HIS_SETTLEMENT,NSK-OCS-469387 HIS_SETTLEMENT 3358005YT7JQCWYLTG43,500171213,Journal Import 2591641:,//SETTLEMENT,4,,,,,1600,0,Posted
11-09-2024,01.12102.000.0000.000.3706008.00000.000,eHIS,HIS_SETTLEMENT,NSK-OCS-469388 HIS_SETTLEMENT 3358005YT7JQCWYLTG43,500171107,Journal Import 2591641:,//SETTLEMENT,2,,,,,5800,0,Posted
11-09-2024,01.12102.000.0000.000.3706008.00000.000,eHIS,HIS_SETTLEMENT,NSK-OCS-469389 HIS_SETTLEMENT 3358005YT7JQCWYLTG43,500171056,Journal Import 2591641:,//SETTLEMENT,2,,,,,10299,0,Posted
11-09-2024,01.12102.000.0000.000.3706008.00000.000,eHIS,HIS_SETTLEMENT,NSK-OCS-469390 HIS_SETTLEMENT 3358005YT7JQCWYLTG43,500171057,Journal Import 2591641:,//SETTLEMENT,2,,,,,10299,0,Posted
11-09-2024,01.12102.000.0000.000.3706008.00000.000,eHIS,HIS_SETTLEMENT,NSK-OCS-469391 HIS_SETTLEMENT 3358005YT7JQCWYLTG43,500171108,Journal Import 2591641:,//SETTLEMENT,2,,,,,5888,0,Posted
11-09-2024,01.12102.000.0000.000.3706008.00000.000,eHIS,HIS_SETTLEMENT,NSK-OCS-469392 HIS_SETTLEMENT 3358005YT7JQCWYLTG43,500171002,Journal Import 2591641:,//SETTLEMENT,2,,,,,6938,0,Posted
11-09-2024,01.12102.000.0000.000.3706008.00000.000,eHIS,HIS_SETTLEMENT,NSK-OCS-469393 HIS_SETTLEMENT 3358005YT7JQCWYLTG43,500171279,Journal Import 2591641:,//SETTLEMENT,2,,,,,2980,0,Posted
11-09-2024,01.12102.000.0000.000.3706008.00000.000,eHIS,HIS_SETTLEMENT,NSK-OCS-469394 HIS_SETTLEMENT 3358005YT7JQCWYLTG43,500171143,Journal Import 2591641:,//SETTLEMENT,2,,,,,1700,0,Posted
11-09-2024,01.12102.000.0000.000.3706008.00000.000,eHIS,HIS_SETTLEMENT,NSK-OCS-469395 HIS_SETTLEMENT 3358005YT7JQCWYLTG43,500171144,Journal Import 2591641:,//SETTLEMENT,2,,,,,1700,0,Posted
11-09-2024,01.12102.000.0000.000.3706008.00000.000,eHIS,HIS_SETTLEMENT,NSK-OCS-469396 HIS_SETTLEMENT 3358005YT7JQCWYLTG43,500171211,Journal Import 2591641:,//SETTLEMENT,2,,,,,2600,0,Posted
11-09-2024,01.12102.000.0000.000.3706008.00000.000,eHIS,HIS_SETTLEMENT,NSK-OCS-469397 HIS_SETTLEMENT 3358005YT7JQCWYLTG43,500171195,Journal Import 2591641:,//SETTLEMENT,2,,,,,3500,0,Posted
11-09-2024,01.12102.000.0000.000.3706008.00000.000,eHIS,HIS_SETTLEMENT,NSK-OCS-469398 HIS_SETTLEMENT 3358005YT7JQCWYLTG43,500171196,Journal Import 2591641:,//SETTLEMENT,2,,,,,3500,0,Posted
11-09-2024,01.12102.000.0000.000.3706008.00000.000,eHIS,HIS_SETTLEMENT,NSK-OCS-469399 HIS_SETTLEMENT 3358005YT7JQCWYLTG43,500171270,Journal Import 2591641:,//SETTLEMENT,2,,,,,800,0,Posted
11-09-2024,01.12102.000.0000.000.3706008.00000.000,eHIS,HIS_SETTLEMENT,NSK-OCS-469400 HIS_SETTLEMENT 3358005YT7JQCWYLTG43,500171149,Journal Import 2591641:,//SETTLEMENT,2,,,,,4000,0,Posted
11-09-2024,01.12102.000.0000.000.3706008.00000.000,eHIS,HIS_SETTLEMENT,NSK-OCS-469401 HIS_SETTLEMENT 3358005YT7JQCWYLTG43,500171150,Journal Import 2591641:,//SETTLEMENT,2,,,,,4000,0,Posted
11-09-2024,01.12102.000.0000.000.3706008.00000.000,eHIS,HIS_SETTLEMENT,NSK-OCS-469402 HIS_SETTLEMENT 3358005YT7JQCWYLTG43,500171197,Journal Import 2591641:,//SETTLEMENT,2,,,,,3500,0,Posted
11-09-2024,01.12102.000.0000.000.3706008.00000.000,eHIS,HIS_SETTLEMENT,NSK-OCS-469403 HIS_SETTLEMENT 3358005YT7JQCWYLTG43,500171271,Journal Import 2591641:,//SETTLEMENT,2,,,,,800,0,Posted
11-09-2024,01.12102.000.0000.000.3706008.00000.000,eHIS,HIS_SETTLEMENT,NSK-OCS-469404 HIS_SETTLEMENT 3358005YT7JQCWYLTG43,500171212,Journal Import 2591641:,//SETTLEMENT,2,,,,,2630,0,Posted
11-09-2024,01.12102.000.0000.000.3706008.00000.000,eHIS,HIS_SETTLEMENT,NSK-OCS-469405 HIS_SETTLEMENT 3358005YT7JQCWYLTG43,500171220,Journal Import 2591641:,//SETTLEMENT,2,,,,,1100,0,Posted
11-09-2024,01.12102.000.0000.000.3706008.00000.000,eHIS,HIS_SETTLEMENT,NSK-OCS-469406 HIS_SETTLEMENT 3358005YT7JQCWYLTG43,500171375,Journal Import 2591641:,//SETTLEMENT,2,,,,,1850,0,Posted
11-09-2024,01.12102.000.0000.000.3706008.00000.000,eHIS,HIS_SETTLEMENT,NSK-OCS-469407 HIS_SETTLEMENT 3358005YT7JQCWYLTG43,500171145,Journal Import 2591641:,//SETTLEMENT,2,,,,,1700,0,Posted
11-09-2024,01.12102.000.0000.000.3706008.00000.000,eHIS,HIS_SETTLEMENT,NSK-OCS-469408 HIS_SETTLEMENT 3358005YT7JQCWYLTG43,500171227,Journal Import 2591641:,//SETTLEMENT,2,,,,,1200,0,Posted
11-09-2024,01.12102.000.0000.000.3706008.00000.000,eHIS,HIS_SETTLEMENT,NSK-OCS-469409 HIS_SETTLEMENT 3358005YT7JQCWYLTG43,500171272,Journal Import 2591641:,//SETTLEMENT,2,,,,,800,0,Posted
11-09-2024,01.12102.000.0000.000.3706008.00000.000,eHIS,HIS_SETTLEMENT,NSK-OCS-469410 HIS_SETTLEMENT 3358005YT7JQCWYLTG43,500171373,Journal Import 2591641:,//SETTLEMENT,2,,,,,850,0,Posted
11-09-2024,01.12102.000.0000.000.3706008.00000.000,eHIS,HIS_SETTLEMENT,NSK-OCS-469411 HIS_SETTLEMENT 3358005YT7JQCWYLTG43,500171273,Journal Import 2591641:,//SETTLEMENT,2,,,,,800,0,Posted
11-09-2024,01.12102.000.0000.000.3706008.00000.000,eHIS,HIS_SETTLEMENT,NSK-OCS-469412 HIS_SETTLEMENT 3358005YT7JQCWYLTG43,500170964,Journal Import 2591641:,//SETTLEMENT,2,,,,,21800,0,Posted
11-09-2024,01.12102.000.0000.000.3706008.00000.000,eHIS,HIS_SETTLEMENT,NSK-OCS-469413 HIS_SETTLEMENT 3358005YT7JQCWYLTG43,500171283,Journal Import 2591641:,//SETTLEMENT,2,,,,,100,0,Posted
11-09-2024,01.12102.000.0000.000.3706008.00000.000,eHIS,HIS_SETTLEMENT,NSK-OCS-469414 HIS_SETTLEMENT 3358005YT7JQCWYLTG43,500171241,Journal Import 2591641:,//SETTLEMENT,2,,,,,500,0,Posted
11-09-2024,01.12102.000.0000.000.3706008.00000.000,eHIS,HIS_SETTLEMENT,NSK-OCS-469415 HIS_SETTLEMENT 3358005YT7JQCWYLTG43,500171061,Journal Import 2591641:,//SETTLEMENT,2,,,,,14900,0,Posted
11-09-2024,01.12102.000.0000.000.3706008.00000.000,eHIS,HIS_SETTLEMENT,NSK-OCS-469416 HIS_SETTLEMENT 3358005YT7JQCWYLTG43,500171258,Journal Import 2591641:,//SETTLEMENT,2,,,,,900,0,Posted
11-09-2024,01.12102.000.0000.000.3706008.00000.000,eHIS,HIS_SETTLEMENT,NSK-OCS-469417 HIS_SETTLEMENT 3358005YT7JQCWYLTG43,500171376,Journal Import 2591641:,//SETTLEMENT,2,,,,,1850,0,Posted
11-09-2024,01.12102.000.0000.000.3706008.00000.000,eHIS,HIS_SETTLEMENT,NSK-OCS-469418 HIS_SETTLEMENT 3358005YT7JQCWYLTG43,500171295,Journal Import 2591641:,//SETTLEMENT,2,,,,,800,0,Posted
11-09-2024,01.12102.000.0000.000.3706008.00000.000,eHIS,HIS_SETTLEMENT,NSK-OCS-469419 HIS_SETTLEMENT 3358005YT7JQCWYLTG43,500171199,Journal Import 2591641:,//SETTLEMENT,2,,,,,1000,0,Posted
11-09-2024,01.12102.000.0000.000.3706008.00000.000,eHIS,HIS_SETTLEMENT,NSK-OCS-469420 HIS_SETTLEMENT 3358005YT7JQCWYLTG43,500171259,Journal Import 2591641:,//SETTLEMENT,2,,,,,900,0,Posted
11-09-2024,01.12102.000.0000.000.3706008.00000.000,eHIS,HIS_SETTLEMENT,NSK-OCS-469421 HIS_SETTLEMENT 3358005YT7JQCWYLTG43,500171318,Journal Import 2591641:,//SETTLEMENT,2,,,,,200,0,Posted
11-09-2024,01.12102.000.0000.000.3706008.00000.000,eHIS,HIS_SETTLEMENT,NSK-OCS-469422 HIS_SETTLEMENT 3358005YT7JQCWYLTG43,500171228,Journal Import 2591641:,//SETTLEMENT,2,,,,,1200,0,Posted
11-09-2024,01.12102.000.0000.000.3706008.00000.000,eHIS,HIS_SETTLEMENT,NSK-OCS-469423 HIS_SETTLEMENT 3358005YT7JQCWYLTG43,500171242,Journal Import 2591641:,//SETTLEMENT,2,,,,,500,0,Posted
11-09-2024,01.12102.000.0000.000.3706008.00000.000,eHIS,HIS_SETTLEMENT,NSK-OCS-469424 HIS_SETTLEMENT 3358005YT7JQCWYLTG43,500171243,Journal Import 2591641:,//SETTLEMENT,2,,,,,500,0,Posted
11-09-2024,01.12102.000.0000.000.3706008.00000.000,eHIS,HIS_SETTLEMENT,NSK-OCS-469425 HIS_SETTLEMENT 3358005YT7JQCWYLTG43,500171284,Journal Import 2591641:,//SETTLEMENT,2,,,,,100,0,Posted
11-09-2024,01.12102.000.0000.000.3706008.00000.000,eHIS,HIS_SETTLEMENT,NSK-OCS-469427 HIS_SETTLEMENT 3358005YT7JQCWYLTG43,500171198,Journal Import 2591641:,//SETTLEMENT,2,,,,,199,0,Posted
11-09-2024,01.12102.000.0000.000.3706008.00000.000,eHIS,HIS_SETTLEMENT,NSK-OCS-469428 HIS_SETTLEMENT 3358005YT7JQCWYLTG43,500171244,Journal Import 2591641:,//SETTLEMENT,2,,,,,500,0,Posted
11-09-2024,01.12102.000.0000.000.3706008.00000.000,eHIS,HIS_SETTLEMENT,NSK-OCS-469429 HIS_SETTLEMENT 3358005YT7JQCWYLTG43,500171281,Journal Import 2591641:,//SETTLEMENT,2,,,,,3000,0,Posted
11-09-2024,01.12102.000.0000.000.3706008.00000.000,eHIS,HIS_SETTLEMENT,NSK-OCS-469430 HIS_SETTLEMENT 3358005YT7JQCWYLTG43,500171260,Journal Import 2591641:,//SETTLEMENT,2,,,,,900,0,Posted
11-09-2024,01.12102.000.0000.000.3706008.00000.000,eHIS,HIS_SETTLEMENT,NSK-OCS-469431 HIS_SETTLEMENT 3358005YT7JQCWYLTG43,500171296,Journal Import 2591641:,//SETTLEMENT,2,,,,,800,0,Posted
11-09-2024,01.12102.000.0000.000.3706008.00000.000,eHIS,HIS_SETTLEMENT,NSK-OCS-469432 HIS_SETTLEMENT 3358005YT7JQCWYLTG43,500171070,Journal Import 2591641:,//SETTLEMENT,2,,,,,5000,0,Posted
11-09-2024,01.12102.000.0000.000.3706008.00000.000,eHIS,HIS_SETTLEMENT,NSK-OCS-469433 HIS_SETTLEMENT 3358005YT7JQCWYLTG43,500171146,Journal Import 2591641:,//SETTLEMENT,2,,,,,1700,0,Posted
11-09-2024,01.12102.000.0000.000.3706008.00000.000,eHIS,HIS_SETTLEMENT,NSK-OCS-469434 HIS_SETTLEMENT 3358005YT7JQCWYLTG43,500171261,Journal Import 2591641:,//SETTLEMENT,2,,,,,900,0,Posted
11-09-2024,01.12102.000.0000.000.3706008.00000.000,eHIS,HIS_SETTLEMENT,NSK-OCS-469435 HIS_SETTLEMENT 3358005YT7JQCWYLTG43,500171200,Journal Import 2591641:,//SETTLEMENT,2,,,,,1000,0,Posted
11-09-2024,01.12102.000.0000.000.3706008.00000.000,eHIS,HIS_SETTLEMENT,NSK-OCS-469436 HIS_SETTLEMENT 3358005YT7JQCWYLTG43,500171291,Journal Import 2591641:,//SETTLEMENT,2,,,,,600,0,Posted
11-09-2024,01.12102.000.0000.000.3706008.00000.000,eHIS,HIS_SETTLEMENT,NSK-OCS-469437 HIS_SETTLEMENT 3358005YT7JQCWYLTG43,500171201,Journal Import 2591641:,//SETTLEMENT,2,,,,,1000,0,Posted
11-09-2024,01.12102.000.0000.000.3706008.00000.000,eHIS,HIS_SETTLEMENT,NSK-OCS-469438 HIS_SETTLEMENT 3358005YT7JQCWYLTG43,500171245,Journal Import 2591641:,//SETTLEMENT,2,,,,,500,0,Posted
11-09-2024,01.12102.000.0000.000.3706008.00000.000,eHIS,HIS_SETTLEMENT,NSK-OCS-469439 HIS_SETTLEMENT 3358005YT7JQCWYLTG43,500171297,Journal Import 2591641:,//SETTLEMENT,2,,,,,800,0,Posted
11-09-2024,01.12102.000.0000.000.3706008.00000.000,eHIS,HIS_SETTLEMENT,NSK-OCS-469440 HIS_SETTLEMENT 3358005YT7JQCWYLTG43,500171262,Journal Import 2591641:,//SETTLEMENT,2,,,,,900,0,Posted
11-09-2024,01.12102.000.0000.000.3706008.00000.000,eHIS,HIS_SETTLEMENT,NSK-OCS-469441 HIS_SETTLEMENT 3358005YT7JQCWYLTG43,500171377,Journal Import 2591641:,//SETTLEMENT,2,,,,,1850,0,Posted
11-09-2024,01.12102.000.0000.000.3706008.00000.000,eHIS,HIS_SETTLEMENT,NSK-OCS-469442 HIS_SETTLEMENT 3358005YT7JQCWYLTG43,500171229,Journal Import 2591641:,//SETTLEMENT,2,,,,,1200,0,Posted
11-09-2024,01.12102.000.0000.000.3706008.00000.000,eHIS,HIS_SETTLEMENT,NSK-OCS-469443 HIS_SETTLEMENT 3358005YT7JQCWYLTG43,500171278,Journal Import 2591641:,//SETTLEMENT,2,,,,,2790,0,Posted
11-09-2024,01.12102.000.0000.000.3706008.00000.000,eHIS,HIS_SETTLEMENT,NSK-OCS-469445 HIS_SETTLEMENT 3358005YT7JQCWYLTG43,500171298,Journal Import 2591641:,//SETTLEMENT,2,,,,,800,0,Posted
11-09-2024,01.12102.000.0000.000.3706008.00000.000,eHIS,HIS_SETTLEMENT,NSK-OCS-469446 HIS_SETTLEMENT 3358005YT7JQCWYLTG43,500171214,Journal Import 2591641:,//SETTLEMENT,2,,,,,250,0,Posted
11-09-2024,01.12102.000.0000.000.3706008.00000.000,eHIS,HIS_SETTLEMENT,NSK-OCS-469447 HIS_SETTLEMENT 3358005YT7JQCWYLTG43,500171128,Journal Import 2591641:,//SETTLEMENT,2,,,,,1350,0,Posted
11-09-2024,01.12102.000.0000.000.3706008.00000.000,eHIS,HIS_SETTLEMENT,NSK-OCS-469448 HIS_SETTLEMENT 3358005YT7JQCWYLTG43,500171299,Journal Import 2591641:,//SETTLEMENT,2,,,,,800,0,Posted
11-09-2024,01.12102.000.0000.000.3706008.00000.000,eHIS,HIS_SETTLEMENT,NSK-OCS-469449 HIS_SETTLEMENT 3358005YT7JQCWYLTG43,500171263,Journal Import 2591641:,//SETTLEMENT,2,,,,,900,0,Posted
11-09-2024,01.12102.000.0000.000.3706008.00000.000,eHIS,HIS_SETTLEMENT,NSK-OCS-469450 HIS_SETTLEMENT 3358005YT7JQCWYLTG43,500171300,Journal Import 2591641:,//SETTLEMENT,2,,,,,800,0,Posted
11-09-2024,01.12102.000.0000.000.3706008.00000.000,eHIS,HIS_SETTLEMENT,NSK-OCS-469451 HIS_SETTLEMENT 3358005YT7JQCWYLTG43,500171235,Journal Import 2591641:,//SETTLEMENT,2,,,,,1300,0,Posted
11-09-2024,01.12102.000.0000.000.3706008.00000.000,eHIS,HIS_SETTLEMENT,NSK-OCS-469452 HIS_SETTLEMENT 3358005YT7JQCWYLTG43,500171246,Journal Import 2591641:,//SETTLEMENT,2,,,,,500,0,Posted
11-09-2024,01.12102.000.0000.000.3706008.00000.000,eHIS,HIS_SETTLEMENT,NSK-OCS-469453 HIS_SETTLEMENT 3358005YT7JQCWYLTG43,500171301,Journal Import 2591641:,//SETTLEMENT,2,,,,,800,0,Posted
11-09-2024,01.12102.000.0000.000.3706008.00000.000,eHIS,HIS_SETTLEMENT,NSK-OCS-469454 HIS_SETTLEMENT 3358005YT7JQCWYLTG43,500171236,Journal Import 2591641:,//SETTLEMENT,2,,,,,1300,0,Posted
11-09-2024,01.12102.000.0000.000.3706008.00000.000,eHIS,HIS_SETTLEMENT,NSK-OCS-469455 HIS_SETTLEMENT 3358005YT7JQCWYLTG43,500171215,Journal Import 2591641:,//SETTLEMENT,2,,,,,250,0,Posted
11-09-2024,01.12102.000.0000.000.3706008.00000.000,eHIS,HIS_SETTLEMENT,NSK-OCS-469456 HIS_SETTLEMENT 3358005YT7JQCWYLTG43,500171247,Journal Import 2591641:,//SETTLEMENT,2,,,,,500,0,Posted
11-09-2024,01.12102.000.0000.000.3706008.00000.000,eHIS,HIS_SETTLEMENT,NSK-OCS-469457 HIS_SETTLEMENT 3358005YT7JQCWYLTG43,500171248,Journal Import 2591641:,//SETTLEMENT,2,,,,,500,0,Posted
11-09-2024,01.12102.000.0000.000.3706008.00000.000,eHIS,HIS_SETTLEMENT,NSK-OCS-469458 HIS_SETTLEMENT 3358005YT7JQCWYLTG43,500171249,Journal Import 2591641:,//SETTLEMENT,2,,,,,500,0,Posted
11-09-2024,01.12102.000.0000.000.3706008.00000.000,eHIS,HIS_SETTLEMENT,NSK-OCS-469459 HIS_SETTLEMENT 3358005YT7JQCWYLTG43,500171230,Journal Import 2591641:,//SETTLEMENT,2,,,,,1200,0,Posted
11-09-2024,01.12102.000.0000.000.3706008.00000.000,eHIS,HIS_SETTLEMENT,NSK-OCS-469460 HIS_SETTLEMENT 3358005YT7JQCWYLTG43,500171314,Journal Import 2591641:,//SETTLEMENT,2,,,,,999,0,Posted
11-09-2024,01.12102.000.0000.000.3706008.00000.000,eHIS,HIS_SETTLEMENT,NSK-OCS-469461 HIS_SETTLEMENT 3358005YT7JQCWYLTG43,500171250,Journal Import 2591641:,//SETTLEMENT,2,,,,,500,0,Posted
11-09-2024,01.12102.000.0000.000.3706008.00000.000,eHIS,HIS_SETTLEMENT,NSK-OCS-469462 HIS_SETTLEMENT 3358005YT7JQCWYLTG43,500171302,Journal Import 2591641:,//SETTLEMENT,2,,,,,800,0,Posted
11-09-2024,01.12102.000.0000.000.3706008.00000.000,eHIS,HIS_SETTLEMENT,NSK-OCS-469463 HIS_SETTLEMENT 3358005YT7JQCWYLTG43,500171251,Journal Import 2591641:,//SETTLEMENT,2,,,,,500,0,Posted
11-09-2024,01.12102.000.0000.000.3706008.00000.000,eHIS,HIS_SETTLEMENT,NSK-OCS-469464 HIS_SETTLEMENT 3358005YT7JQCWYLTG43,500171292,Journal Import 2591641:,//SETTLEMENT,2,,,,,600,0,Posted
11-09-2024,01.12102.000.0000.000.3706008.00000.000,eHIS,HIS_SETTLEMENT,NSK-OCS-469465 HIS_SETTLEMENT 3358005YT7JQCWYLTG43,500171237,Journal Import 2591641:,//SETTLEMENT,2,,,,,1300,0,Posted
11-09-2024,01.12102.000.0000.000.3706008.00000.000,eHIS,HIS_SETTLEMENT,NSK-OCS-469466 HIS_SETTLEMENT 3358005YT7JQCWYLTG43,500171303,Journal Import 2591641:,//SETTLEMENT,2,,,,,800,0,Posted
11-09-2024,01.12102.000.0000.000.3706008.00000.000,eHIS,HIS_SETTLEMENT,NSK-OCS-469467 HIS_SETTLEMENT 3358005YT7JQCWYLTG43,500171216,Journal Import 2591641:,//SETTLEMENT,2,,,,,250,0,Posted
11-09-2024,01.12102.000.0000.000.3706008.00000.000,eHIS,HIS_SETTLEMENT,NSK-OCS-469468 HIS_SETTLEMENT 3358005YT7JQCWYLTG43,500171304,Journal Import 2591641:,//SETTLEMENT,2,,,,,800,0,Posted
11-09-2024,01.12102.000.0000.000.3706008.00000.000,eHIS,HIS_SETTLEMENT,NSK-OCS-469469 HIS_SETTLEMENT 3358005YT7JQCWYLTG43,500171285,Journal Import 2591641:,//SETTLEMENT,3,,,,,100,0,Posted
11-09-2024,01.12102.000.0000.000.3706008.00000.000,eHIS,HIS_SETTLEMENT,NSK-OCS-469469 HIS_SETTLEMENT 3358005YT7JQCWYLTG43,500171285,Journal Import 2591641:,//SETTLEMENT,4,,,,,400,0,Posted
11-09-2024,01.12102.000.0000.000.3706008.00000.000,eHIS,HIS_SETTLEMENT,NSK-OCS-469470 HIS_SETTLEMENT 3358005YT7JQCWYLTG43,500171264,Journal Import 2591641:,//SETTLEMENT,2,,,,,900,0,Posted
11-09-2024,01.12102.000.0000.000.3706008.00000.000,eHIS,HIS_SETTLEMENT,NSK-OCS-469471 HIS_SETTLEMENT 3358005YT7JQCWYLTG43,500171265,Journal Import 2591641:,//SETTLEMENT,2,,,,,900,0,Posted
11-09-2024,01.12102.000.0000.000.3706008.00000.000,eHIS,HIS_SETTLEMENT,NSK-OCS-469472 HIS_SETTLEMENT 3358005YT7JQCWYLTG43,500170965,Journal Import 2591641:,//SETTLEMENT,2,,,,,21800,0,Posted
11-09-2024,01.12102.000.0000.000.3706008.00000.000,eHIS,HIS_SETTLEMENT,NSK-OCS-469473 HIS_SETTLEMENT 3358005YT7JQCWYLTG43,500171274,Journal Import 2591641:,//SETTLEMENT,2,,,,,900,0,Posted
11-09-2024,01.12102.000.0000.000.3706008.00000.000,eHIS,HIS_SETTLEMENT,NSK-OCS-469474 HIS_SETTLEMENT 3358005YT7JQCWYLTG43,500171378,Journal Import 2591641:,//SETTLEMENT,2,,,,,1850,0,Posted
11-09-2024,01.12102.000.0000.000.3706008.00000.000,eHIS,HIS_SETTLEMENT,NSK-OCS-469475 HIS_SETTLEMENT 3358005YT7JQCWYLTG43,500171202,Journal Import 2591641:,//SETTLEMENT,2,,,,,1000,0,Posted
11-09-2024,01.12102.000.0000.000.3706008.00000.000,eHIS,HIS_SETTLEMENT,NSK-OCS-469476 HIS_SETTLEMENT 3358005YT7JQCWYLTG43,500171305,Journal Import 2591641:,//SETTLEMENT,2,,,,,800,0,Posted
11-09-2024,01.12102.000.0000.000.3706008.00000.000,eHIS,HIS_SETTLEMENT,NSK-OCS-469477 HIS_SETTLEMENT 3358005YT7JQCWYLTG43,500171231,Journal Import 2591641:,//SETTLEMENT,2,,,,,1200,0,Posted
11-09-2024,01.12102.000.0000.000.3706008.00000.000,eHIS,HIS_SETTLEMENT,NSK-OCS-469478 HIS_SETTLEMENT 3358005YT7JQCWYLTG43,500171275,Journal Import 2591641:,//SETTLEMENT,2,,,,,900,0,Posted
11-09-2024,01.12102.000.0000.000.3706008.00000.000,eHIS,HIS_SETTLEMENT,NSK-OCS-469479 HIS_SETTLEMENT 3358005YT7JQCWYLTG43,500171306,Journal Import 2591641:,//SETTLEMENT,2,,,,,800,0,Posted
11-09-2024,01.12102.000.0000.000.3706008.00000.000,eHIS,HIS_SETTLEMENT,NSK-OCS-469480 HIS_SETTLEMENT 3358005YT7JQCWYLTG43,500171203,Journal Import 2591641:,//SETTLEMENT,2,,,,,1000,0,Posted
11-09-2024,01.12102.000.0000.000.3706008.00000.000,eHIS,HIS_SETTLEMENT,NSK-OCS-469481 HIS_SETTLEMENT 3358005YT7JQCWYLTG43,500171252,Journal Import 2591641:,//SETTLEMENT,2,,,,,500,0,Posted
11-09-2024,01.12102.000.0000.000.3706008.00000.000,eHIS,HIS_SETTLEMENT,NSK-OCS-469482 HIS_SETTLEMENT 3358005YT7JQCWYLTG43,500171253,Journal Import 2591641:,//SETTLEMENT,2,,,,,500,0,Posted
11-09-2024,01.12102.000.0000.000.3706008.00000.000,eHIS,HIS_SETTLEMENT,NSK-OCS-469483 HIS_SETTLEMENT 3358005YT7JQCWYLTG43,500171221,Journal Import 2591641:,//SETTLEMENT,2,,,,,1100,0,Posted
11-09-2024,01.12102.000.0000.000.3706008.00000.000,eHIS,HIS_SETTLEMENT,NSK-OCS-469484 HIS_SETTLEMENT 3358005YT7JQCWYLTG43,500171307,Journal Import 2591641:,//SETTLEMENT,2,,,,,800,0,Posted
11-09-2024,01.12102.000.0000.000.3706008.00000.000,eHIS,HIS_SETTLEMENT,NSK-OCS-469485 HIS_SETTLEMENT 3358005YT7JQCWYLTG43,500171234,Journal Import 2591641:,//SETTLEMENT,2,,,,,1250,0,Posted
11-09-2024,01.12102.000.0000.000.3706008.00000.000,eHIS,HIS_SETTLEMENT,NSK-OCS-469486 HIS_SETTLEMENT 3358005YT7JQCWYLTG43,500171208,Journal Import 2591641:,//SETTLEMENT,2,,,,,1920,0,Posted
11-09-2024,01.12102.000.0000.000.3706008.00000.000,eHIS,HIS_SETTLEMENT,NSK-OCS-469487 HIS_SETTLEMENT 3358005YT7JQCWYLTG43,500171286,Journal Import 2591641:,//SETTLEMENT,2,,,,,100,0,Posted
11-09-2024,01.12102.000.0000.000.3706008.00000.000,eHIS,HIS_SETTLEMENT,NSK-OCS-469488 HIS_SETTLEMENT 3358005YT7JQCWYLTG43,500171217,Journal Import 2591641:,//SETTLEMENT,2,,,,,250,0,Posted
11-09-2024,01.12102.000.0000.000.3706008.00000.000,eHIS,HIS_SETTLEMENT,NSK-OCS-469489 HIS_SETTLEMENT 3358005YT7JQCWYLTG43,500171238,Journal Import 2591641:,//SETTLEMENT,2,,,,,1300,0,Posted
11-09-2024,01.12102.000.0000.000.3706008.00000.000,eHIS,HIS_SETTLEMENT,NSK-OCS-469490 HIS_SETTLEMENT 3358005YT7JQCWYLTG43,500171204,Journal Import 2591641:,//SETTLEMENT,2,,,,,1000,0,Posted
11-09-2024,01.12102.000.0000.000.3706008.00000.000,eHIS,HIS_SETTLEMENT,NSK-OCS-469491 HIS_SETTLEMENT 3358005YT7JQCWYLTG43,500171126,Journal Import 2591641:,//SETTLEMENT,2,,,,,500,0,Posted
11-09-2024,01.12102.000.0000.000.3706008.00000.000,eHIS,HIS_SETTLEMENT,NSK-OCS-469492 HIS_SETTLEMENT 3358005YT7JQCWYLTG43,500171218,Journal Import 2591641:,//SETTLEMENT,2,,,,,250,0,Posted
11-09-2024,01.12102.000.0000.000.3706008.00000.000,eHIS,HIS_SETTLEMENT,NSK-OCS-469493 HIS_SETTLEMENT 3358005YT7JQCWYLTG43,500171282,Journal Import 2591641:,//SETTLEMENT,2,,,,,3000,0,Posted
11-09-2024,01.12102.000.0000.000.3706008.00000.000,eHIS,HIS_SETTLEMENT,NSK-OCS-469494 HIS_SETTLEMENT 3358005YT7JQCWYLTG43,500171127,Journal Import 2591641:,//SETTLEMENT,2,,,,,500,0,Posted
11-09-2024,01.12102.000.0000.000.3706008.00000.000,eHIS,HIS_SETTLEMENT,NSK-OCS-469495 HIS_SETTLEMENT 3358005YT7JQCWYLTG43,500171222,Journal Import 2591641:,//SETTLEMENT,2,,,,,1100,0,Posted
11-09-2024,01.12102.000.0000.000.3706008.00000.000,eHIS,HIS_SETTLEMENT,NSK-OCS-469496 HIS_SETTLEMENT 3358005YT7JQCWYLTG43,500171068,Journal Import 2591641:,//SETTLEMENT,2,,,,,4900,0,Posted
11-09-2024,01.12102.000.0000.000.3706008.00000.000,eHIS,HIS_SETTLEMENT,NSK-OCS-469497 HIS_SETTLEMENT 3358005YT7JQCWYLTG43,500171224,Journal Import 2591641:,//SETTLEMENT,2,,,,,1100,0,Posted
11-09-2024,01.12102.000.0000.000.3706008.00000.000,eHIS,HIS_SETTLEMENT,NSK-OCS-469498 HIS_SETTLEMENT 3358005YT7JQCWYLTG43,500171308,Journal Import 2591641:,//SETTLEMENT,2,,,,,800,0,Posted
11-09-2024,01.12102.000.0000.000.3706008.00000.000,eHIS,HIS_SETTLEMENT,NSK-OCS-469499 HIS_SETTLEMENT 3358005YT7JQCWYLTG43,500171129,Journal Import 2591641:,//SETTLEMENT,2,,,,,1350,0,Posted
11-09-2024,01.12102.000.0000.000.3706008.00000.000,eHIS,HIS_SETTLEMENT,NSK-OCS-469500 HIS_SETTLEMENT 3358005YT7JQCWYLTG43,500171073,Journal Import 2591641:,//SETTLEMENT,2,,,,,5700,0,Posted
11-09-2024,01.12102.000.0000.000.3706008.00000.000,eHIS,HIS_SETTLEMENT,NSK-OCS-469501 HIS_SETTLEMENT 3358005YT7JQCWYLTG43,500171322,Journal Import 2591641:,//SETTLEMENT,2,,,,,750,0,Posted
11-09-2024,01.12102.000.0000.000.3706008.00000.000,eHIS,HIS_SETTLEMENT,NSK-OCS-469502 HIS_SETTLEMENT 3358005YT7JQCWYLTG43,500171147,Journal Import 2591641:,//SETTLEMENT,2,,,,,3740,0,Posted
11-09-2024,01.12102.000.0000.000.3706008.00000.000,eHIS,HIS_SETTLEMENT,NSK-OCS-469503 HIS_SETTLEMENT 3358005YT7JQCWYLTG43,500171309,Journal Import 2591641:,//SETTLEMENT,2,,,,,800,0,Posted
11-09-2024,01.12102.000.0000.000.3706008.00000.000,eHIS,HIS_SETTLEMENT,NSK-OCS-469504 HIS_SETTLEMENT 3358005YT7JQCWYLTG43,500171130,Journal Import 2591641:,//SETTLEMENT,2,,,,,500,0,Posted
11-09-2024,01.12102.000.0000.000.3706008.00000.000,eHIS,HIS_SETTLEMENT,NSK-OCS-469505 HIS_SETTLEMENT 3358005YT7JQCWYLTG43,500171131,Journal Import 2591641:,//SETTLEMENT,2,,,,,500,0,Posted
11-09-2024,01.12102.000.0000.000.3706008.00000.000,eHIS,HIS_SETTLEMENT,NSK-OCS-469506 HIS_SETTLEMENT 3358005YT7JQCWYLTG43,500171310,Journal Import 2591641:,//SETTLEMENT,2,,,,,800,0,Posted
11-09-2024,01.12102.000.0000.000.3706008.00000.000,eHIS,HIS_SETTLEMENT,NSK-OCS-469507 HIS_SETTLEMENT 3358005YT7JQCWYLTG43,500171276,Journal Import 2591641:,//SETTLEMENT,2,,,,,900,0,Posted
11-09-2024,01.12102.000.0000.000.3706008.00000.000,eHIS,HIS_SETTLEMENT,NSK-OCS-469508 HIS_SETTLEMENT 3358005YT7JQCWYLTG43,500171311,Journal Import 2591641:,//SETTLEMENT,2,,,,,800,0,Posted
11-09-2024,01.12102.000.0000.000.3706008.00000.000,eHIS,HIS_SETTLEMENT,NSK-OCS-469509 HIS_SETTLEMENT 3358005YT7JQCWYLTG43,500171277,Journal Import 2591641:,//SETTLEMENT,2,,,,,900,0,Posted
11-09-2024,01.12102.000.0000.000.3706008.00000.000,eHIS,HIS_SETTLEMENT,NSK-OCS-469510 HIS_SETTLEMENT 3358005YT7JQCWYLTG43,500171205,Journal Import 2591641:,//SETTLEMENT,2,,,,,1000,0,Posted
11-09-2024,01.12102.000.0000.000.3706008.00000.000,eHIS,HIS_SETTLEMENT,NSK-OCS-469511 HIS_SETTLEMENT 3358005YT7JQCWYLTG43,500171319,Journal Import 2591641:,//SETTLEMENT,2,,,,,200,0,Posted
11-09-2024,01.12102.000.0000.000.3706008.00000.000,eHIS,HIS_SETTLEMENT,NSK-OCS-469512 HIS_SETTLEMENT 3358005YT7JQCWYLTG43,500171223,Journal Import 2591641:,//SETTLEMENT,2,,,,,299,0,Posted
11-09-2024,01.12102.000.0000.000.3706008.00000.000,eHIS,HIS_SETTLEMENT,NSK-OCS-469513 HIS_SETTLEMENT 3358005YT7JQCWYLTG43,500171132,Journal Import 2591641:,//SETTLEMENT,2,,,,,500,0,Posted
11-09-2024,01.12102.000.0000.000.3706008.00000.000,eHIS,HIS_SETTLEMENT,NSK-OCS-469514 HIS_SETTLEMENT 3358005YT7JQCWYLTG43,500171293,Journal Import 2591641:,//SETTLEMENT,2,,,,,600,0,Posted
11-09-2024,01.12102.000.0000.000.3706008.00000.000,eHIS,HIS_SETTLEMENT,NSK-OCS-469515 HIS_SETTLEMENT 3358005YT7JQCWYLTG43,500171312,Journal Import 2591641:,//SETTLEMENT,2,,,,,800,0,Posted
11-09-2024,01.12102.000.0000.000.3706008.00000.000,eHIS,HIS_SETTLEMENT,NSK-OCS-469516 HIS_SETTLEMENT 3358005YT7JQCWYLTG43,500171219,Journal Import 2591641:,//SETTLEMENT,2,,,,,250,0,Posted
11-09-2024,01.12102.000.0000.000.3706008.00000.000,eHIS,HIS_SETTLEMENT,NSK-OCS-469517 HIS_SETTLEMENT 3358005YT7JQCWYLTG43,500171313,Journal Import 2591641:,//SETTLEMENT,2,,,,,800,0,Posted
11-09-2024,01.12102.000.0000.000.3706008.00000.000,eHIS,HIS_SETTLEMENT,NSK-OCS-469518 HIS_SETTLEMENT 3358005YT7JQCWYLTG43,500171320,Journal Import 2591641:,//SETTLEMENT,2,,,,,200,0,Posted
11-09-2024,01.12102.000.0000.000.3706008.00000.000,eHIS,HIS_SETTLEMENT,NSK-OCS-469519 HIS_SETTLEMENT 3358005YT7JQCWYLTG43,500171379,Journal Import 2591641:,//SETTLEMENT,2,,,,,1850,0,Posted
11-09-2024,01.12102.000.0000.000.3706008.00000.000,eHIS,HIS_SETTLEMENT,NSK-OCS-469520 HIS_SETTLEMENT 3358005YT7JQCWYLTG43,500171190,Journal Import 2591641:,//SETTLEMENT,2,,,,,800,0,Posted
11-09-2024,01.12102.000.0000.000.3706008.00000.000,eHIS,HIS_SETTLEMENT,NSK-OCS-469521 HIS_SETTLEMENT 3358005YT7JQCWYLTG43,500171133,Journal Import 2591641:,//SETTLEMENT,2,,,,,500,0,Posted
11-09-2024,01.12102.000.0000.000.3706008.00000.000,eHIS,HIS_SETTLEMENT,NSK-OCS-469522 HIS_SETTLEMENT 3358005YT7JQCWYLTG43,500171380,Journal Import 2591641:,//SETTLEMENT,2,,,,,1850,0,Posted
11-09-2024,01.12102.000.0000.000.3706008.00000.000,eHIS,HIS_SETTLEMENT,NSK-OCS-469523 HIS_SETTLEMENT 3358005YT7JQCWYLTG43,500171191,Journal Import 2591641:,//SETTLEMENT,2,,,,,800,0,Posted
11-09-2024,01.12102.000.0000.000.3706008.00000.000,eHIS,HIS_SETTLEMENT,NSK-OCS-469524 HIS_SETTLEMENT 3358005YT7JQCWYLTG43,500171072,Journal Import 2591641:,//SETTLEMENT,2,,,,,5200,0,Posted
11-09-2024,01.12102.000.0000.000.3706008.00000.000,eHIS,HIS_SETTLEMENT,NSK-OCS-469525 HIS_SETTLEMENT 3358005YT7JQCWYLTG43,500171134,Journal Import 2591641:,//SETTLEMENT,2,,,,,500,0,Posted
11-09-2024,01.12102.000.0000.000.3706008.00000.000,eHIS,HIS_SETTLEMENT,NSK-OCS-469526 HIS_SETTLEMENT 3358005YT7JQCWYLTG43,500171381,Journal Import 2591641:,//SETTLEMENT,2,,,,,1850,0,Posted
11-09-2024,01.12102.000.0000.000.3706008.00000.000,eHIS,HIS_SETTLEMENT,NSK-OCS-469527 HIS_SETTLEMENT 3358005YT7JQCWYLTG43,500171058,Journal Import 2591641:,//SETTLEMENT,2,,,,,10800,0,Posted
11-09-2024,01.12102.000.0000.000.3706008.00000.000,eHIS,HIS_SETTLEMENT,NSK-OCS-469528 HIS_SETTLEMENT 3358005YT7JQCWYLTG43,500171317,Journal Import 2591641:,//SETTLEMENT,2,,,,,650,0,Posted
11-09-2024,01.12102.000.0000.000.3706008.00000.000,eHIS,HIS_SETTLEMENT,NSK-OCS-469529 HIS_SETTLEMENT 3358005YT7JQCWYLTG43,500171135,Journal Import 2591641:,//SETTLEMENT,3,,,,,500,0,Posted
11-09-2024,01.12102.000.0000.000.3706008.00000.000,eHIS,HIS_SETTLEMENT,NSK-OCS-469529 HIS_SETTLEMENT 3358005YT7JQCWYLTG43,500171135,Journal Import 2591641:,//SETTLEMENT,4,,,,,2000,0,Posted
11-09-2024,01.12102.000.0000.000.3706008.00000.000,eHIS,HIS_SETTLEMENT,NSK-OCS-469530 HIS_SETTLEMENT 3358005YT7JQCWYLTG43,500171239,Journal Import 2591641:,//SETTLEMENT,2,,,,,1300,0,Posted
11-09-2024,01.12102.000.0000.000.3706008.00000.000,eHIS,HIS_SETTLEMENT,NSK-OCS-469531 HIS_SETTLEMENT 3358005YT7JQCWYLTG43,500171136,Journal Import 2591641:,//SETTLEMENT,2,,,,,500,0,Posted
11-09-2024,01.12102.000.0000.000.3706008.00000.000,eHIS,HIS_SETTLEMENT,NSK-OCS-469532 HIS_SETTLEMENT 3358005YT7JQCWYLTG43,500171137,Journal Import 2591641:,//SETTLEMENT,2,,,,,500,0,Posted
11-09-2024,01.12102.000.0000.000.3706008.00000.000,eHIS,HIS_SETTLEMENT,NSK-OCS-469533 HIS_SETTLEMENT 3358005YT7JQCWYLTG43,500171323,Journal Import 2591641:,//SETTLEMENT,2,,,,,750,0,Posted
11-09-2024,01.12102.000.0000.000.3706008.00000.000,eHIS,HIS_SETTLEMENT,NSK-OCS-469534 HIS_SETTLEMENT 3358005YT7JQCWYLTG43,500171138,Journal Import 2591641:,//SETTLEMENT,2,,,,,500,0,Posted
11-09-2024,01.12102.000.0000.000.3706008.00000.000,eHIS,HIS_SETTLEMENT,NSK-OCS-469535 HIS_SETTLEMENT 3358005YT7JQCWYLTG43,500171139,Journal Import 2591641:,//SETTLEMENT,2,,,,,500,0,Posted
11-09-2024,01.12102.000.0000.000.3706008.00000.000,eHIS,HIS_SETTLEMENT,NSK-OCS-469536 HIS_SETTLEMENT 3358005YT7JQCWYLTG43,500171192,Journal Import 2591641:,//SETTLEMENT,2,,,,,800,0,Posted
11-09-2024,01.12102.000.0000.000.3706008.00000.000,eHIS,HIS_SETTLEMENT,NSK-OCS-469537 HIS_SETTLEMENT 3358005YT7JQCWYLTG43,500171193,Journal Import 2591641:,//SETTLEMENT,2,,,,,800,0,Posted
11-09-2024,01.12102.000.0000.000.3706008.00000.000,eHIS,HIS_SETTLEMENT,NSK-OCS-469538 HIS_SETTLEMENT 3358005YT7JQCWYLTG43,500171225,Journal Import 2591641:,//SETTLEMENT,2,,,,,1100,0,Posted
11-09-2024,01.12102.000.0000.000.3706008.00000.000,eHIS,HIS_SETTLEMENT,NSK-OCS-469539 HIS_SETTLEMENT 3358005YT7JQCWYLTG43,500171287,Journal Import 2591641:,//SETTLEMENT,2,,,,,100,0,Posted
11-09-2024,01.12102.000.0000.000.3706008.00000.000,eHIS,HIS_SETTLEMENT,NSK-OCS-469540 HIS_SETTLEMENT 3358005YT7JQCWYLTG43,500171226,Journal Import 2591641:,//SETTLEMENT,2,,,,,450,0,Posted
11-09-2024,01.12102.000.0000.000.3706008.00000.000,eHIS,HIS_SETTLEMENT,NSK-OCS-469541 HIS_SETTLEMENT 3358005YT7JQCWYLTG43,500171140,Journal Import 2591641:,//SETTLEMENT,2,,,,,500,0,Posted
11-09-2024,01.12102.000.0000.000.3706008.00000.000,eHIS,HIS_SETTLEMENT,NSK-OCS-469542 HIS_SETTLEMENT 3358005YT7JQCWYLTG43,500171194,Journal Import 2591641:,//SETTLEMENT,2,,,,,800,0,Posted
11-09-2024,01.12102.000.0000.000.3706008.00000.000,eHIS,HIS_SETTLEMENT,NSK-OCS-469543 HIS_SETTLEMENT 3358005YT7JQCWYLTG43,500171206,Journal Import 2591641:,//SETTLEMENT,2,,,,,1000,0,Posted
11-09-2024,01.12102.000.0000.000.3706008.00000.000,eHIS,HIS_SETTLEMENT,NSK-OCS-469544 HIS_SETTLEMENT 3358005YT7JQCWYLTG43,500171294,Journal Import 2591641:,//SETTLEMENT,2,,,,,600,0,Posted
11-09-2024,01.12102.000.0000.000.3706008.00000.000,eHIS,HIS_SETTLEMENT,NSK-OCS-469545 HIS_SETTLEMENT 3358005YT7JQCWYLTG43,500171207,Journal Import 2591641:,//SETTLEMENT,2,,,,,1000,0,Posted
11-09-2024,01.12102.000.0000.000.3706008.00000.000,eHIS,HIS_SETTLEMENT,NSK-OCS-469546 HIS_SETTLEMENT 3358005YT7JQCWYLTG43,500171209,Journal Import 2591641:,//SETTLEMENT,2,,,,,2300,0,Posted
11-09-2024,01.12102.000.0000.000.3706008.00000.000,eHIS,HIS_SETTLEMENT,NSK-OCS-469547 HIS_SETTLEMENT 3358005YT7JQCWYLTG43,500171254,Journal Import 2591641:,//SETTLEMENT,2,,,,,1850,0,Posted
11-09-2024,01.12102.000.0000.000.3706008.00000.000,eHIS,HIS_SETTLEMENT,NSK-OCS-469548 HIS_SETTLEMENT 3358005YT7JQCWYLTG43,500171288,Journal Import 2591641:,//SETTLEMENT,3,,,,,100,0,Posted
11-09-2024,01.12102.000.0000.000.3706008.00000.000,eHIS,HIS_SETTLEMENT,NSK-OCS-469548 HIS_SETTLEMENT 3358005YT7JQCWYLTG43,500171288,Journal Import 2591641:,//SETTLEMENT,4,,,,,1200,0,Posted
11-09-2024,01.12102.000.0000.000.3706008.00000.000,eHIS,HIS_SETTLEMENT,NSK-OCS-469549 HIS_SETTLEMENT 3358005YT7JQCWYLTG43,500171240,Journal Import 2591641:,//SETTLEMENT,2,,,,,1300,0,Posted
11-09-2024,01.12102.000.0000.000.3706008.00000.000,eHIS,HIS_SETTLEMENT,NSK-OCS-469550 HIS_SETTLEMENT 3358005YT7JQCWYLTG43,500171255,Journal Import 2591641:,//SETTLEMENT,2,,,,,1850,0,Posted
11-09-2024,01.12102.000.0000.000.3706008.00000.000,eHIS,HIS_SETTLEMENT,NSK-OCS-469551 HIS_SETTLEMENT 3358005YT7JQCWYLTG43,500171232,Journal Import 2591641:,//SETTLEMENT,2,,,,,1200,0,Posted
11-09-2024,01.12102.000.0000.000.3706008.00000.000,eHIS,HIS_SETTLEMENT,NSK-OCS-469552 HIS_SETTLEMENT 3358005YT7JQCWYLTG43,500171233,Journal Import 2591641:,//SETTLEMENT,2,,,,,1200,0,Posted
11-09-2024,01.12102.000.0000.000.3706008.00000.000,eHIS,HIS_SETTLEMENT,NSK-OCS-469553 HIS_SETTLEMENT 3358005YT7JQCWYLTG43,500171071,Journal Import 2591641:,//SETTLEMENT,2,,,,,5020,0,Posted
11-09-2024,01.12102.000.0000.000.3706008.00000.000,eHIS,HIS_SETTLEMENT,NSK-OCS-469554 HIS_SETTLEMENT 3358005YT7JQCWYLTG43,500171289,Journal Import 2591641:,//SETTLEMENT,2,,,,,100,0,Posted
11-09-2024,01.12102.000.0000.000.3706008.00000.000,eHIS,HIS_SETTLEMENT,NSK-OCS-469555 HIS_SETTLEMENT 3358005YT7JQCWYLTG43,500171141,Journal Import 2591641:,//SETTLEMENT,2,,,,,500,0,Posted
11-09-2024,01.12102.000.0000.000.3706008.00000.000,eHIS,HIS_SETTLEMENT,NSK-OCS-469556 HIS_SETTLEMENT 3358005YT7JQCWYLTG43,500171267,Journal Import 2591641:,//SETTLEMENT,3,,,,,50,0,Posted
11-09-2024,01.12102.000.0000.000.3706008.00000.000,eHIS,HIS_SETTLEMENT,NSK-OCS-469556 HIS_SETTLEMENT 3358005YT7JQCWYLTG43,500171267,Journal Import 2591641:,//SETTLEMENT,4,,,,,2000,0,Posted
11-09-2024,01.12102.000.0000.000.3706008.00000.000,eHIS,HIS_SETTLEMENT,NSK-OCS-469557 HIS_SETTLEMENT 3358005YT7JQCWYLTG43,500170967,Journal Import 2591641:,//SETTLEMENT,2,,,,,26000,0,Posted
11-09-2024,01.12102.000.0000.000.3706008.00000.000,eHIS,HIS_SETTLEMENT,NSK-OCS-469558 HIS_SETTLEMENT 3358005YT7JQCWYLTG43,500171256,Journal Import 2591641:,//SETTLEMENT,2,,,,,1850,0,Posted
11-09-2024,01.12102.000.0000.000.3706008.00000.000,eHIS,HIS_SETTLEMENT,NSK-OCS-469559 HIS_SETTLEMENT 3358005YT7JQCWYLTG43,500171142,Journal Import 2591641:,//SETTLEMENT,2,,,,,500,0,Posted
11-09-2024,01.12102.000.0000.000.3706008.00000.000,eHIS,HIS_SETTLEMENT,NSK-OCS-469560 HIS_SETTLEMENT 3358005YT7JQCWYLTG43,500171321,Journal Import 2591641:,//SETTLEMENT,2,,,,,200,0,Posted
11-09-2024,01.12102.000.0000.000.3706008.00000.000,eHIS,HIS_SETTLEMENT,NSK-OCS-469561 HIS_SETTLEMENT 3358005YT7JQCWYLTG43,500171257,Journal Import 2591641:,//SETTLEMENT,2,,,,,1850,0,Posted
11-09-2024,01.12102.000.0000.000.3706008.00000.000,eHIS,HIS_SETTLEMENT,NSK-OCS-469562 HIS_SETTLEMENT 3358005YT7JQCWYLTG43,500171290,Journal Import 2591641:,//SETTLEMENT,2,,,,,540,0,Posted
11-09-2024,01.12102.000.0000.000.3706008.00000.000,eHIS,HIS_SETTLEMENT,NSK-OCS-469563 HIS_SETTLEMENT 3358005YT7JQCWYLTG43,500171109,Journal Import 2591641:,//SETTLEMENT,2,,,,,6000,0,Posted
12-09-2024,01.12102.000.0000.000.3706008.00000.000,eHIS,HIS_SETTLEMENT,NSK-OCS-469564 HIS_SETTLEMENT 3358005YT7JQCWYLTG43,500171753,Journal Import 2591641:,//SETTLEMENT,2,,,,,500,0,Posted
12-09-2024,01.12102.000.0000.000.3706008.00000.000,eHIS,HIS_SETTLEMENT,NSK-OCS-469565 HIS_SETTLEMENT 3358005YT7JQCWYLTG43,500171839,Journal Import 2591641:,//SETTLEMENT,2,,,,,1000,0,Posted
12-09-2024,01.12102.000.0000.000.3706008.00000.000,eHIS,HIS_SETTLEMENT,NSK-OCS-469566 HIS_SETTLEMENT 3358005YT7JQCWYLTG43,500171795,Journal Import 2591641:,//SETTLEMENT,2,,,,,100,0,Posted
12-09-2024,01.12102.000.0000.000.3706008.00000.000,eHIS,HIS_SETTLEMENT,NSK-OCS-469567 HIS_SETTLEMENT 3358005YT7JQCWYLTG43,500171796,Journal Import 2591641:,//SETTLEMENT,2,,,,,100,0,Posted
12-09-2024,01.12102.000.0000.000.3706008.00000.000,eHIS,HIS_SETTLEMENT,NSK-OCS-469568 HIS_SETTLEMENT 3358005YT7JQCWYLTG43,500171797,Journal Import 2591641:,//SETTLEMENT,2,,,,,100,0,Posted
12-09-2024,01.12102.000.0000.000.3706008.00000.000,eHIS,HIS_SETTLEMENT,NSK-OCS-469569 HIS_SETTLEMENT 3358005YT7JQCWYLTG43,500171899,Journal Import 2591641:,//SETTLEMENT,2,,,,,1850,0,Posted
12-09-2024,01.12102.000.0000.000.3706008.00000.000,eHIS,HIS_SETTLEMENT,NSK-OCS-469570 HIS_SETTLEMENT 3358005YT7JQCWYLTG43,500171798,Journal Import 2591641:,//SETTLEMENT,2,,,,,100,0,Posted
12-09-2024,01.12102.000.0000.000.3706008.00000.000,eHIS,HIS_SETTLEMENT,NSK-OCS-469571 HIS_SETTLEMENT 3358005YT7JQCWYLTG43,500171761,Journal Import 2591641:,//SETTLEMENT,2,,,,,3750,0,Posted
12-09-2024,01.12102.000.0000.000.3706008.00000.000,eHIS,HIS_SETTLEMENT,NSK-OCS-469572 HIS_SETTLEMENT 3358005YT7JQCWYLTG43,500171735,Journal Import 2591641:,//SETTLEMENT,2,,,,,410,0,Posted
12-09-2024,01.12102.000.0000.000.3706008.00000.000,eHIS,HIS_SETTLEMENT,NSK-OCS-469573 HIS_SETTLEMENT 3358005YT7JQCWYLTG43,500171822,Journal Import 2591641:,//SETTLEMENT,2,,,,,3500,0,Posted
13-09-2024,01.12102.000.0000.000.3706008.00000.000,eHIS,HIS_SETTLEMENT,NSK-OCS-469574 HIS_SETTLEMENT 3358005YT7JQCWYLTG43,500171931,Journal Import 2599930:,//SETTLEMENT,2,,,,,450,0,Posted
12-09-2024,01.12102.000.0000.000.3706008.00000.000,eHIS,HIS_SETTLEMENT,NSK-OCS-469575 HIS_SETTLEMENT 3358005YT7JQCWYLTG43,500171681,Journal Import 2591641:,//SETTLEMENT,2,,,,,4150,0,Posted
13-09-2024,01.12102.000.0000.000.3706008.00000.000,eHIS,HIS_SETTLEMENT,NSK-OCS-469576 HIS_SETTLEMENT 3358005YT7JQCWYLTG43,500171937,Journal Import 2599930:,//SETTLEMENT,2,,,,,2700,0,Posted
12-09-2024,01.12102.000.0000.000.3706008.00000.000,eHIS,HIS_SETTLEMENT,NSK-OCS-469577 HIS_SETTLEMENT 3358005YT7JQCWYLTG43,500171799,Journal Import 2591641:,//SETTLEMENT,2,,,,,100,0,Posted
12-09-2024,01.12102.000.0000.000.3706008.00000.000,eHIS,HIS_SETTLEMENT,NSK-OCS-469578 HIS_SETTLEMENT 3358005YT7JQCWYLTG43,500171792,Journal Import 2591641:,//SETTLEMENT,2,,,,,3100,0,Posted
12-09-2024,01.12102.000.0000.000.3706008.00000.000,eHIS,HIS_SETTLEMENT,NSK-OCS-469579 HIS_SETTLEMENT 3358005YT7JQCWYLTG43,500171828,Journal Import 2591641:,//SETTLEMENT,3,,,,,160,0,Posted
12-09-2024,01.12102.000.0000.000.3706008.00000.000,eHIS,HIS_SETTLEMENT,NSK-OCS-469579 HIS_SETTLEMENT 3358005YT7JQCWYLTG43,500171828,Journal Import 2591641:,//SETTLEMENT,4,,,,,4000,0,Posted
12-09-2024,01.12102.000.0000.000.3706008.00000.000,eHIS,HIS_SETTLEMENT,NSK-OCS-469580 HIS_SETTLEMENT 3358005YT7JQCWYLTG43,500171600,Journal Import 2591641:,//SETTLEMENT,2,,,,,5888,0,Posted
12-09-2024,01.12102.000.0000.000.3706008.00000.000,eHIS,HIS_SETTLEMENT,NSK-OCS-469581 HIS_SETTLEMENT 3358005YT7JQCWYLTG43,500171840,Journal Import 2591641:,//SETTLEMENT,2,,,,,1000,0,Posted
12-09-2024,01.12102.000.0000.000.3706008.00000.000,eHIS,HIS_SETTLEMENT,NSK-OCS-469582 HIS_SETTLEMENT 3358005YT7JQCWYLTG43,500171823,Journal Import 2591641:,//SETTLEMENT,2,,,,,3500,0,Posted
12-09-2024,01.12102.000.0000.000.3706008.00000.000,eHIS,HIS_SETTLEMENT,NSK-OCS-469583 HIS_SETTLEMENT 3358005YT7JQCWYLTG43,500171910,Journal Import 2591641:,//SETTLEMENT,2,,,,,900,0,Posted
12-09-2024,01.12102.000.0000.000.3706008.00000.000,eHIS,HIS_SETTLEMENT,NSK-OCS-469584 HIS_SETTLEMENT 3358005YT7JQCWYLTG43,500171746,Journal Import 2591641:,//SETTLEMENT,2,,,,,1300,0,Posted
12-09-2024,01.12102.000.0000.000.3706008.00000.000,eHIS,HIS_SETTLEMENT,NSK-OCS-469585 HIS_SETTLEMENT 3358005YT7JQCWYLTG43,500171800,Journal Import 2591641:,//SETTLEMENT,2,,,,,100,0,Posted
12-09-2024,01.12102.000.0000.000.3706008.00000.000,eHIS,HIS_SETTLEMENT,NSK-OCS-469586 HIS_SETTLEMENT 3358005YT7JQCWYLTG43,500171646,Journal Import 2591641:,//SETTLEMENT,2,,,,,8350,0,Posted
12-09-2024,01.12102.000.0000.000.3706008.00000.000,eHIS,HIS_SETTLEMENT,NSK-OCS-469587 HIS_SETTLEMENT 3358005YT7JQCWYLTG43,500171629,Journal Import 2591641:,//SETTLEMENT,2,,,,,6600,0,Posted
12-09-2024,01.12102.000.0000.000.3706008.00000.000,eHIS,HIS_SETTLEMENT,NSK-OCS-469588 HIS_SETTLEMENT 3358005YT7JQCWYLTG43,500171801,Journal Import 2591641:,//SETTLEMENT,2,,,,,100,0,Posted
12-09-2024,01.12102.000.0000.000.3706008.00000.000,eHIS,HIS_SETTLEMENT,NSK-OCS-469589 HIS_SETTLEMENT 3358005YT7JQCWYLTG43,500171900,Journal Import 2591641:,//SETTLEMENT,2,,,,,1850,0,Posted
12-09-2024,01.12102.000.0000.000.3706008.00000.000,eHIS,HIS_SETTLEMENT,NSK-OCS-469590 HIS_SETTLEMENT 3358005YT7JQCWYLTG43,500171786,Journal Import 2591641:,//SETTLEMENT,2,,,,,2700,0,Posted
12-09-2024,01.12102.000.0000.000.3706008.00000.000,eHIS,HIS_SETTLEMENT,NSK-OCS-469591 HIS_SETTLEMENT 3358005YT7JQCWYLTG43,500171759,Journal Import 2591641:,//SETTLEMENT,2,,,,,1650,0,Posted
12-09-2024,01.12102.000.0000.000.3706008.00000.000,eHIS,HIS_SETTLEMENT,NSK-OCS-469592 HIS_SETTLEMENT 3358005YT7JQCWYLTG43,500171754,Journal Import 2591641:,//SETTLEMENT,2,,,,,500,0,Posted
12-09-2024,01.12102.000.0000.000.3706008.00000.000,eHIS,HIS_SETTLEMENT,NSK-OCS-469593 HIS_SETTLEMENT 3358005YT7JQCWYLTG43,500171806,Journal Import 2591641:,//SETTLEMENT,2,,,,,650,0,Posted
12-09-2024,01.12102.000.0000.000.3706008.00000.000,eHIS,HIS_SETTLEMENT,NSK-OCS-469594 HIS_SETTLEMENT 3358005YT7JQCWYLTG43,500171744,Journal Import 2591641:,//SETTLEMENT,2,,,,,450,0,Posted
12-09-2024,01.12102.000.0000.000.3706008.00000.000,eHIS,HIS_SETTLEMENT,NSK-OCS-469595 HIS_SETTLEMENT 3358005YT7JQCWYLTG43,500171724,Journal Import 2591641:,//SETTLEMENT,2,,,,,2500,0,Posted
12-09-2024,01.12102.000.0000.000.3706008.00000.000,eHIS,HIS_SETTLEMENT,NSK-OCS-469596 HIS_SETTLEMENT 3358005YT7JQCWYLTG43,500171793,Journal Import 2591641:,//SETTLEMENT,2,,,,,3100,0,Posted
12-09-2024,01.12102.000.0000.000.3706008.00000.000,eHIS,HIS_SETTLEMENT,NSK-OCS-469597 HIS_SETTLEMENT 3358005YT7JQCWYLTG43,500171808,Journal Import 2591641:,//SETTLEMENT,2,,,,,800,0,Posted
13-09-2024,01.12102.000.0000.000.3706008.00000.000,eHIS,HIS_SETTLEMENT,NSK-OCS-469598 HIS_SETTLEMENT 3358005YT7JQCWYLTG43,500171936,Journal Import 2599930:,//SETTLEMENT,2,,,,,1168,0,Posted
12-09-2024,01.12102.000.0000.000.3706008.00000.000,eHIS,HIS_SETTLEMENT,NSK-OCS-469599 HIS_SETTLEMENT 3358005YT7JQCWYLTG43,500171736,Journal Import 2591641:,//SETTLEMENT,2,,,,,1200,0,Posted
12-09-2024,01.12102.000.0000.000.3706008.00000.000,eHIS,HIS_SETTLEMENT,NSK-OCS-469600 HIS_SETTLEMENT 3358005YT7JQCWYLTG43,500171846,Journal Import 2591641:,//SETTLEMENT,2,,,,,2300,0,Posted
13-09-2024,01.12102.000.0000.000.3706008.00000.000,eHIS,HIS_SETTLEMENT,NSK-OCS-469601 HIS_SETTLEMENT 3358005YT7JQCWYLTG43,500171949,Journal Import 2599930:,//SETTLEMENT,2,,,,,350,0,Posted
12-09-2024,01.12102.000.0000.000.3706008.00000.000,eHIS,HIS_SETTLEMENT,NSK-OCS-469602 HIS_SETTLEMENT 3358005YT7JQCWYLTG43,500171809,Journal Import 2591641:,//SETTLEMENT,2,,,,,800,0,Posted
12-09-2024,01.12102.000.0000.000.3706008.00000.000,eHIS,HIS_SETTLEMENT,NSK-OCS-469603 HIS_SETTLEMENT 3358005YT7JQCWYLTG43,500171810,Journal Import 2591641:,//SETTLEMENT,2,,,,,800,0,Posted
12-09-2024,01.12102.000.0000.000.3706008.00000.000,eHIS,HIS_SETTLEMENT,NSK-OCS-469604 HIS_SETTLEMENT 3358005YT7JQCWYLTG43,500171811,Journal Import 2591641:,//SETTLEMENT,2,,,,,800,0,Posted
12-09-2024,01.12102.000.0000.000.3706008.00000.000,eHIS,HIS_SETTLEMENT,NSK-OCS-469605 HIS_SETTLEMENT 3358005YT7JQCWYLTG43,500171901,Journal Import 2591641:,//SETTLEMENT,2,,,,,1850,0,Posted
12-09-2024,01.12102.000.0000.000.3706008.00000.000,eHIS,HIS_SETTLEMENT,NSK-OCS-469606 HIS_SETTLEMENT 3358005YT7JQCWYLTG43,500171755,Journal Import 2591641:,//SETTLEMENT,2,,,,,500,0,Posted
12-09-2024,01.12102.000.0000.000.3706008.00000.000,eHIS,HIS_SETTLEMENT,NSK-OCS-469607 HIS_SETTLEMENT 3358005YT7JQCWYLTG43,500171812,Journal Import 2591641:,//SETTLEMENT,2,,,,,800,0,Posted
12-09-2024,01.12102.000.0000.000.3706008.00000.000,eHIS,HIS_SETTLEMENT,NSK-OCS-469608 HIS_SETTLEMENT 3358005YT7JQCWYLTG43,500171902,Journal Import 2591641:,//SETTLEMENT,2,,,,,1850,0,Posted
12-09-2024,01.12102.000.0000.000.3706008.00000.000,eHIS,HIS_SETTLEMENT,NSK-OCS-469609 HIS_SETTLEMENT 3358005YT7JQCWYLTG43,500171841,Journal Import 2591641:,//SETTLEMENT,2,,,,,1000,0,Posted
12-09-2024,01.12102.000.0000.000.3706008.00000.000,eHIS,HIS_SETTLEMENT,NSK-OCS-469610 HIS_SETTLEMENT 3358005YT7JQCWYLTG43,500171842,Journal Import 2591641:,//SETTLEMENT,2,,,,,1000,0,Posted
12-09-2024,01.12102.000.0000.000.3706008.00000.000,eHIS,HIS_SETTLEMENT,NSK-OCS-469611 HIS_SETTLEMENT 3358005YT7JQCWYLTG43,500171843,Journal Import 2591641:,//SETTLEMENT,2,,,,,1000,0,Posted
12-09-2024,01.12102.000.0000.000.3706008.00000.000,eHIS,HIS_SETTLEMENT,NSK-OCS-469612 HIS_SETTLEMENT 3358005YT7JQCWYLTG43,500171813,Journal Import 2591641:,//SETTLEMENT,2,,,,,800,0,Posted
12-09-2024,01.12102.000.0000.000.3706008.00000.000,eHIS,HIS_SETTLEMENT,NSK-OCS-469613 HIS_SETTLEMENT 3358005YT7JQCWYLTG43,500171814,Journal Import 2591641:,//SETTLEMENT,2,,,,,800,0,Posted
12-09-2024,01.12102.000.0000.000.3706008.00000.000,eHIS,HIS_SETTLEMENT,NSK-OCS-469614 HIS_SETTLEMENT 3358005YT7JQCWYLTG43,500171729,Journal Import 2591641:,//SETTLEMENT,2,,,,,300,0,Posted
12-09-2024,01.12102.000.0000.000.3706008.00000.000,eHIS,HIS_SETTLEMENT,NSK-OCS-469615 HIS_SETTLEMENT 3358005YT7JQCWYLTG43,500171903,Journal Import 2591641:,//SETTLEMENT,2,,,,,1850,0,Posted
12-09-2024,01.12102.000.0000.000.3706008.00000.000,eHIS,HIS_SETTLEMENT,NSK-OCS-469616 HIS_SETTLEMENT 3358005YT7JQCWYLTG43,500171815,Journal Import 2591641:,//SETTLEMENT,2,,,,,800,0,Posted
12-09-2024,01.12102.000.0000.000.3706008.00000.000,eHIS,HIS_SETTLEMENT,NSK-OCS-469617 HIS_SETTLEMENT 3358005YT7JQCWYLTG43,500171727,Journal Import 2591641:,//SETTLEMENT,2,,,,,299,0,Posted
12-09-2024,01.12102.000.0000.000.3706008.00000.000,eHIS,HIS_SETTLEMENT,NSK-OCS-469618 HIS_SETTLEMENT 3358005YT7JQCWYLTG43,500171747,Journal Import 2591641:,//SETTLEMENT,2,,,,,1300,0,Posted
12-09-2024,01.12102.000.0000.000.3706008.00000.000,eHIS,HIS_SETTLEMENT,NSK-OCS-469619 HIS_SETTLEMENT 3358005YT7JQCWYLTG43,500171756,Journal Import 2591641:,//SETTLEMENT,2,,,,,500,0,Posted
12-09-2024,01.12102.000.0000.000.3706008.00000.000,eHIS,HIS_SETTLEMENT,NSK-OCS-469620 HIS_SETTLEMENT 3358005YT7JQCWYLTG43,500171847,Journal Import 2591641:,//SETTLEMENT,3,,,,,200,0,Posted
12-09-2024,01.12102.000.0000.000.3706008.00000.000,eHIS,HIS_SETTLEMENT,NSK-OCS-469620 HIS_SETTLEMENT 3358005YT7JQCWYLTG43,500171847,Journal Import 2591641:,//SETTLEMENT,4,,,,,500,0,Posted
12-09-2024,01.12102.000.0000.000.3706008.00000.000,eHIS,HIS_SETTLEMENT,NSK-OCS-469621 HIS_SETTLEMENT 3358005YT7JQCWYLTG43,500171748,Journal Import 2591641:,//SETTLEMENT,2,,,,,1300,0,Posted
12-09-2024,01.12102.000.0000.000.3706008.00000.000,eHIS,HIS_SETTLEMENT,NSK-OCS-469622 HIS_SETTLEMENT 3358005YT7JQCWYLTG43,500171733,Journal Import 2591641:,//SETTLEMENT,2,,,,,350,0,Posted
12-09-2024,01.12102.000.0000.000.3706008.00000.000,eHIS,HIS_SETTLEMENT,NSK-OCS-469623 HIS_SETTLEMENT 3358005YT7JQCWYLTG43,500171757,Journal Import 2591641:,//SETTLEMENT,2,,,,,500,0,Posted
12-09-2024,01.12102.000.0000.000.3706008.00000.000,eHIS,HIS_SETTLEMENT,NSK-OCS-469624 HIS_SETTLEMENT 3358005YT7JQCWYLTG43,500171802,Journal Import 2591641:,//SETTLEMENT,2,,,,,100,0,Posted
12-09-2024,01.12102.000.0000.000.3706008.00000.000,eHIS,HIS_SETTLEMENT,NSK-OCS-469625 HIS_SETTLEMENT 3358005YT7JQCWYLTG43,500171630,Journal Import 2591641:,//SETTLEMENT,2,,,,,7300,0,Posted
12-09-2024,01.12102.000.0000.000.3706008.00000.000,eHIS,HIS_SETTLEMENT,NSK-OCS-469626 HIS_SETTLEMENT 3358005YT7JQCWYLTG43,500171803,Journal Import 2591641:,//SETTLEMENT,2,,,,,100,0,Posted
12-09-2024,01.12102.000.0000.000.3706008.00000.000,eHIS,HIS_SETTLEMENT,NSK-OCS-469627 HIS_SETTLEMENT 3358005YT7JQCWYLTG43,500171788,Journal Import 2591641:,//SETTLEMENT,2,,,,,3000,0,Posted
12-09-2024,01.12102.000.0000.000.3706008.00000.000,eHIS,HIS_SETTLEMENT,NSK-OCS-469628 HIS_SETTLEMENT 3358005YT7JQCWYLTG43,500171758,Journal Import 2591641:,//SETTLEMENT,2,,,,,500,0,Posted
12-09-2024,01.12102.000.0000.000.3706008.00000.000,eHIS,HIS_SETTLEMENT,NSK-OCS-469629 HIS_SETTLEMENT 3358005YT7JQCWYLTG43,500171749,Journal Import 2591641:,//SETTLEMENT,2,,,,,1300,0,Posted
12-09-2024,01.12102.000.0000.000.3706008.00000.000,eHIS,HIS_SETTLEMENT,NSK-OCS-469630 HIS_SETTLEMENT 3358005YT7JQCWYLTG43,500171816,Journal Import 2591641:,//SETTLEMENT,2,,,,,800,0,Posted
12-09-2024,01.12102.000.0000.000.3706008.00000.000,eHIS,HIS_SETTLEMENT,NSK-OCS-469631 HIS_SETTLEMENT 3358005YT7JQCWYLTG43,500171850,Journal Import 2591641:,//SETTLEMENT,2,,,,,750,0,Posted
12-09-2024,01.12102.000.0000.000.3706008.00000.000,eHIS,HIS_SETTLEMENT,NSK-OCS-469632 HIS_SETTLEMENT 3358005YT7JQCWYLTG43,500171817,Journal Import 2591641:,//SETTLEMENT,2,,,,,800,0,Posted
12-09-2024,01.12102.000.0000.000.3706008.00000.000,eHIS,HIS_SETTLEMENT,NSK-OCS-469633 HIS_SETTLEMENT 3358005YT7JQCWYLTG43,500171897,Journal Import 2591641:,//SETTLEMENT,2,,,,,500,0,Posted
12-09-2024,01.12102.000.0000.000.3706008.00000.000,eHIS,HIS_SETTLEMENT,NSK-OCS-469634 HIS_SETTLEMENT 3358005YT7JQCWYLTG43,500171730,Journal Import 2591641:,//SETTLEMENT,2,,,,,1100,0,Posted
12-09-2024,01.12102.000.0000.000.3706008.00000.000,eHIS,HIS_SETTLEMENT,NSK-OCS-469635 HIS_SETTLEMENT 3358005YT7JQCWYLTG43,500171818,Journal Import 2591641:,//SETTLEMENT,2,,,,,800,0,Posted
12-09-2024,01.12102.000.0000.000.3706008.00000.000,eHIS,HIS_SETTLEMENT,NSK-OCS-469636 HIS_SETTLEMENT 3358005YT7JQCWYLTG43,500171783,Journal Import 2591641:,//SETTLEMENT,2,,,,,900,0,Posted
12-09-2024,01.12102.000.0000.000.3706008.00000.000,eHIS,HIS_SETTLEMENT,NSK-OCS-469637 HIS_SETTLEMENT 3358005YT7JQCWYLTG43,500171628,Journal Import 2591641:,//SETTLEMENT,2,,,,,6550,0,Posted
12-09-2024,01.12102.000.0000.000.3706008.00000.000,eHIS,HIS_SETTLEMENT,NSK-OCS-469638 HIS_SETTLEMENT 3358005YT7JQCWYLTG43,500171790,Journal Import 2591641:,//SETTLEMENT,2,,,,,600,0,Posted
12-09-2024,01.12102.000.0000.000.3706008.00000.000,eHIS,HIS_SETTLEMENT,NSK-OCS-469639 HIS_SETTLEMENT 3358005YT7JQCWYLTG43,500171819,Journal Import 2591641:,//SETTLEMENT,2,,,,,800,0,Posted
12-09-2024,01.12102.000.0000.000.3706008.00000.000,eHIS,HIS_SETTLEMENT,NSK-OCS-469640 HIS_SETTLEMENT 3358005YT7JQCWYLTG43,500171820,Journal Import 2591641:,//SETTLEMENT,2,,,,,800,0,Posted
13-09-2024,01.12102.000.0000.000.3706008.00000.000,eHIS,HIS_SETTLEMENT,NSK-OCS-469641 HIS_SETTLEMENT 3358005YT7JQCWYLTG43,500171935,Journal Import 2599930:,//SETTLEMENT,2,,,,,1111,0,Posted
12-09-2024,01.12102.000.0000.000.3706008.00000.000,eHIS,HIS_SETTLEMENT,NSK-OCS-469642 HIS_SETTLEMENT 3358005YT7JQCWYLTG43,500171848,Journal Import 2591641:,//SETTLEMENT,2,,,,,200,0,Posted
12-09-2024,01.12102.000.0000.000.3706008.00000.000,eHIS,HIS_SETTLEMENT,NSK-OCS-469643 HIS_SETTLEMENT 3358005YT7JQCWYLTG43,500171701,Journal Import 2591641:,//SETTLEMENT,2,,,,,5730,0,Posted
12-09-2024,01.12102.000.0000.000.3706008.00000.000,eHIS,HIS_SETTLEMENT,NSK-OCS-469644 HIS_SETTLEMENT 3358005YT7JQCWYLTG43,500171791,Journal Import 2591641:,//SETTLEMENT,2,,,,,600,0,Posted
12-09-2024,01.12102.000.0000.000.3706008.00000.000,eHIS,HIS_SETTLEMENT,NSK-OCS-469645 HIS_SETTLEMENT 3358005YT7JQCWYLTG43,500171737,Journal Import 2591641:,//SETTLEMENT,2,,,,,1200,0,Posted
12-09-2024,01.12102.000.0000.000.3706008.00000.000,eHIS,HIS_SETTLEMENT,NSK-OCS-469646 HIS_SETTLEMENT 3358005YT7JQCWYLTG43,500171821,Journal Import 2591641:,//SETTLEMENT,2,,,,,800,0,Posted
12-09-2024,01.12102.000.0000.000.3706008.00000.000,eHIS,HIS_SETTLEMENT,NSK-OCS-469647 HIS_SETTLEMENT 3358005YT7JQCWYLTG43,500171750,Journal Import 2591641:,//SETTLEMENT,2,,,,,1300,0,Posted
12-09-2024,01.12102.000.0000.000.3706008.00000.000,eHIS,HIS_SETTLEMENT,NSK-OCS-469648 HIS_SETTLEMENT 3358005YT7JQCWYLTG43,500171738,Journal Import 2591641:,//SETTLEMENT,2,,,,,1200,0,Posted
12-09-2024,01.12102.000.0000.000.3706008.00000.000,eHIS,HIS_SETTLEMENT,NSK-OCS-469649 HIS_SETTLEMENT 3358005YT7JQCWYLTG43,500171601,Journal Import 2591641:,//SETTLEMENT,2,,,,,6100,0,Posted
12-09-2024,01.12102.000.0000.000.3706008.00000.000,eHIS,HIS_SETTLEMENT,NSK-OCS-469650 HIS_SETTLEMENT 3358005YT7JQCWYLTG43,500171787,Journal Import 2591641:,//SETTLEMENT,2,,,,,2780,0,Posted
12-09-2024,01.12102.000.0000.000.3706008.00000.000,eHIS,HIS_SETTLEMENT,NSK-OCS-469651 HIS_SETTLEMENT 3358005YT7JQCWYLTG43,500171739,Journal Import 2591641:,//SETTLEMENT,2,,,,,1200,0,Posted
12-09-2024,01.12102.000.0000.000.3706008.00000.000,eHIS,HIS_SETTLEMENT,NSK-OCS-469652 HIS_SETTLEMENT 3358005YT7JQCWYLTG43,500171830,Journal Import 2591641:,//SETTLEMENT,2,,,,,800,0,Posted
12-09-2024,01.12102.000.0000.000.3706008.00000.000,eHIS,HIS_SETTLEMENT,NSK-OCS-469653 HIS_SETTLEMENT 3358005YT7JQCWYLTG43,500171807,Journal Import 2591641:,//SETTLEMENT,2,,,,,650,0,Posted
12-09-2024,01.12102.000.0000.000.3706008.00000.000,eHIS,HIS_SETTLEMENT,NSK-OCS-469654 HIS_SETTLEMENT 3358005YT7JQCWYLTG43,500171720,Journal Import 2591641:,//SETTLEMENT,2,,,,,750,0,Posted
12-09-2024,01.12102.000.0000.000.3706008.00000.000,eHIS,HIS_SETTLEMENT,NSK-OCS-469655 HIS_SETTLEMENT 3358005YT7JQCWYLTG43,500171831,Journal Import 2591641:,//SETTLEMENT,2,,,,,800,0,Posted
12-09-2024,01.12102.000.0000.000.3706008.00000.000,eHIS,HIS_SETTLEMENT,NSK-OCS-469656 HIS_SETTLEMENT 3358005YT7JQCWYLTG43,500171832,Journal Import 2591641:,//SETTLEMENT,2,,,,,800,0,Posted
12-09-2024,01.12102.000.0000.000.3706008.00000.000,eHIS,HIS_SETTLEMENT,NSK-OCS-469657 HIS_SETTLEMENT 3358005YT7JQCWYLTG43,500171833,Journal Import 2591641:,//SETTLEMENT,2,,,,,800,0,Posted
13-09-2024,01.12102.000.0000.000.3706008.00000.000,eHIS,HIS_SETTLEMENT,NSK-OCS-469658 HIS_SETTLEMENT 3358005YT7JQCWYLTG43,500171950,Journal Import 2599930:,//SETTLEMENT,2,,,,,350,0,Posted
12-09-2024,01.12102.000.0000.000.3706008.00000.000,eHIS,HIS_SETTLEMENT,NSK-OCS-469659 HIS_SETTLEMENT 3358005YT7JQCWYLTG43,500171784,Journal Import 2591641:,//SETTLEMENT,2,,,,,900,0,Posted
12-09-2024,01.12102.000.0000.000.3706008.00000.000,eHIS,HIS_SETTLEMENT,NSK-OCS-469660 HIS_SETTLEMENT 3358005YT7JQCWYLTG43,500171728,Journal Import 2591641:,//SETTLEMENT,2,,,,,299,0,Posted
12-09-2024,01.12102.000.0000.000.3706008.00000.000,eHIS,HIS_SETTLEMENT,NSK-OCS-469661 HIS_SETTLEMENT 3358005YT7JQCWYLTG43,500171751,Journal Import 2591641:,//SETTLEMENT,2,,,,,1300,0,Posted
12-09-2024,01.12102.000.0000.000.3706008.00000.000,eHIS,HIS_SETTLEMENT,NSK-OCS-469662 HIS_SETTLEMENT 3358005YT7JQCWYLTG43,500171834,Journal Import 2591641:,//SETTLEMENT,2,,,,,800,0,Posted
12-09-2024,01.12102.000.0000.000.3706008.00000.000,eHIS,HIS_SETTLEMENT,NSK-OCS-469663 HIS_SETTLEMENT 3358005YT7JQCWYLTG43,500171835,Journal Import 2591641:,//SETTLEMENT,2,,,,,800,0,Posted
12-09-2024,01.12102.000.0000.000.3706008.00000.000,eHIS,HIS_SETTLEMENT,NSK-OCS-469664 HIS_SETTLEMENT 3358005YT7JQCWYLTG43,500171740,Journal Import 2591641:,//SETTLEMENT,2,,,,,1200,0,Posted
12-09-2024,01.12102.000.0000.000.3706008.00000.000,eHIS,HIS_SETTLEMENT,NSK-OCS-469665 HIS_SETTLEMENT 3358005YT7JQCWYLTG43,500171699,Journal Import 2591641:,//SETTLEMENT,2,,,,,4900,0,Posted
12-09-2024,01.12102.000.0000.000.3706008.00000.000,eHIS,HIS_SETTLEMENT,NSK-OCS-469666 HIS_SETTLEMENT 3358005YT7JQCWYLTG43,500171836,Journal Import 2591641:,//SETTLEMENT,2,,,,,800,0,Posted
12-09-2024,01.12102.000.0000.000.3706008.00000.000,eHIS,HIS_SETTLEMENT,NSK-OCS-469667 HIS_SETTLEMENT 3358005YT7JQCWYLTG43,500171844,Journal Import 2591641:,//SETTLEMENT,2,,,,,2000,0,Posted
12-09-2024,01.12102.000.0000.000.3706008.00000.000,eHIS,HIS_SETTLEMENT,NSK-OCS-469668 HIS_SETTLEMENT 3358005YT7JQCWYLTG43,500171825,Journal Import 2591641:,//SETTLEMENT,2,,,,,3550,0,Posted
12-09-2024,01.12102.000.0000.000.3706008.00000.000,eHIS,HIS_SETTLEMENT,NSK-OCS-469669 HIS_SETTLEMENT 3358005YT7JQCWYLTG43,500171826,Journal Import 2591641:,//SETTLEMENT,2,,,,,3630,0,Posted
12-09-2024,01.12102.000.0000.000.3706008.00000.000,eHIS,HIS_SETTLEMENT,NSK-OCS-469670 HIS_SETTLEMENT 3358005YT7JQCWYLTG43,500171649,Journal Import 2591641:,//SETTLEMENT,2,,,,,9500,0,Posted
12-09-2024,01.12102.000.0000.000.3706008.00000.000,eHIS,HIS_SETTLEMENT,NSK-OCS-469671 HIS_SETTLEMENT 3358005YT7JQCWYLTG43,500171721,Journal Import 2591641:,//SETTLEMENT,2,,,,,750,0,Posted
12-09-2024,01.12102.000.0000.000.3706008.00000.000,eHIS,HIS_SETTLEMENT,NSK-OCS-469672 HIS_SETTLEMENT 3358005YT7JQCWYLTG43,500171837,Journal Import 2591641:,//SETTLEMENT,2,,,,,800,0,Posted
12-09-2024,01.12102.000.0000.000.3706008.00000.000,eHIS,HIS_SETTLEMENT,NSK-OCS-469673 HIS_SETTLEMENT 3358005YT7JQCWYLTG43,500171722,Journal Import 2591641:,//SETTLEMENT,2,,,,,750,0,Posted
12-09-2024,01.12102.000.0000.000.3706008.00000.000,eHIS,HIS_SETTLEMENT,NSK-OCS-469674 HIS_SETTLEMENT 3358005YT7JQCWYLTG43,500171741,Journal Import 2591641:,//SETTLEMENT,2,,,,,1200,0,Posted
13-09-2024,01.12102.000.0000.000.3706008.00000.000,eHIS,HIS_SETTLEMENT,NSK-OCS-469675 HIS_SETTLEMENT 3358005YT7JQCWYLTG43,500171933,Journal Import 2599930:,//SETTLEMENT,2,,,,,900,0,Posted
12-09-2024,01.12102.000.0000.000.3706008.00000.000,eHIS,HIS_SETTLEMENT,NSK-OCS-469676 HIS_SETTLEMENT 3358005YT7JQCWYLTG43,500171742,Journal Import 2591641:,//SETTLEMENT,2,,,,,1200,0,Posted
12-09-2024,01.12102.000.0000.000.3706008.00000.000,eHIS,HIS_SETTLEMENT,NSK-OCS-469677 HIS_SETTLEMENT 3358005YT7JQCWYLTG43,500171838,Journal Import 2591641:,//SETTLEMENT,2,,,,,800,0,Posted
12-09-2024,01.12102.000.0000.000.3706008.00000.000,eHIS,HIS_SETTLEMENT,NSK-OCS-469678 HIS_SETTLEMENT 3358005YT7JQCWYLTG43,500171683,Journal Import 2591641:,//SETTLEMENT,2,,,,,4375,0,Posted
12-09-2024,01.12102.000.0000.000.3706008.00000.000,eHIS,HIS_SETTLEMENT,NSK-OCS-469679 HIS_SETTLEMENT 3358005YT7JQCWYLTG43,500171723,Journal Import 2591641:,//SETTLEMENT,2,,,,,750,0,Posted
13-09-2024,01.12102.000.0000.000.3706008.00000.000,eHIS,HIS_SETTLEMENT,NSK-OCS-469680 HIS_SETTLEMENT 3358005YT7JQCWYLTG43,500171932,Journal Import 2599930:,//SETTLEMENT,2,,,,,450,0,Posted
12-09-2024,01.12102.000.0000.000.3706008.00000.000,eHIS,HIS_SETTLEMENT,NSK-OCS-469681 HIS_SETTLEMENT 3358005YT7JQCWYLTG43,500171700,Journal Import 2591641:,//SETTLEMENT,2,,,,,5600,0,Posted
12-09-2024,01.12102.000.0000.000.3706008.00000.000,eHIS,HIS_SETTLEMENT,NSK-OCS-469682 HIS_SETTLEMENT 3358005YT7JQCWYLTG43,500171559,Journal Import 2591641:,//SETTLEMENT,2,,,,,14400,0,Posted
12-09-2024,01.12102.000.0000.000.3706008.00000.000,eHIS,HIS_SETTLEMENT,NSK-OCS-469683 HIS_SETTLEMENT 3358005YT7JQCWYLTG43,500171829,Journal Import 2591641:,//SETTLEMENT,2,,,,,162,0,Posted
12-09-2024,01.12102.000.0000.000.3706008.00000.000,eHIS,HIS_SETTLEMENT,NSK-OCS-469684 HIS_SETTLEMENT 3358005YT7JQCWYLTG43,500171760,Journal Import 2591641:,//SETTLEMENT,2,,,,,1650,0,Posted
12-09-2024,01.12102.000.0000.000.3706008.00000.000,eHIS,HIS_SETTLEMENT,NSK-OCS-469685 HIS_SETTLEMENT 3358005YT7JQCWYLTG43,500171907,Journal Import 2591641:,//SETTLEMENT,2,,,,,1850,0,Posted
12-09-2024,01.12102.000.0000.000.3706008.00000.000,eHIS,HIS_SETTLEMENT,NSK-OCS-469686 HIS_SETTLEMENT 3358005YT7JQCWYLTG43,500171752,Journal Import 2591641:,//SETTLEMENT,2,,,,,1300,0,Posted
12-09-2024,01.12102.000.0000.000.3706008.00000.000,eHIS,HIS_SETTLEMENT,NSK-OCS-469687 HIS_SETTLEMENT 3358005YT7JQCWYLTG43,500171908,Journal Import 2591641:,//SETTLEMENT,2,,,,,1850,0,Posted
13-09-2024,01.12102.000.0000.000.3706008.00000.000,eHIS,HIS_SETTLEMENT,NSK-OCS-469688 HIS_SETTLEMENT 3358005YT7JQCWYLTG43,500171951,Journal Import 2599930:,//SETTLEMENT,2,,,,,350,0,Posted
12-09-2024,01.12102.000.0000.000.3706008.00000.000,eHIS,HIS_SETTLEMENT,NSK-OCS-469689 HIS_SETTLEMENT 3358005YT7JQCWYLTG43,500171804,Journal Import 2591641:,//SETTLEMENT,2,,,,,100,0,Posted
12-09-2024,01.12102.000.0000.000.3706008.00000.000,eHIS,HIS_SETTLEMENT,NSK-OCS-469690 HIS_SETTLEMENT 3358005YT7JQCWYLTG43,500171898,Journal Import 2591641:,//SETTLEMENT,2,,,,,500,0,Posted
13-09-2024,01.12102.000.0000.000.3706008.00000.000,eHIS,HIS_SETTLEMENT,NSK-OCS-469691 HIS_SETTLEMENT 3358005YT7JQCWYLTG43,500171934,Journal Import 2599930:,//SETTLEMENT,2,,,,,947,0,Posted
12-09-2024,01.12102.000.0000.000.3706008.00000.000,eHIS,HIS_SETTLEMENT,NSK-OCS-469692 HIS_SETTLEMENT 3358005YT7JQCWYLTG43,500171731,Journal Import 2591641:,//SETTLEMENT,2,,,,,1100,0,Posted
13-09-2024,01.12102.000.0000.000.3706008.00000.000,eHIS,HIS_SETTLEMENT,NSK-OCS-469693 HIS_SETTLEMENT 3358005YT7JQCWYLTG43,500171952,Journal Import 2599930:,//SETTLEMENT,2,,,,,350,0,Posted
12-09-2024,01.12102.000.0000.000.3706008.00000.000,eHIS,HIS_SETTLEMENT,NSK-OCS-469694 HIS_SETTLEMENT 3358005YT7JQCWYLTG43,500171805,Journal Import 2591641:,//SETTLEMENT,2,,,,,100,0,Posted
12-09-2024,01.12102.000.0000.000.3706008.00000.000,eHIS,HIS_SETTLEMENT,NSK-OCS-469695 HIS_SETTLEMENT 3358005YT7JQCWYLTG43,500171647,Journal Import 2591641:,//SETTLEMENT,2,,,,,8400,0,Posted
12-09-2024,01.12102.000.0000.000.3706008.00000.000,eHIS,HIS_SETTLEMENT,NSK-OCS-469696 HIS_SETTLEMENT 3358005YT7JQCWYLTG43,500171789,Journal Import 2591641:,//SETTLEMENT,2,,,,,3000,0,Posted
12-09-2024,01.12102.000.0000.000.3706008.00000.000,eHIS,HIS_SETTLEMENT,NSK-OCS-469697 HIS_SETTLEMENT 3358005YT7JQCWYLTG43,500171785,Journal Import 2591641:,//SETTLEMENT,2,,,,,900,0,Posted
12-09-2024,01.12102.000.0000.000.3706008.00000.000,eHIS,HIS_SETTLEMENT,NSK-OCS-469698 HIS_SETTLEMENT 3358005YT7JQCWYLTG43,500171725,Journal Import 2591641:,//SETTLEMENT,2,,,,,2520,0,Posted
12-09-2024,01.12102.000.0000.000.3706008.00000.000,eHIS,HIS_SETTLEMENT,NSK-OCS-469699 HIS_SETTLEMENT 3358005YT7JQCWYLTG43,500171824,Journal Import 2591641:,//SETTLEMENT,2,,,,,3500,0,Posted
12-09-2024,01.12102.000.0000.000.3706008.00000.000,eHIS,HIS_SETTLEMENT,NSK-OCS-469700 HIS_SETTLEMENT 3358005YT7JQCWYLTG43,500171719,Journal Import 2591641:,//SETTLEMENT,2,,,,,2300,0,Posted
12-09-2024,01.12102.000.0000.000.3706008.00000.000,eHIS,HIS_SETTLEMENT,NSK-OCS-469701 HIS_SETTLEMENT 3358005YT7JQCWYLTG43,500171734,Journal Import 2591641:,//SETTLEMENT,2,,,,,400,0,Posted
12-09-2024,01.12102.000.0000.000.3706008.00000.000,eHIS,HIS_SETTLEMENT,NSK-OCS-469702 HIS_SETTLEMENT 3358005YT7JQCWYLTG43,500171743,Journal Import 2591641:,//SETTLEMENT,2,,,,,1200,0,Posted
12-09-2024,01.12102.000.0000.000.3706008.00000.000,eHIS,HIS_SETTLEMENT,NSK-OCS-469703 HIS_SETTLEMENT 3358005YT7JQCWYLTG43,500171896,Journal Import 2591641:,//SETTLEMENT,2,,,,,1700,0,Posted
12-09-2024,01.12102.000.0000.000.3706008.00000.000,eHIS,HIS_SETTLEMENT,NSK-OCS-469704 HIS_SETTLEMENT 3358005YT7JQCWYLTG43,500171732,Journal Import 2591641:,//SETTLEMENT,2,,,,,1150,0,Posted
12-09-2024,01.12102.000.0000.000.3706008.00000.000,eHIS,HIS_SETTLEMENT,NSK-OCS-469705 HIS_SETTLEMENT 3358005YT7JQCWYLTG43,500171849,Journal Import 2591641:,//SETTLEMENT,2,,,,,200,0,Posted
12-09-2024,01.12102.000.0000.000.3706008.00000.000,eHIS,HIS_SETTLEMENT,NSK-OCS-469706 HIS_SETTLEMENT 3358005YT7JQCWYLTG43,500171726,Journal Import 2591641:,//SETTLEMENT,2,,,,,250,0,Posted
13-09-2024,01.12102.000.0000.000.3706008.00000.000,eHIS,HIS_SETTLEMENT,NSK-OCS-469707 HIS_SETTLEMENT 3358005YT7JQCWYLTG43,500172404,Journal Import 2591641:,//SETTLEMENT,2,,,,,1850,0,Posted
13-09-2024,01.12102.000.0000.000.3706008.00000.000,eHIS,HIS_SETTLEMENT,NSK-OCS-469708 HIS_SETTLEMENT 3358005YT7JQCWYLTG43,500172432,Journal Import 2591641:,//SETTLEMENT,2,,,,,100,0,Posted
13-09-2024,01.12102.000.0000.000.3706008.00000.000,eHIS,HIS_SETTLEMENT,NSK-OCS-469709 HIS_SETTLEMENT 3358005YT7JQCWYLTG43,500172465,Journal Import 2591641:,//SETTLEMENT,2,,,,,200,0,Posted
13-09-2024,01.12102.000.0000.000.3706008.00000.000,eHIS,HIS_SETTLEMENT,NSK-OCS-469710 HIS_SETTLEMENT 3358005YT7JQCWYLTG43,500172433,Journal Import 2591641:,//SETTLEMENT,2,,,,,100,0,Posted
13-09-2024,01.12102.000.0000.000.3706008.00000.000,eHIS,HIS_SETTLEMENT,NSK-OCS-469711 HIS_SETTLEMENT 3358005YT7JQCWYLTG43,500172405,Journal Import 2591641:,//SETTLEMENT,2,,,,,1850,0,Posted
13-09-2024,01.12102.000.0000.000.3706008.00000.000,eHIS,HIS_SETTLEMENT,NSK-OCS-469712 HIS_SETTLEMENT 3358005YT7JQCWYLTG43,500172493,Journal Import 2591641:,//SETTLEMENT,2,,,,,500,0,Posted
13-09-2024,01.12102.000.0000.000.3706008.00000.000,eHIS,HIS_SETTLEMENT,NSK-OCS-469713 HIS_SETTLEMENT 3358005YT7JQCWYLTG43,500172494,Journal Import 2591641:,//SETTLEMENT,2,,,,,500,0,Posted
13-09-2024,01.12102.000.0000.000.3706008.00000.000,eHIS,HIS_SETTLEMENT,NSK-OCS-469714 HIS_SETTLEMENT 3358005YT7JQCWYLTG43,500172495,Journal Import 2591641:,//SETTLEMENT,2,,,,,500,0,Posted
13-09-2024,01.12102.000.0000.000.3706008.00000.000,eHIS,HIS_SETTLEMENT,NSK-OCS-469715 HIS_SETTLEMENT 3358005YT7JQCWYLTG43,500172496,Journal Import 2591641:,//SETTLEMENT,2,,,,,500,0,Posted
13-09-2024,01.12102.000.0000.000.3706008.00000.000,eHIS,HIS_SETTLEMENT,NSK-OCS-469716 HIS_SETTLEMENT 3358005YT7JQCWYLTG43,500172497,Journal Import 2591641:,//SETTLEMENT,2,,,,,500,0,Posted
13-09-2024,01.12102.000.0000.000.3706008.00000.000,eHIS,HIS_SETTLEMENT,NSK-OCS-469717 HIS_SETTLEMENT 3358005YT7JQCWYLTG43,500172498,Journal Import 2591641:,//SETTLEMENT,2,,,,,500,0,Posted
13-09-2024,01.12102.000.0000.000.3706008.00000.000,eHIS,HIS_SETTLEMENT,NSK-OCS-469718 HIS_SETTLEMENT 3358005YT7JQCWYLTG43,500172499,Journal Import 2591641:,//SETTLEMENT,2,,,,,500,0,Posted
13-09-2024,01.12102.000.0000.000.3706008.00000.000,eHIS,HIS_SETTLEMENT,NSK-OCS-469719 HIS_SETTLEMENT 3358005YT7JQCWYLTG43,500172500,Journal Import 2591641:,//SETTLEMENT,2,,,,,500,0,Posted
13-09-2024,01.12102.000.0000.000.3706008.00000.000,eHIS,HIS_SETTLEMENT,NSK-OCS-469720 HIS_SETTLEMENT 3358005YT7JQCWYLTG43,500172501,Journal Import 2591641:,//SETTLEMENT,2,,,,,500,0,Posted
13-09-2024,01.12102.000.0000.000.3706008.00000.000,eHIS,HIS_SETTLEMENT,NSK-OCS-469721 HIS_SETTLEMENT 3358005YT7JQCWYLTG43,500172502,Journal Import 2591641:,//SETTLEMENT,2,,,,,500,0,Posted
13-09-2024,01.12102.000.0000.000.3706008.00000.000,eHIS,HIS_SETTLEMENT,NSK-OCS-469722 HIS_SETTLEMENT 3358005YT7JQCWYLTG43,500172358,Journal Import 2591641:,//SETTLEMENT,2,,,,,300,0,Posted
13-09-2024,01.12102.000.0000.000.3706008.00000.000,eHIS,HIS_SETTLEMENT,NSK-OCS-469723 HIS_SETTLEMENT 3358005YT7JQCWYLTG43,500172363,Journal Import 2591641:,//SETTLEMENT,2,,,,,300,0,Posted
13-09-2024,01.12102.000.0000.000.3706008.00000.000,eHIS,HIS_SETTLEMENT,NSK-OCS-469724 HIS_SETTLEMENT 3358005YT7JQCWYLTG43,500172503,Journal Import 2591641:,//SETTLEMENT,2,,,,,500,0,Posted
13-09-2024,01.12102.000.0000.000.3706008.00000.000,eHIS,HIS_SETTLEMENT,NSK-OCS-469725 HIS_SETTLEMENT 3358005YT7JQCWYLTG43,500172504,Journal Import 2591641:,//SETTLEMENT,2,,,,,500,0,Posted
13-09-2024,01.12102.000.0000.000.3706008.00000.000,eHIS,HIS_SETTLEMENT,NSK-OCS-469726 HIS_SETTLEMENT 3358005YT7JQCWYLTG43,500172505,Journal Import 2591641:,//SETTLEMENT,2,,,,,500,0,Posted
13-09-2024,01.12102.000.0000.000.3706008.00000.000,eHIS,HIS_SETTLEMENT,NSK-OCS-469727 HIS_SETTLEMENT 3358005YT7JQCWYLTG43,500172506,Journal Import 2591641:,//SETTLEMENT,2,,,,,500,0,Posted
13-09-2024,01.12102.000.0000.000.3706008.00000.000,eHIS,HIS_SETTLEMENT,NSK-OCS-469728 HIS_SETTLEMENT 3358005YT7JQCWYLTG43,500172507,Journal Import 2591641:,//SETTLEMENT,2,,,,,500,0,Posted
13-09-2024,01.12102.000.0000.000.3706008.00000.000,eHIS,HIS_SETTLEMENT,NSK-OCS-469729 HIS_SETTLEMENT 3358005YT7JQCWYLTG43,500172508,Journal Import 2591641:,//SETTLEMENT,2,,,,,500,0,Posted
13-09-2024,01.12102.000.0000.000.3706008.00000.000,eHIS,HIS_SETTLEMENT,NSK-OCS-469730 HIS_SETTLEMENT 3358005YT7JQCWYLTG43,500172424,Journal Import 2591641:,//SETTLEMENT,2,,,,,2730,0,Posted
13-09-2024,01.12102.000.0000.000.3706008.00000.000,eHIS,HIS_SETTLEMENT,NSK-OCS-469731 HIS_SETTLEMENT 3358005YT7JQCWYLTG43,500172425,Journal Import 2591641:,//SETTLEMENT,2,,,,,2730,0,Posted
13-09-2024,01.12102.000.0000.000.3706008.00000.000,eHIS,HIS_SETTLEMENT,NSK-OCS-469732 HIS_SETTLEMENT 3358005YT7JQCWYLTG43,500172439,Journal Import 2591641:,//SETTLEMENT,2,,,,,3500,0,Posted
13-09-2024,01.12102.000.0000.000.3706008.00000.000,eHIS,HIS_SETTLEMENT,NSK-OCS-469733 HIS_SETTLEMENT 3358005YT7JQCWYLTG43,500172510,Journal Import 2591641:,//SETTLEMENT,2,,,,,850,0,Posted
13-09-2024,01.12102.000.0000.000.3706008.00000.000,eHIS,HIS_SETTLEMENT,NSK-OCS-469734 HIS_SETTLEMENT 3358005YT7JQCWYLTG43,500172347,Journal Import 2591641:,//SETTLEMENT,2,,,,,2499,0,Posted
13-09-2024,01.12102.000.0000.000.3706008.00000.000,eHIS,HIS_SETTLEMENT,NSK-OCS-469735 HIS_SETTLEMENT 3358005YT7JQCWYLTG43,500172350,Journal Import 2591641:,//SETTLEMENT,2,,,,,2600,0,Posted
13-09-2024,01.12102.000.0000.000.3706008.00000.000,eHIS,HIS_SETTLEMENT,NSK-OCS-469736 HIS_SETTLEMENT 3358005YT7JQCWYLTG43,500172346,Journal Import 2591641:,//SETTLEMENT,2,,,,,1050,0,Posted
13-09-2024,01.12102.000.0000.000.3706008.00000.000,eHIS,HIS_SETTLEMENT,NSK-OCS-469737 HIS_SETTLEMENT 3358005YT7JQCWYLTG43,500172385,Journal Import 2591641:,//SETTLEMENT,2,,,,,1650,0,Posted
13-09-2024,01.12102.000.0000.000.3706008.00000.000,eHIS,HIS_SETTLEMENT,NSK-OCS-469738 HIS_SETTLEMENT 3358005YT7JQCWYLTG43,500172359,Journal Import 2591641:,//SETTLEMENT,2,,,,,1100,0,Posted
13-09-2024,01.12102.000.0000.000.3706008.00000.000,eHIS,HIS_SETTLEMENT,NSK-OCS-469739 HIS_SETTLEMENT 3358005YT7JQCWYLTG43,500172366,Journal Import 2591641:,//SETTLEMENT,2,,,,,350,0,Posted
13-09-2024,01.12102.000.0000.000.3706008.00000.000,eHIS,HIS_SETTLEMENT,NSK-OCS-469740 HIS_SETTLEMENT 3358005YT7JQCWYLTG43,500172388,Journal Import 2591641:,//SETTLEMENT,2,,,,,4000,0,Posted
13-09-2024,01.12102.000.0000.000.3706008.00000.000,eHIS,HIS_SETTLEMENT,NSK-OCS-469741 HIS_SETTLEMENT 3358005YT7JQCWYLTG43,500172355,Journal Import 2591641:,//SETTLEMENT,3,,,,,280,0,Posted
13-09-2024,01.12102.000.0000.000.3706008.00000.000,eHIS,HIS_SETTLEMENT,NSK-OCS-469741 HIS_SETTLEMENT 3358005YT7JQCWYLTG43,500172355,Journal Import 2591641:,//SETTLEMENT,4,,,,,1000,0,Posted
13-09-2024,01.12102.000.0000.000.3706008.00000.000,eHIS,HIS_SETTLEMENT,NSK-OCS-469742 HIS_SETTLEMENT 3358005YT7JQCWYLTG43,500172348,Journal Import 2591641:,//SETTLEMENT,2,,,,,2500,0,Posted
13-09-2024,01.12102.000.0000.000.3706008.00000.000,eHIS,HIS_SETTLEMENT,NSK-OCS-469743 HIS_SETTLEMENT 3358005YT7JQCWYLTG43,500172301,Journal Import 2591641:,//SETTLEMENT,2,,,,,4200,0,Posted
13-09-2024,01.12102.000.0000.000.3706008.00000.000,eHIS,HIS_SETTLEMENT,NSK-OCS-469744 HIS_SETTLEMENT 3358005YT7JQCWYLTG43,500172416,Journal Import 2591641:,//SETTLEMENT,2,,,,,900,0,Posted
13-09-2024,01.12102.000.0000.000.3706008.00000.000,eHIS,HIS_SETTLEMENT,NSK-OCS-469745 HIS_SETTLEMENT 3358005YT7JQCWYLTG43,500172387,Journal Import 2591641:,//SETTLEMENT,2,,,,,3980,0,Posted
13-09-2024,01.12102.000.0000.000.3706008.00000.000,eHIS,HIS_SETTLEMENT,NSK-OCS-469746 HIS_SETTLEMENT 3358005YT7JQCWYLTG43,500172443,Journal Import 2591641:,//SETTLEMENT,2,,,,,800,0,Posted
13-09-2024,01.12102.000.0000.000.3706008.00000.000,eHIS,HIS_SETTLEMENT,NSK-OCS-469747 HIS_SETTLEMENT 3358005YT7JQCWYLTG43,500172373,Journal Import 2591641:,//SETTLEMENT,2,,,,,1200,0,Posted
13-09-2024,01.12102.000.0000.000.3706008.00000.000,eHIS,HIS_SETTLEMENT,NSK-OCS-469748 HIS_SETTLEMENT 3358005YT7JQCWYLTG43,500172431,Journal Import 2591641:,//SETTLEMENT,2,,,,,3330,0,Posted
13-09-2024,01.12102.000.0000.000.3706008.00000.000,eHIS,HIS_SETTLEMENT,NSK-OCS-469749 HIS_SETTLEMENT 3358005YT7JQCWYLTG43,500172417,Journal Import 2591641:,//SETTLEMENT,2,,,,,900,0,Posted
13-09-2024,01.12102.000.0000.000.3706008.00000.000,eHIS,HIS_SETTLEMENT,NSK-OCS-469750 HIS_SETTLEMENT 3358005YT7JQCWYLTG43,500172509,Journal Import 2591641:,//SETTLEMENT,2,,,,,500,0,Posted
13-09-2024,01.12102.000.0000.000.3706008.00000.000,eHIS,HIS_SETTLEMENT,NSK-OCS-469751 HIS_SETTLEMENT 3358005YT7JQCWYLTG43,500172444,Journal Import 2591641:,//SETTLEMENT,2,,,,,800,0,Posted
13-09-2024,01.12102.000.0000.000.3706008.00000.000,eHIS,HIS_SETTLEMENT,NSK-OCS-469752 HIS_SETTLEMENT 3358005YT7JQCWYLTG43,500172367,Journal Import 2591641:,//SETTLEMENT,2,,,,,350,0,Posted
13-09-2024,01.12102.000.0000.000.3706008.00000.000,eHIS,HIS_SETTLEMENT,NSK-OCS-469753 HIS_SETTLEMENT 3358005YT7JQCWYLTG43,500172418,Journal Import 2591641:,//SETTLEMENT,2,,,,,900,0,Posted
13-09-2024,01.12102.000.0000.000.3706008.00000.000,eHIS,HIS_SETTLEMENT,NSK-OCS-469754 HIS_SETTLEMENT 3358005YT7JQCWYLTG43,500172406,Journal Import 2591641:,//SETTLEMENT,2,,,,,1850,0,Posted
13-09-2024,01.12102.000.0000.000.3706008.00000.000,eHIS,HIS_SETTLEMENT,NSK-OCS-469755 HIS_SETTLEMENT 3358005YT7JQCWYLTG43,500172365,Journal Import 2591641:,//SETTLEMENT,2,,,,,348,0,Posted
13-09-2024,01.12102.000.0000.000.3706008.00000.000,eHIS,HIS_SETTLEMENT,NSK-OCS-469756 HIS_SETTLEMENT 3358005YT7JQCWYLTG43,500172445,Journal Import 2591641:,//SETTLEMENT,2,,,,,800,0,Posted
13-09-2024,01.12102.000.0000.000.3706008.00000.000,eHIS,HIS_SETTLEMENT,NSK-OCS-469757 HIS_SETTLEMENT 3358005YT7JQCWYLTG43,500172437,Journal Import 2591641:,//SETTLEMENT,2,,,,,650,0,Posted
14-09-2024,01.12102.000.0000.000.3706008.00000.000,eHIS,HIS_SETTLEMENT,NSK-OCS-469758 HIS_SETTLEMENT 3358005YT7JQCWYLTG43,500172561,Journal Import 2599930:,//SETTLEMENT,2,,,,,665,0,Posted
13-09-2024,01.12102.000.0000.000.3706008.00000.000,eHIS,HIS_SETTLEMENT,NSK-OCS-469759 HIS_SETTLEMENT 3358005YT7JQCWYLTG43,500172407,Journal Import 2591641:,//SETTLEMENT,2,,,,,1850,0,Posted
13-09-2024,01.12102.000.0000.000.3706008.00000.000,eHIS,HIS_SETTLEMENT,NSK-OCS-469760 HIS_SETTLEMENT 3358005YT7JQCWYLTG43,500172215,Journal Import 2591641:,//SETTLEMENT,2,,,,,6000,0,Posted
13-09-2024,01.12102.000.0000.000.3706008.00000.000,eHIS,HIS_SETTLEMENT,NSK-OCS-469761 HIS_SETTLEMENT 3358005YT7JQCWYLTG43,500172408,Journal Import 2591641:,//SETTLEMENT,2,,,,,1850,0,Posted
13-09-2024,01.12102.000.0000.000.3706008.00000.000,eHIS,HIS_SETTLEMENT,NSK-OCS-469762 HIS_SETTLEMENT 3358005YT7JQCWYLTG43,500172434,Journal Import 2591641:,//SETTLEMENT,2,,,,,100,0,Posted
13-09-2024,01.12102.000.0000.000.3706008.00000.000,eHIS,HIS_SETTLEMENT,NSK-OCS-469763 HIS_SETTLEMENT 3358005YT7JQCWYLTG43,500172159,Journal Import 2591641:,//SETTLEMENT,2,,,,,16000,0,Posted
13-09-2024,01.12102.000.0000.000.3706008.00000.000,eHIS,HIS_SETTLEMENT,NSK-OCS-469764 HIS_SETTLEMENT 3358005YT7JQCWYLTG43,500172374,Journal Import 2591641:,//SETTLEMENT,2,,,,,1200,0,Posted
13-09-2024,01.12102.000.0000.000.3706008.00000.000,eHIS,HIS_SETTLEMENT,NSK-OCS-469765 HIS_SETTLEMENT 3358005YT7JQCWYLTG43,500172446,Journal Import 2591641:,//SETTLEMENT,2,,,,,800,0,Posted
13-09-2024,01.12102.000.0000.000.3706008.00000.000,eHIS,HIS_SETTLEMENT,NSK-OCS-469766 HIS_SETTLEMENT 3358005YT7JQCWYLTG43,500172513,Journal Import 2591641:,//SETTLEMENT,2,,,,,500,0,Posted
13-09-2024,01.12102.000.0000.000.3706008.00000.000,eHIS,HIS_SETTLEMENT,NSK-OCS-469767 HIS_SETTLEMENT 3358005YT7JQCWYLTG43,500172441,Journal Import 2591641:,//SETTLEMENT,2,,,,,700,0,Posted
13-09-2024,01.12102.000.0000.000.3706008.00000.000,eHIS,HIS_SETTLEMENT,NSK-OCS-469768 HIS_SETTLEMENT 3358005YT7JQCWYLTG43,500172447,Journal Import 2591641:,//SETTLEMENT,2,,,,,800,0,Posted
13-09-2024,01.12102.000.0000.000.3706008.00000.000,eHIS,HIS_SETTLEMENT,NSK-OCS-469769 HIS_SETTLEMENT 3358005YT7JQCWYLTG43,500172448,Journal Import 2591641:,//SETTLEMENT,2,,,,,800,0,Posted
13-09-2024,01.12102.000.0000.000.3706008.00000.000,eHIS,HIS_SETTLEMENT,NSK-OCS-469770 HIS_SETTLEMENT 3358005YT7JQCWYLTG43,500172360,Journal Import 2591641:,//SETTLEMENT,2,,,,,1100,0,Posted
13-09-2024,01.12102.000.0000.000.3706008.00000.000,eHIS,HIS_SETTLEMENT,NSK-OCS-469771 HIS_SETTLEMENT 3358005YT7JQCWYLTG43,500172409,Journal Import 2591641:,//SETTLEMENT,2,,,,,1850,0,Posted
13-09-2024,01.12102.000.0000.000.3706008.00000.000,eHIS,HIS_SETTLEMENT,NSK-OCS-469772 HIS_SETTLEMENT 3358005YT7JQCWYLTG43,500172419,Journal Import 2591641:,//SETTLEMENT,2,,,,,900,0,Posted
13-09-2024,01.12102.000.0000.000.3706008.00000.000,eHIS,HIS_SETTLEMENT,NSK-OCS-469773 HIS_SETTLEMENT 3358005YT7JQCWYLTG43,500172453,Journal Import 2591641:,//SETTLEMENT,2,,,,,1000,0,Posted
13-09-2024,01.12102.000.0000.000.3706008.00000.000,eHIS,HIS_SETTLEMENT,NSK-OCS-469774 HIS_SETTLEMENT 3358005YT7JQCWYLTG43,500172361,Journal Import 2591641:,//SETTLEMENT,2,,,,,1100,0,Posted
13-09-2024,01.12102.000.0000.000.3706008.00000.000,eHIS,HIS_SETTLEMENT,NSK-OCS-469775 HIS_SETTLEMENT 3358005YT7JQCWYLTG43,500172454,Journal Import 2591641:,//SETTLEMENT,2,,,,,1000,0,Posted
13-09-2024,01.12102.000.0000.000.3706008.00000.000,eHIS,HIS_SETTLEMENT,NSK-OCS-469776 HIS_SETTLEMENT 3358005YT7JQCWYLTG43,500172449,Journal Import 2591641:,//SETTLEMENT,2,,,,,800,0,Posted
13-09-2024,01.12102.000.0000.000.3706008.00000.000,eHIS,HIS_SETTLEMENT,NSK-OCS-469777 HIS_SETTLEMENT 3358005YT7JQCWYLTG43,500172514,Journal Import 2591641:,//SETTLEMENT,2,,,,,500,0,Posted
13-09-2024,01.12102.000.0000.000.3706008.00000.000,eHIS,HIS_SETTLEMENT,NSK-OCS-469778 HIS_SETTLEMENT 3358005YT7JQCWYLTG43,500172455,Journal Import 2591641:,//SETTLEMENT,2,,,,,1000,0,Posted
13-09-2024,01.12102.000.0000.000.3706008.00000.000,eHIS,HIS_SETTLEMENT,NSK-OCS-469779 HIS_SETTLEMENT 3358005YT7JQCWYLTG43,500172515,Journal Import 2591641:,//SETTLEMENT,2,,,,,500,0,Posted
13-09-2024,01.12102.000.0000.000.3706008.00000.000,eHIS,HIS_SETTLEMENT,NSK-OCS-469780 HIS_SETTLEMENT 3358005YT7JQCWYLTG43,500172450,Journal Import 2591641:,//SETTLEMENT,2,,,,,800,0,Posted
13-09-2024,01.12102.000.0000.000.3706008.00000.000,eHIS,HIS_SETTLEMENT,NSK-OCS-469781 HIS_SETTLEMENT 3358005YT7JQCWYLTG43,500172214,Journal Import 2591641:,//SETTLEMENT,2,,,,,5800,0,Posted
13-09-2024,01.12102.000.0000.000.3706008.00000.000,eHIS,HIS_SETTLEMENT,NSK-OCS-469782 HIS_SETTLEMENT 3358005YT7JQCWYLTG43,500172451,Journal Import 2591641:,//SETTLEMENT,2,,,,,800,0,Posted
13-09-2024,01.12102.000.0000.000.3706008.00000.000,eHIS,HIS_SETTLEMENT,NSK-OCS-469783 HIS_SETTLEMENT 3358005YT7JQCWYLTG43,500172516,Journal Import 2591641:,//SETTLEMENT,2,,,,,500,0,Posted
13-09-2024,01.12102.000.0000.000.3706008.00000.000,eHIS,HIS_SETTLEMENT,NSK-OCS-469784 HIS_SETTLEMENT 3358005YT7JQCWYLTG43,500172382,Journal Import 2591641:,//SETTLEMENT,2,,,,,1300,0,Posted
13-09-2024,01.12102.000.0000.000.3706008.00000.000,eHIS,HIS_SETTLEMENT,NSK-OCS-469785 HIS_SETTLEMENT 3358005YT7JQCWYLTG43,500172517,Journal Import 2591641:,//SETTLEMENT,2,,,,,500,0,Posted
13-09-2024,01.12102.000.0000.000.3706008.00000.000,eHIS,HIS_SETTLEMENT,NSK-OCS-469786 HIS_SETTLEMENT 3358005YT7JQCWYLTG43,500172351,Journal Import 2591641:,//SETTLEMENT,2,,,,,250,0,Posted
13-09-2024,01.12102.000.0000.000.3706008.00000.000,eHIS,HIS_SETTLEMENT,NSK-OCS-469787 HIS_SETTLEMENT 3358005YT7JQCWYLTG43,500172383,Journal Import 2591641:,//SETTLEMENT,2,,,,,1300,0,Posted
13-09-2024,01.12102.000.0000.000.3706008.00000.000,eHIS,HIS_SETTLEMENT,NSK-OCS-469788 HIS_SETTLEMENT 3358005YT7JQCWYLTG43,500172452,Journal Import 2591641:,//SETTLEMENT,2,,,,,800,0,Posted
13-09-2024,01.12102.000.0000.000.3706008.00000.000,eHIS,HIS_SETTLEMENT,NSK-OCS-469789 HIS_SETTLEMENT 3358005YT7JQCWYLTG43,500172375,Journal Import 2591641:,//SETTLEMENT,2,,,,,1200,0,Posted
13-09-2024,01.12102.000.0000.000.3706008.00000.000,eHIS,HIS_SETTLEMENT,NSK-OCS-469790 HIS_SETTLEMENT 3358005YT7JQCWYLTG43,500172518,Journal Import 2591641:,//SETTLEMENT,2,,,,,500,0,Posted
13-09-2024,01.12102.000.0000.000.3706008.00000.000,eHIS,HIS_SETTLEMENT,NSK-OCS-469791 HIS_SETTLEMENT 3358005YT7JQCWYLTG43,500172462,Journal Import 2591641:,//SETTLEMENT,2,,,,,800,0,Posted
13-09-2024,01.12102.000.0000.000.3706008.00000.000,eHIS,HIS_SETTLEMENT,NSK-OCS-469792 HIS_SETTLEMENT 3358005YT7JQCWYLTG43,500172262,Journal Import 2591641:,//SETTLEMENT,2,,,,,8350,0,Posted
13-09-2024,01.12102.000.0000.000.3706008.00000.000,eHIS,HIS_SETTLEMENT,NSK-OCS-469793 HIS_SETTLEMENT 3358005YT7JQCWYLTG43,500172519,Journal Import 2591641:,//SETTLEMENT,2,,,,,500,0,Posted
13-09-2024,01.12102.000.0000.000.3706008.00000.000,eHIS,HIS_SETTLEMENT,NSK-OCS-469794 HIS_SETTLEMENT 3358005YT7JQCWYLTG43,500172426,Journal Import 2591641:,//SETTLEMENT,2,,,,,2780,0,Posted
13-09-2024,01.12102.000.0000.000.3706008.00000.000,eHIS,HIS_SETTLEMENT,NSK-OCS-469795 HIS_SETTLEMENT 3358005YT7JQCWYLTG43,500172520,Journal Import 2591641:,//SETTLEMENT,2,,,,,500,0,Posted
13-09-2024,01.12102.000.0000.000.3706008.00000.000,eHIS,HIS_SETTLEMENT,NSK-OCS-469796 HIS_SETTLEMENT 3358005YT7JQCWYLTG43,500172521,Journal Import 2591641:,//SETTLEMENT,2,,,,,500,0,Posted
13-09-2024,01.12102.000.0000.000.3706008.00000.000,eHIS,HIS_SETTLEMENT,NSK-OCS-469797 HIS_SETTLEMENT 3358005YT7JQCWYLTG43,500172438,Journal Import 2591641:,//SETTLEMENT,2,,,,,650,0,Posted
13-09-2024,01.12102.000.0000.000.3706008.00000.000,eHIS,HIS_SETTLEMENT,NSK-OCS-469798 HIS_SETTLEMENT 3358005YT7JQCWYLTG43,500172463,Journal Import 2591641:,//SETTLEMENT,2,,,,,800,0,Posted
13-09-2024,01.12102.000.0000.000.3706008.00000.000,eHIS,HIS_SETTLEMENT,NSK-OCS-469799 HIS_SETTLEMENT 3358005YT7JQCWYLTG43,500172522,Journal Import 2591641:,//SETTLEMENT,2,,,,,500,0,Posted
13-09-2024,01.12102.000.0000.000.3706008.00000.000,eHIS,HIS_SETTLEMENT,NSK-OCS-469800 HIS_SETTLEMENT 3358005YT7JQCWYLTG43,500172243,Journal Import 2591641:,//SETTLEMENT,2,,,,,6680,0,Posted
13-09-2024,01.12102.000.0000.000.3706008.00000.000,eHIS,HIS_SETTLEMENT,NSK-OCS-469802 HIS_SETTLEMENT 3358005YT7JQCWYLTG43,500172523,Journal Import 2591641:,//SETTLEMENT,2,,,,,500,0,Posted
13-09-2024,01.12102.000.0000.000.3706008.00000.000,eHIS,HIS_SETTLEMENT,NSK-OCS-469803 HIS_SETTLEMENT 3358005YT7JQCWYLTG43,500172464,Journal Import 2591641:,//SETTLEMENT,2,,,,,800,0,Posted
13-09-2024,01.12102.000.0000.000.3706008.00000.000,eHIS,HIS_SETTLEMENT,NSK-OCS-469804 HIS_SETTLEMENT 3358005YT7JQCWYLTG43,500172524,Journal Import 2591641:,//SETTLEMENT,2,,,,,500,0,Posted
13-09-2024,01.12102.000.0000.000.3706008.00000.000,eHIS,HIS_SETTLEMENT,NSK-OCS-469805 HIS_SETTLEMENT 3358005YT7JQCWYLTG43,500172420,Journal Import 2591641:,//SETTLEMENT,2,,,,,900,0,Posted
13-09-2024,01.12102.000.0000.000.3706008.00000.000,eHIS,HIS_SETTLEMENT,NSK-OCS-469806 HIS_SETTLEMENT 3358005YT7JQCWYLTG43,500172356,Journal Import 2591641:,//SETTLEMENT,2,,,,,299,0,Posted
13-09-2024,01.12102.000.0000.000.3706008.00000.000,eHIS,HIS_SETTLEMENT,NSK-OCS-469807 HIS_SETTLEMENT 3358005YT7JQCWYLTG43,500172242,Journal Import 2591641:,//SETTLEMENT,2,,,,,6550,0,Posted
13-09-2024,01.12102.000.0000.000.3706008.00000.000,eHIS,HIS_SETTLEMENT,NSK-OCS-469808 HIS_SETTLEMENT 3358005YT7JQCWYLTG43,500172421,Journal Import 2591641:,//SETTLEMENT,2,,,,,900,0,Posted
13-09-2024,01.12102.000.0000.000.3706008.00000.000,eHIS,HIS_SETTLEMENT,NSK-OCS-469809 HIS_SETTLEMENT 3358005YT7JQCWYLTG43,500172456,Journal Import 2591641:,//SETTLEMENT,2,,,,,1000,0,Posted
13-09-2024,01.12102.000.0000.000.3706008.00000.000,eHIS,HIS_SETTLEMENT,NSK-OCS-469810 HIS_SETTLEMENT 3358005YT7JQCWYLTG43,500172352,Journal Import 2591641:,//SETTLEMENT,2,,,,,250,0,Posted
13-09-2024,01.12102.000.0000.000.3706008.00000.000,eHIS,HIS_SETTLEMENT,NSK-OCS-469811 HIS_SETTLEMENT 3358005YT7JQCWYLTG43,500172341,Journal Import 2591641:,//SETTLEMENT,2,,,,,1000,0,Posted
13-09-2024,01.12102.000.0000.000.3706008.00000.000,eHIS,HIS_SETTLEMENT,NSK-OCS-469812 HIS_SETTLEMENT 3358005YT7JQCWYLTG43,500172368,Journal Import 2591641:,//SETTLEMENT,2,,,,,350,0,Posted
13-09-2024,01.12102.000.0000.000.3706008.00000.000,eHIS,HIS_SETTLEMENT,NSK-OCS-469813 HIS_SETTLEMENT 3358005YT7JQCWYLTG43,500172342,Journal Import 2591641:,//SETTLEMENT,2,,,,,1000,0,Posted
13-09-2024,01.12102.000.0000.000.3706008.00000.000,eHIS,HIS_SETTLEMENT,NSK-OCS-469814 HIS_SETTLEMENT 3358005YT7JQCWYLTG43,500172413,Journal Import 2591641:,//SETTLEMENT,3,,,,,50,0,Posted
13-09-2024,01.12102.000.0000.000.3706008.00000.000,eHIS,HIS_SETTLEMENT,NSK-OCS-469814 HIS_SETTLEMENT 3358005YT7JQCWYLTG43,500172413,Journal Import 2591641:,//SETTLEMENT,4,,,,,1600,0,Posted
13-09-2024,01.12102.000.0000.000.3706008.00000.000,eHIS,HIS_SETTLEMENT,NSK-OCS-469815 HIS_SETTLEMENT 3358005YT7JQCWYLTG43,500172384,Journal Import 2591641:,//SETTLEMENT,2,,,,,1300,0,Posted
13-09-2024,01.12102.000.0000.000.3706008.00000.000,eHIS,HIS_SETTLEMENT,NSK-OCS-469816 HIS_SETTLEMENT 3358005YT7JQCWYLTG43,500172525,Journal Import 2591641:,//SETTLEMENT,2,,,,,500,0,Posted
13-09-2024,01.12102.000.0000.000.3706008.00000.000,eHIS,HIS_SETTLEMENT,NSK-OCS-469817 HIS_SETTLEMENT 3358005YT7JQCWYLTG43,500172337,Journal Import 2591641:,//SETTLEMENT,2,,,,,800,0,Posted
13-09-2024,01.12102.000.0000.000.3706008.00000.000,eHIS,HIS_SETTLEMENT,NSK-OCS-469818 HIS_SETTLEMENT 3358005YT7JQCWYLTG43,500172357,Journal Import 2591641:,//SETTLEMENT,2,,,,,299,0,Posted
13-09-2024,01.12102.000.0000.000.3706008.00000.000,eHIS,HIS_SETTLEMENT,NSK-OCS-469819 HIS_SETTLEMENT 3358005YT7JQCWYLTG43,500172338,Journal Import 2591641:,//SETTLEMENT,2,,,,,800,0,Posted
13-09-2024,01.12102.000.0000.000.3706008.00000.000,eHIS,HIS_SETTLEMENT,NSK-OCS-469820 HIS_SETTLEMENT 3358005YT7JQCWYLTG43,500172353,Journal Import 2591641:,//SETTLEMENT,2,,,,,250,0,Posted
13-09-2024,01.12102.000.0000.000.3706008.00000.000,eHIS,HIS_SETTLEMENT,NSK-OCS-469821 HIS_SETTLEMENT 3358005YT7JQCWYLTG43,500172343,Journal Import 2591641:,//SETTLEMENT,2,,,,,1000,0,Posted
13-09-2024,01.12102.000.0000.000.3706008.00000.000,eHIS,HIS_SETTLEMENT,NSK-OCS-469822 HIS_SETTLEMENT 3358005YT7JQCWYLTG43,500172362,Journal Import 2591641:,//SETTLEMENT,2,,,,,1100,0,Posted
13-09-2024,01.12102.000.0000.000.3706008.00000.000,eHIS,HIS_SETTLEMENT,NSK-OCS-469823 HIS_SETTLEMENT 3358005YT7JQCWYLTG43,500172376,Journal Import 2591641:,//SETTLEMENT,2,,,,,1200,0,Posted
13-09-2024,01.12102.000.0000.000.3706008.00000.000,eHIS,HIS_SETTLEMENT,NSK-OCS-469824 HIS_SETTLEMENT 3358005YT7JQCWYLTG43,500172526,Journal Import 2591641:,//SETTLEMENT,2,,,,,500,0,Posted
13-09-2024,01.12102.000.0000.000.3706008.00000.000,eHIS,HIS_SETTLEMENT,NSK-OCS-469825 HIS_SETTLEMENT 3358005YT7JQCWYLTG43,500172527,Journal Import 2591641:,//SETTLEMENT,2,,,,,500,0,Posted
13-09-2024,01.12102.000.0000.000.3706008.00000.000,eHIS,HIS_SETTLEMENT,NSK-OCS-469826 HIS_SETTLEMENT 3358005YT7JQCWYLTG43,500172344,Journal Import 2591641:,//SETTLEMENT,2,,,,,1000,0,Posted
13-09-2024,01.12102.000.0000.000.3706008.00000.000,eHIS,HIS_SETTLEMENT,NSK-OCS-469827 HIS_SETTLEMENT 3358005YT7JQCWYLTG43,500172339,Journal Import 2591641:,//SETTLEMENT,2,,,,,800,0,Posted
13-09-2024,01.12102.000.0000.000.3706008.00000.000,eHIS,HIS_SETTLEMENT,NSK-OCS-469828 HIS_SETTLEMENT 3358005YT7JQCWYLTG43,500172340,Journal Import 2591641:,//SETTLEMENT,2,,,,,800,0,Posted
13-09-2024,01.12102.000.0000.000.3706008.00000.000,eHIS,HIS_SETTLEMENT,NSK-OCS-469829 HIS_SETTLEMENT 3358005YT7JQCWYLTG43,500172354,Journal Import 2591641:,//SETTLEMENT,2,,,,,250,0,Posted
13-09-2024,01.12102.000.0000.000.3706008.00000.000,eHIS,HIS_SETTLEMENT,NSK-OCS-469830 HIS_SETTLEMENT 3358005YT7JQCWYLTG43,500172377,Journal Import 2591641:,//SETTLEMENT,2,,,,,1200,0,Posted
13-09-2024,01.12102.000.0000.000.3706008.00000.000,eHIS,HIS_SETTLEMENT,NSK-OCS-469831 HIS_SETTLEMENT 3358005YT7JQCWYLTG43,500172422,Journal Import 2591641:,//SETTLEMENT,2,,,,,900,0,Posted
13-09-2024,01.12102.000.0000.000.3706008.00000.000,eHIS,HIS_SETTLEMENT,NSK-OCS-469832 HIS_SETTLEMENT 3358005YT7JQCWYLTG43,500172466,Journal Import 2591641:,//SETTLEMENT,2,,,,,200,0,Posted
13-09-2024,01.12102.000.0000.000.3706008.00000.000,eHIS,HIS_SETTLEMENT,NSK-OCS-469833 HIS_SETTLEMENT 3358005YT7JQCWYLTG43,500172381,Journal Import 2591641:,//SETTLEMENT,2,,,,,1240,0,Posted
13-09-2024,01.12102.000.0000.000.3706008.00000.000,eHIS,HIS_SETTLEMENT,NSK-OCS-469834 HIS_SETTLEMENT 3358005YT7JQCWYLTG43,500172511,Journal Import 2591641:,//SETTLEMENT,2,,,,,850,0,Posted
13-09-2024,01.12102.000.0000.000.3706008.00000.000,eHIS,HIS_SETTLEMENT,NSK-OCS-469835 HIS_SETTLEMENT 3358005YT7JQCWYLTG43,500172371,Journal Import 2591641:,//SETTLEMENT,2,,,,,399,0,Posted
13-09-2024,01.12102.000.0000.000.3706008.00000.000,eHIS,HIS_SETTLEMENT,NSK-OCS-469836 HIS_SETTLEMENT 3358005YT7JQCWYLTG43,500172331,Journal Import 2591641:,//SETTLEMENT,2,,,,,5750,0,Posted
13-09-2024,01.12102.000.0000.000.3706008.00000.000,eHIS,HIS_SETTLEMENT,NSK-OCS-469837 HIS_SETTLEMENT 3358005YT7JQCWYLTG43,500172442,Journal Import 2591641:,//SETTLEMENT,2,,,,,700,0,Posted
13-09-2024,01.12102.000.0000.000.3706008.00000.000,eHIS,HIS_SETTLEMENT,NSK-OCS-469838 HIS_SETTLEMENT 3358005YT7JQCWYLTG43,500172410,Journal Import 2591641:,//SETTLEMENT,2,,,,,1850,0,Posted
13-09-2024,01.12102.000.0000.000.3706008.00000.000,eHIS,HIS_SETTLEMENT,NSK-OCS-469839 HIS_SETTLEMENT 3358005YT7JQCWYLTG43,500172528,Journal Import 2591641:,//SETTLEMENT,2,,,,,500,0,Posted
13-09-2024,01.12102.000.0000.000.3706008.00000.000,eHIS,HIS_SETTLEMENT,NSK-OCS-469840 HIS_SETTLEMENT 3358005YT7JQCWYLTG43,500172435,Journal Import 2591641:,//SETTLEMENT,2,,,,,100,0,Posted
13-09-2024,01.12102.000.0000.000.3706008.00000.000,eHIS,HIS_SETTLEMENT,NSK-OCS-469841 HIS_SETTLEMENT 3358005YT7JQCWYLTG43,500172369,Journal Import 2591641:,//SETTLEMENT,2,,,,,350,0,Posted
13-09-2024,01.12102.000.0000.000.3706008.00000.000,eHIS,HIS_SETTLEMENT,NSK-OCS-469842 HIS_SETTLEMENT 3358005YT7JQCWYLTG43,500172428,Journal Import 2591641:,//SETTLEMENT,2,,,,,610,0,Posted
13-09-2024,01.12102.000.0000.000.3706008.00000.000,eHIS,HIS_SETTLEMENT,NSK-OCS-469843 HIS_SETTLEMENT 3358005YT7JQCWYLTG43,500172440,Journal Import 2591641:,//SETTLEMENT,2,,,,,3500,0,Posted
13-09-2024,01.12102.000.0000.000.3706008.00000.000,eHIS,HIS_SETTLEMENT,NSK-OCS-469844 HIS_SETTLEMENT 3358005YT7JQCWYLTG43,500172401,Journal Import 2591641:,//SETTLEMENT,2,,,,,500,0,Posted
13-09-2024,01.12102.000.0000.000.3706008.00000.000,eHIS,HIS_SETTLEMENT,NSK-OCS-469845 HIS_SETTLEMENT 3358005YT7JQCWYLTG43,500172458,Journal Import 2591641:,//SETTLEMENT,2,,,,,750,0,Posted
13-09-2024,01.12102.000.0000.000.3706008.00000.000,eHIS,HIS_SETTLEMENT,NSK-OCS-469846 HIS_SETTLEMENT 3358005YT7JQCWYLTG43,500172457,Journal Import 2591641:,//SETTLEMENT,2,,,,,2300,0,Posted
13-09-2024,01.12102.000.0000.000.3706008.00000.000,eHIS,HIS_SETTLEMENT,NSK-OCS-469847 HIS_SETTLEMENT 3358005YT7JQCWYLTG43,500172402,Journal Import 2591641:,//SETTLEMENT,2,,,,,500,0,Posted
13-09-2024,01.12102.000.0000.000.3706008.00000.000,eHIS,HIS_SETTLEMENT,NSK-OCS-469848 HIS_SETTLEMENT 3358005YT7JQCWYLTG43,500172378,Journal Import 2591641:,//SETTLEMENT,2,,,,,1200,0,Posted
13-09-2024,01.12102.000.0000.000.3706008.00000.000,eHIS,HIS_SETTLEMENT,NSK-OCS-469849 HIS_SETTLEMENT 3358005YT7JQCWYLTG43,500172370,Journal Import 2591641:,//SETTLEMENT,2,,,,,350,0,Posted
13-09-2024,01.12102.000.0000.000.3706008.00000.000,eHIS,HIS_SETTLEMENT,NSK-OCS-469850 HIS_SETTLEMENT 3358005YT7JQCWYLTG43,500172403,Journal Import 2591641:,//SETTLEMENT,2,,,,,500,0,Posted
13-09-2024,01.12102.000.0000.000.3706008.00000.000,eHIS,HIS_SETTLEMENT,NSK-OCS-469851 HIS_SETTLEMENT 3358005YT7JQCWYLTG43,500172411,Journal Import 2591641:,//SETTLEMENT,2,,,,,1850,0,Posted
13-09-2024,01.12102.000.0000.000.3706008.00000.000,eHIS,HIS_SETTLEMENT,NSK-OCS-469852 HIS_SETTLEMENT 3358005YT7JQCWYLTG43,500172372,Journal Import 2591641:,//SETTLEMENT,2,,,,,400,0,Posted
13-09-2024,01.12102.000.0000.000.3706008.00000.000,eHIS,HIS_SETTLEMENT,NSK-OCS-469853 HIS_SETTLEMENT 3358005YT7JQCWYLTG43,500172345,Journal Import 2591641:,//SETTLEMENT,2,,,,,1000,0,Posted
13-09-2024,01.12102.000.0000.000.3706008.00000.000,eHIS,HIS_SETTLEMENT,NSK-OCS-469854 HIS_SETTLEMENT 3358005YT7JQCWYLTG43,500172379,Journal Import 2591641:,//SETTLEMENT,2,,,,,1200,0,Posted
13-09-2024,01.12102.000.0000.000.3706008.00000.000,eHIS,HIS_SETTLEMENT,NSK-OCS-469855 HIS_SETTLEMENT 3358005YT7JQCWYLTG43,500172414,Journal Import 2591641:,//SETTLEMENT,3,,,,,500,0,Posted
13-09-2024,01.12102.000.0000.000.3706008.00000.000,eHIS,HIS_SETTLEMENT,NSK-OCS-469855 HIS_SETTLEMENT 3358005YT7JQCWYLTG43,500172414,Journal Import 2591641:,//SETTLEMENT,4,,,,,2700,0,Posted
13-09-2024,01.12102.000.0000.000.3706008.00000.000,eHIS,HIS_SETTLEMENT,NSK-OCS-469856 HIS_SETTLEMENT 3358005YT7JQCWYLTG43,500172364,Journal Import 2591641:,//SETTLEMENT,2,,,,,300,0,Posted
13-09-2024,01.12102.000.0000.000.3706008.00000.000,eHIS,HIS_SETTLEMENT,NSK-OCS-469857 HIS_SETTLEMENT 3358005YT7JQCWYLTG43,500172415,Journal Import 2591641:,//SETTLEMENT,2,,,,,500,0,Posted
13-09-2024,01.12102.000.0000.000.3706008.00000.000,eHIS,HIS_SETTLEMENT,NSK-OCS-469858 HIS_SETTLEMENT 3358005YT7JQCWYLTG43,500172459,Journal Import 2591641:,//SETTLEMENT,2,,,,,750,0,Posted
13-09-2024,01.12102.000.0000.000.3706008.00000.000,eHIS,HIS_SETTLEMENT,NSK-OCS-469859 HIS_SETTLEMENT 3358005YT7JQCWYLTG43,500172412,Journal Import 2591641:,//SETTLEMENT,2,,,,,1850,0,Posted
13-09-2024,01.12102.000.0000.000.3706008.00000.000,eHIS,HIS_SETTLEMENT,NSK-OCS-469860 HIS_SETTLEMENT 3358005YT7JQCWYLTG43,500172460,Journal Import 2591641:,//SETTLEMENT,2,,,,,750,0,Posted
13-09-2024,01.12102.000.0000.000.3706008.00000.000,eHIS,HIS_SETTLEMENT,NSK-OCS-469861 HIS_SETTLEMENT 3358005YT7JQCWYLTG43,500172423,Journal Import 2591641:,//SETTLEMENT,2,,,,,900,0,Posted
13-09-2024,01.12102.000.0000.000.3706008.00000.000,eHIS,HIS_SETTLEMENT,NSK-OCS-469862 HIS_SETTLEMENT 3358005YT7JQCWYLTG43,500172436,Journal Import 2591641:,//SETTLEMENT,2,,,,,100,0,Posted
13-09-2024,01.12102.000.0000.000.3706008.00000.000,eHIS,HIS_SETTLEMENT,NSK-OCS-469863 HIS_SETTLEMENT 3358005YT7JQCWYLTG43,500172461,Journal Import 2591641:,//SETTLEMENT,2,,,,,750,0,Posted
13-09-2024,01.12102.000.0000.000.3706008.00000.000,eHIS,HIS_SETTLEMENT,NSK-OCS-469864 HIS_SETTLEMENT 3358005YT7JQCWYLTG43,500172380,Journal Import 2591641:,//SETTLEMENT,2,,,,,1200,0,Posted
14-09-2024,01.12102.000.0000.000.3706008.00000.000,eHIS,HIS_SETTLEMENT,NSK-OCS-469865 HIS_SETTLEMENT 3358005YT7JQCWYLTG43,500172980,Journal Import 2591641:,//SETTLEMENT,2,,,,,450,0,Posted
14-09-2024,01.12102.000.0000.000.3706008.00000.000,eHIS,HIS_SETTLEMENT,NSK-OCS-469866 HIS_SETTLEMENT 3358005YT7JQCWYLTG43,500173124,Journal Import 2591641:,//SETTLEMENT,3,,,,,10,0,Posted
14-09-2024,01.12102.000.0000.000.3706008.00000.000,eHIS,HIS_SETTLEMENT,NSK-OCS-469866 HIS_SETTLEMENT 3358005YT7JQCWYLTG43,500173124,Journal Import 2591641:,//SETTLEMENT,4,,,,,500,0,Posted
14-09-2024,01.12102.000.0000.000.3706008.00000.000,eHIS,HIS_SETTLEMENT,NSK-OCS-469867 HIS_SETTLEMENT 3358005YT7JQCWYLTG43,500173116,Journal Import 2591641:,//SETTLEMENT,2,,,,,1850,0,Posted
14-09-2024,01.12102.000.0000.000.3706008.00000.000,eHIS,HIS_SETTLEMENT,NSK-OCS-469868 HIS_SETTLEMENT 3358005YT7JQCWYLTG43,500173018,Journal Import 2591641:,//SETTLEMENT,2,,,,,550,0,Posted
14-09-2024,01.12102.000.0000.000.3706008.00000.000,eHIS,HIS_SETTLEMENT,NSK-OCS-469869 HIS_SETTLEMENT 3358005YT7JQCWYLTG43,500173117,Journal Import 2591641:,//SETTLEMENT,2,,,,,1850,0,Posted
14-09-2024,01.12102.000.0000.000.3706008.00000.000,eHIS,HIS_SETTLEMENT,NSK-OCS-469870 HIS_SETTLEMENT 3358005YT7JQCWYLTG43,500173118,Journal Import 2591641:,//SETTLEMENT,2,,,,,1850,0,Posted
14-09-2024,01.12102.000.0000.000.3706008.00000.000,eHIS,HIS_SETTLEMENT,NSK-OCS-469871 HIS_SETTLEMENT 3358005YT7JQCWYLTG43,500173040,Journal Import 2591641:,//SETTLEMENT,2,,,,,3500,0,Posted
14-09-2024,01.12102.000.0000.000.3706008.00000.000,eHIS,HIS_SETTLEMENT,NSK-OCS-469872 HIS_SETTLEMENT 3358005YT7JQCWYLTG43,500173036,Journal Import 2591641:,//SETTLEMENT,2,,,,,100,0,Posted
14-09-2024,01.12102.000.0000.000.3706008.00000.000,eHIS,HIS_SETTLEMENT,NSK-OCS-469873 HIS_SETTLEMENT 3358005YT7JQCWYLTG43,500173037,Journal Import 2591641:,//SETTLEMENT,2,,,,,100,0,Posted
14-09-2024,01.12102.000.0000.000.3706008.00000.000,eHIS,HIS_SETTLEMENT,NSK-OCS-469874 HIS_SETTLEMENT 3358005YT7JQCWYLTG43,500173075,Journal Import 2591641:,//SETTLEMENT,2,,,,,200,0,Posted
14-09-2024,01.12102.000.0000.000.3706008.00000.000,eHIS,HIS_SETTLEMENT,NSK-OCS-469875 HIS_SETTLEMENT 3358005YT7JQCWYLTG43,500172927,Journal Import 2591641:,//SETTLEMENT,2,,,,,4400,0,Posted
14-09-2024,01.12102.000.0000.000.3706008.00000.000,eHIS,HIS_SETTLEMENT,NSK-OCS-469876 HIS_SETTLEMENT 3358005YT7JQCWYLTG43,500173032,Journal Import 2591641:,//SETTLEMENT,3,,,,,955,0,Posted
14-09-2024,01.12102.000.0000.000.3706008.00000.000,eHIS,HIS_SETTLEMENT,NSK-OCS-469876 HIS_SETTLEMENT 3358005YT7JQCWYLTG43,500173032,Journal Import 2591641:,//SETTLEMENT,4,,,,,2000,0,Posted
15-09-2024,01.12102.000.0000.000.3706008.00000.000,eHIS,HIS_SETTLEMENT,NSK-OCS-469877 HIS_SETTLEMENT 3358005YT7JQCWYLTG43,500173181,Journal Import 2599930:,//SETTLEMENT,2,,,,,2350,0,Posted
15-09-2024,01.12102.000.0000.000.3706008.00000.000,eHIS,HIS_SETTLEMENT,NSK-OCS-469878 HIS_SETTLEMENT 3358005YT7JQCWYLTG43,500173182,Journal Import 2599930:,//SETTLEMENT,2,,,,,2600,0,Posted
14-09-2024,01.12102.000.0000.000.3706008.00000.000,eHIS,HIS_SETTLEMENT,NSK-OCS-469879 HIS_SETTLEMENT 3358005YT7JQCWYLTG43,500173019,Journal Import 2591641:,//SETTLEMENT,2,,,,,600,0,Posted
14-09-2024,01.12102.000.0000.000.3706008.00000.000,eHIS,HIS_SETTLEMENT,NSK-OCS-469880 HIS_SETTLEMENT 3358005YT7JQCWYLTG43,500172867,Journal Import 2591641:,//SETTLEMENT,2,,,,,6988,0,Posted
14-09-2024,01.12102.000.0000.000.3706008.00000.000,eHIS,HIS_SETTLEMENT,NSK-OCS-469881 HIS_SETTLEMENT 3358005YT7JQCWYLTG43,500173126,Journal Import 2591641:,//SETTLEMENT,2,,,,,500,0,Posted
15-09-2024,01.12102.000.0000.000.3706008.00000.000,eHIS,HIS_SETTLEMENT,NSK-OCS-469882 HIS_SETTLEMENT 3358005YT7JQCWYLTG43,500173178,Journal Import 2599930:,//SETTLEMENT,2,,,,,460,0,Posted
14-09-2024,01.12102.000.0000.000.3706008.00000.000,eHIS,HIS_SETTLEMENT,NSK-OCS-469883 HIS_SETTLEMENT 3358005YT7JQCWYLTG43,500173041,Journal Import 2591641:,//SETTLEMENT,2,,,,,3500,0,Posted
14-09-2024,01.12102.000.0000.000.3706008.00000.000,eHIS,HIS_SETTLEMENT,NSK-OCS-469884 HIS_SETTLEMENT 3358005YT7JQCWYLTG43,500172993,Journal Import 2591641:,//SETTLEMENT,2,,,,,1480,0,Posted
14-09-2024,01.12102.000.0000.000.3706008.00000.000,eHIS,HIS_SETTLEMENT,NSK-OCS-469885 HIS_SETTLEMENT 3358005YT7JQCWYLTG43,500173127,Journal Import 2591641:,//SETTLEMENT,2,,,,,500,0,Posted
14-09-2024,01.12102.000.0000.000.3706008.00000.000,eHIS,HIS_SETTLEMENT,NSK-OCS-469886 HIS_SETTLEMENT 3358005YT7JQCWYLTG43,500173038,Journal Import 2591641:,//SETTLEMENT,2,,,,,100,0,Posted
14-09-2024,01.12102.000.0000.000.3706008.00000.000,eHIS,HIS_SETTLEMENT,NSK-OCS-469887 HIS_SETTLEMENT 3358005YT7JQCWYLTG43,500172951,Journal Import 2591641:,//SETTLEMENT,2,,,,,1000,0,Posted
14-09-2024,01.12102.000.0000.000.3706008.00000.000,eHIS,HIS_SETTLEMENT,NSK-OCS-469888 HIS_SETTLEMENT 3358005YT7JQCWYLTG43,500173014,Journal Import 2591641:,//SETTLEMENT,2,,,,,900,0,Posted
14-09-2024,01.12102.000.0000.000.3706008.00000.000,eHIS,HIS_SETTLEMENT,NSK-OCS-469889 HIS_SETTLEMENT 3358005YT7JQCWYLTG43,500173128,Journal Import 2591641:,//SETTLEMENT,2,,,,,500,0,Posted
14-09-2024,01.12102.000.0000.000.3706008.00000.000,eHIS,HIS_SETTLEMENT,NSK-OCS-469890 HIS_SETTLEMENT 3358005YT7JQCWYLTG43,500173015,Journal Import 2591641:,//SETTLEMENT,2,,,,,900,0,Posted
15-09-2024,01.12102.000.0000.000.3706008.00000.000,eHIS,HIS_SETTLEMENT,NSK-OCS-469891 HIS_SETTLEMENT 3358005YT7JQCWYLTG43,500173179,Journal Import 2599930:,//SETTLEMENT,2,,,,,720,0,Posted
14-09-2024,01.12102.000.0000.000.3706008.00000.000,eHIS,HIS_SETTLEMENT,NSK-OCS-469892 HIS_SETTLEMENT 3358005YT7JQCWYLTG43,500173129,Journal Import 2591641:,//SETTLEMENT,2,,,,,500,0,Posted
14-09-2024,01.12102.000.0000.000.3706008.00000.000,eHIS,HIS_SETTLEMENT,NSK-OCS-469893 HIS_SETTLEMENT 3358005YT7JQCWYLTG43,500172970,Journal Import 2591641:,//SETTLEMENT,2,,,,,257,0,Posted
14-09-2024,01.12102.000.0000.000.3706008.00000.000,eHIS,HIS_SETTLEMENT,NSK-OCS-469894 HIS_SETTLEMENT 3358005YT7JQCWYLTG43,500173125,Journal Import 2591641:,//SETTLEMENT,2,,,,,74,0,Posted
14-09-2024,01.12102.000.0000.000.3706008.00000.000,eHIS,HIS_SETTLEMENT,NSK-OCS-469895 HIS_SETTLEMENT 3358005YT7JQCWYLTG43,500173066,Journal Import 2591641:,//SETTLEMENT,2,,,,,800,0,Posted
14-09-2024,01.12102.000.0000.000.3706008.00000.000,eHIS,HIS_SETTLEMENT,NSK-OCS-469896 HIS_SETTLEMENT 3358005YT7JQCWYLTG43,500172952,Journal Import 2591641:,//SETTLEMENT,2,,,,,1000,0,Posted
14-09-2024,01.12102.000.0000.000.3706008.00000.000,eHIS,HIS_SETTLEMENT,NSK-OCS-469897 HIS_SETTLEMENT 3358005YT7JQCWYLTG43,500172962,Journal Import 2591641:,//SETTLEMENT,2,,,,,250,0,Posted
14-09-2024,01.12102.000.0000.000.3706008.00000.000,eHIS,HIS_SETTLEMENT,NSK-OCS-469898 HIS_SETTLEMENT 3358005YT7JQCWYLTG43,500173016,Journal Import 2591641:,//SETTLEMENT,2,,,,,900,0,Posted
15-09-2024,01.12102.000.0000.000.3706008.00000.000,eHIS,HIS_SETTLEMENT,NSK-OCS-469899 HIS_SETTLEMENT 3358005YT7JQCWYLTG43,500173177,Journal Import 2599930:,//SETTLEMENT,2,,,,,450,0,Posted
14-09-2024,01.12102.000.0000.000.3706008.00000.000,eHIS,HIS_SETTLEMENT,NSK-OCS-469900 HIS_SETTLEMENT 3358005YT7JQCWYLTG43,500173023,Journal Import 2591641:,//SETTLEMENT,2,,,,,900,0,Posted
14-09-2024,01.12102.000.0000.000.3706008.00000.000,eHIS,HIS_SETTLEMENT,NSK-OCS-469901 HIS_SETTLEMENT 3358005YT7JQCWYLTG43,500173067,Journal Import 2591641:,//SETTLEMENT,2,,,,,800,0,Posted
14-09-2024,01.12102.000.0000.000.3706008.00000.000,eHIS,HIS_SETTLEMENT,NSK-OCS-469902 HIS_SETTLEMENT 3358005YT7JQCWYLTG43,500172953,Journal Import 2591641:,//SETTLEMENT,2,,,,,1000,0,Posted
14-09-2024,01.12102.000.0000.000.3706008.00000.000,eHIS,HIS_SETTLEMENT,NSK-OCS-469903 HIS_SETTLEMENT 3358005YT7JQCWYLTG43,500173130,Journal Import 2591641:,//SETTLEMENT,2,,,,,500,0,Posted
14-09-2024,01.12102.000.0000.000.3706008.00000.000,eHIS,HIS_SETTLEMENT,NSK-OCS-469904 HIS_SETTLEMENT 3358005YT7JQCWYLTG43,500173024,Journal Import 2591641:,//SETTLEMENT,2,,,,,900,0,Posted
15-09-2024,01.12102.000.0000.000.3706008.00000.000,eHIS,HIS_SETTLEMENT,NSK-OCS-469905 HIS_SETTLEMENT 3358005YT7JQCWYLTG43,500173180,Journal Import 2599930:,//SETTLEMENT,2,,,,,800,0,Posted
14-09-2024,01.12102.000.0000.000.3706008.00000.000,eHIS,HIS_SETTLEMENT,NSK-OCS-469906 HIS_SETTLEMENT 3358005YT7JQCWYLTG43,500173045,Journal Import 2591641:,//SETTLEMENT,2,,,,,100,0,Posted
14-09-2024,01.12102.000.0000.000.3706008.00000.000,eHIS,HIS_SETTLEMENT,NSK-OCS-469907 HIS_SETTLEMENT 3358005YT7JQCWYLTG43,500172986,Journal Import 2591641:,//SETTLEMENT,2,,,,,1300,0,Posted
14-09-2024,01.12102.000.0000.000.3706008.00000.000,eHIS,HIS_SETTLEMENT,NSK-OCS-469908 HIS_SETTLEMENT 3358005YT7JQCWYLTG43,500173042,Journal Import 2591641:,//SETTLEMENT,2,,,,,3500,0,Posted
14-09-2024,01.12102.000.0000.000.3706008.00000.000,eHIS,HIS_SETTLEMENT,NSK-OCS-469909 HIS_SETTLEMENT 3358005YT7JQCWYLTG43,500172982,Journal Import 2591641:,//SETTLEMENT,2,,,,,1200,0,Posted
14-09-2024,01.12102.000.0000.000.3706008.00000.000,eHIS,HIS_SETTLEMENT,NSK-OCS-469910 HIS_SETTLEMENT 3358005YT7JQCWYLTG43,500172977,Journal Import 2591641:,//SETTLEMENT,2,,,,,1178,0,Posted
14-09-2024,01.12102.000.0000.000.3706008.00000.000,eHIS,HIS_SETTLEMENT,NSK-OCS-469911 HIS_SETTLEMENT 3358005YT7JQCWYLTG43,500172779,Journal Import 2591641:,//SETTLEMENT,2,,,,,14490,0,Posted
14-09-2024,01.12102.000.0000.000.3706008.00000.000,eHIS,HIS_SETTLEMENT,NSK-OCS-469912 HIS_SETTLEMENT 3358005YT7JQCWYLTG43,500173068,Journal Import 2591641:,//SETTLEMENT,2,,,,,800,0,Posted
14-09-2024,01.12102.000.0000.000.3706008.00000.000,eHIS,HIS_SETTLEMENT,NSK-OCS-469913 HIS_SETTLEMENT 3358005YT7JQCWYLTG43,500173069,Journal Import 2591641:,//SETTLEMENT,2,,,,,800,0,Posted
14-09-2024,01.12102.000.0000.000.3706008.00000.000,eHIS,HIS_SETTLEMENT,NSK-OCS-469914 HIS_SETTLEMENT 3358005YT7JQCWYLTG43,500173034,Journal Import 2591641:,//SETTLEMENT,2,,,,,999,0,Posted
14-09-2024,01.12102.000.0000.000.3706008.00000.000,eHIS,HIS_SETTLEMENT,NSK-OCS-469915 HIS_SETTLEMENT 3358005YT7JQCWYLTG43,500173131,Journal Import 2591641:,//SETTLEMENT,2,,,,,500,0,Posted
14-09-2024,01.12102.000.0000.000.3706008.00000.000,eHIS,HIS_SETTLEMENT,NSK-OCS-469916 HIS_SETTLEMENT 3358005YT7JQCWYLTG43,500172971,Journal Import 2591641:,//SETTLEMENT,2,,,,,1100,0,Posted
14-09-2024,01.12102.000.0000.000.3706008.00000.000,eHIS,HIS_SETTLEMENT,NSK-OCS-469917 HIS_SETTLEMENT 3358005YT7JQCWYLTG43,500173119,Journal Import 2591641:,//SETTLEMENT,2,,,,,1850,0,Posted
14-09-2024,01.12102.000.0000.000.3706008.00000.000,eHIS,HIS_SETTLEMENT,NSK-OCS-469918 HIS_SETTLEMENT 3358005YT7JQCWYLTG43,500173017,Journal Import 2591641:,//SETTLEMENT,2,,,,,2650,0,Posted
14-09-2024,01.12102.000.0000.000.3706008.00000.000,eHIS,HIS_SETTLEMENT,NSK-OCS-469919 HIS_SETTLEMENT 3358005YT7JQCWYLTG43,500173055,Journal Import 2591641:,//SETTLEMENT,2,,,,,700,0,Posted
14-09-2024,01.12102.000.0000.000.3706008.00000.000,eHIS,HIS_SETTLEMENT,NSK-OCS-469920 HIS_SETTLEMENT 3358005YT7JQCWYLTG43,500173132,Journal Import 2591641:,//SETTLEMENT,2,,,,,500,0,Posted
14-09-2024,01.12102.000.0000.000.3706008.00000.000,eHIS,HIS_SETTLEMENT,NSK-OCS-469921 HIS_SETTLEMENT 3358005YT7JQCWYLTG43,500173070,Journal Import 2591641:,//SETTLEMENT,2,,,,,800,0,Posted
14-09-2024,01.12102.000.0000.000.3706008.00000.000,eHIS,HIS_SETTLEMENT,NSK-OCS-469922 HIS_SETTLEMENT 3358005YT7JQCWYLTG43,500173025,Journal Import 2591641:,//SETTLEMENT,2,,,,,900,0,Posted
14-09-2024,01.12102.000.0000.000.3706008.00000.000,eHIS,HIS_SETTLEMENT,NSK-OCS-469923 HIS_SETTLEMENT 3358005YT7JQCWYLTG43,500173133,Journal Import 2591641:,//SETTLEMENT,2,,,,,500,0,Posted
14-09-2024,01.12102.000.0000.000.3706008.00000.000,eHIS,HIS_SETTLEMENT,NSK-OCS-469924 HIS_SETTLEMENT 3358005YT7JQCWYLTG43,500173071,Journal Import 2591641:,//SETTLEMENT,2,,,,,800,0,Posted
14-09-2024,01.12102.000.0000.000.3706008.00000.000,eHIS,HIS_SETTLEMENT,NSK-OCS-469925 HIS_SETTLEMENT 3358005YT7JQCWYLTG43,500173072,Journal Import 2591641:,//SETTLEMENT,2,,,,,800,0,Posted
14-09-2024,01.12102.000.0000.000.3706008.00000.000,eHIS,HIS_SETTLEMENT,NSK-OCS-469926 HIS_SETTLEMENT 3358005YT7JQCWYLTG43,500172987,Journal Import 2591641:,//SETTLEMENT,2,,,,,1300,0,Posted
14-09-2024,01.12102.000.0000.000.3706008.00000.000,eHIS,HIS_SETTLEMENT,NSK-OCS-469927 HIS_SETTLEMENT 3358005YT7JQCWYLTG43,500173058,Journal Import 2591641:,//SETTLEMENT,2,,,,,2050,0,Posted
14-09-2024,01.12102.000.0000.000.3706008.00000.000,eHIS,HIS_SETTLEMENT,NSK-OCS-469928 HIS_SETTLEMENT 3358005YT7JQCWYLTG43,500173046,Journal Import 2591641:,//SETTLEMENT,2,,,,,100,0,Posted
14-09-2024,01.12102.000.0000.000.3706008.00000.000,eHIS,HIS_SETTLEMENT,NSK-OCS-469929 HIS_SETTLEMENT 3358005YT7JQCWYLTG43,500172963,Journal Import 2591641:,//SETTLEMENT,2,,,,,250,0,Posted
14-09-2024,01.12102.000.0000.000.3706008.00000.000,eHIS,HIS_SETTLEMENT,NSK-OCS-469930 HIS_SETTLEMENT 3358005YT7JQCWYLTG43,500172961,Journal Import 2591641:,//SETTLEMENT,2,,,,,2600,0,Posted
14-09-2024,01.12102.000.0000.000.3706008.00000.000,eHIS,HIS_SETTLEMENT,NSK-OCS-469931 HIS_SETTLEMENT 3358005YT7JQCWYLTG43,500173047,Journal Import 2591641:,//SETTLEMENT,2,,,,,100,0,Posted
14-09-2024,01.12102.000.0000.000.3706008.00000.000,eHIS,HIS_SETTLEMENT,NSK-OCS-469932 HIS_SETTLEMENT 3358005YT7JQCWYLTG43,500173031,Journal Import 2591641:,//SETTLEMENT,2,,,,,920,0,Posted
14-09-2024,01.12102.000.0000.000.3706008.00000.000,eHIS,HIS_SETTLEMENT,NSK-OCS-469933 HIS_SETTLEMENT 3358005YT7JQCWYLTG43,500172988,Journal Import 2591641:,//SETTLEMENT,2,,,,,1300,0,Posted
14-09-2024,01.12102.000.0000.000.3706008.00000.000,eHIS,HIS_SETTLEMENT,NSK-OCS-469934 HIS_SETTLEMENT 3358005YT7JQCWYLTG43,500173073,Journal Import 2591641:,//SETTLEMENT,2,,,,,800,0,Posted
14-09-2024,01.12102.000.0000.000.3706008.00000.000,eHIS,HIS_SETTLEMENT,NSK-OCS-469935 HIS_SETTLEMENT 3358005YT7JQCWYLTG43,500173074,Journal Import 2591641:,//SETTLEMENT,2,,,,,800,0,Posted
14-09-2024,01.12102.000.0000.000.3706008.00000.000,eHIS,HIS_SETTLEMENT,NSK-OCS-469936 HIS_SETTLEMENT 3358005YT7JQCWYLTG43,500172928,Journal Import 2591641:,//SETTLEMENT,2,,,,,4510,0,Posted
14-09-2024,01.12102.000.0000.000.3706008.00000.000,eHIS,HIS_SETTLEMENT,NSK-OCS-469937 HIS_SETTLEMENT 3358005YT7JQCWYLTG43,500172947,Journal Import 2591641:,//SETTLEMENT,2,,,,,800,0,Posted
14-09-2024,01.12102.000.0000.000.3706008.00000.000,eHIS,HIS_SETTLEMENT,NSK-OCS-469938 HIS_SETTLEMENT 3358005YT7JQCWYLTG43,500172948,Journal Import 2591641:,//SETTLEMENT,2,,,,,800,0,Posted
14-09-2024,01.12102.000.0000.000.3706008.00000.000,eHIS,HIS_SETTLEMENT,NSK-OCS-469939 HIS_SETTLEMENT 3358005YT7JQCWYLTG43,500172983,Journal Import 2591641:,//SETTLEMENT,2,,,,,1200,0,Posted
14-09-2024,01.12102.000.0000.000.3706008.00000.000,eHIS,HIS_SETTLEMENT,NSK-OCS-469940 HIS_SETTLEMENT 3358005YT7JQCWYLTG43,500173026,Journal Import 2591641:,//SETTLEMENT,2,,,,,900,0,Posted
14-09-2024,01.12102.000.0000.000.3706008.00000.000,eHIS,HIS_SETTLEMENT,NSK-OCS-469941 HIS_SETTLEMENT 3358005YT7JQCWYLTG43,500173044,Journal Import 2591641:,//SETTLEMENT,2,,,,,3550,0,Posted
14-09-2024,01.12102.000.0000.000.3706008.00000.000,eHIS,HIS_SETTLEMENT,NSK-OCS-469942 HIS_SETTLEMENT 3358005YT7JQCWYLTG43,500173027,Journal Import 2591641:,//SETTLEMENT,2,,,,,900,0,Posted
14-09-2024,01.12102.000.0000.000.3706008.00000.000,eHIS,HIS_SETTLEMENT,NSK-OCS-469943 HIS_SETTLEMENT 3358005YT7JQCWYLTG43,500172949,Journal Import 2591641:,//SETTLEMENT,2,,,,,800,0,Posted
14-09-2024,01.12102.000.0000.000.3706008.00000.000,eHIS,HIS_SETTLEMENT,NSK-OCS-469944 HIS_SETTLEMENT 3358005YT7JQCWYLTG43,500173028,Journal Import 2591641:,//SETTLEMENT,2,,,,,900,0,Posted
14-09-2024,01.12102.000.0000.000.3706008.00000.000,eHIS,HIS_SETTLEMENT,NSK-OCS-469945 HIS_SETTLEMENT 3358005YT7JQCWYLTG43,500173107,Journal Import 2591641:,//SETTLEMENT,2,,,,,800,0,Posted
14-09-2024,01.12102.000.0000.000.3706008.00000.000,eHIS,HIS_SETTLEMENT,NSK-OCS-469946 HIS_SETTLEMENT 3358005YT7JQCWYLTG43,500173020,Journal Import 2591641:,//SETTLEMENT,2,,,,,600,0,Posted
14-09-2024,01.12102.000.0000.000.3706008.00000.000,eHIS,HIS_SETTLEMENT,NSK-OCS-469947 HIS_SETTLEMENT 3358005YT7JQCWYLTG43,500172984,Journal Import 2591641:,//SETTLEMENT,2,,,,,1200,0,Posted
14-09-2024,01.12102.000.0000.000.3706008.00000.000,eHIS,HIS_SETTLEMENT,NSK-OCS-469948 HIS_SETTLEMENT 3358005YT7JQCWYLTG43,500173061,Journal Import 2591641:,//SETTLEMENT,2,,,,,750,0,Posted
14-09-2024,01.12102.000.0000.000.3706008.00000.000,eHIS,HIS_SETTLEMENT,NSK-OCS-469949 HIS_SETTLEMENT 3358005YT7JQCWYLTG43,500173120,Journal Import 2591641:,//SETTLEMENT,2,,,,,1850,0,Posted
14-09-2024,01.12102.000.0000.000.3706008.00000.000,eHIS,HIS_SETTLEMENT,NSK-OCS-469950 HIS_SETTLEMENT 3358005YT7JQCWYLTG43,500172761,Journal Import 2591641:,//SETTLEMENT,2,,,,,9000,0,Posted
14-09-2024,01.12102.000.0000.000.3706008.00000.000,eHIS,HIS_SETTLEMENT,NSK-OCS-469951 HIS_SETTLEMENT 3358005YT7JQCWYLTG43,500172868,Journal Import 2591641:,//SETTLEMENT,2,,,,,7230,0,Posted
14-09-2024,01.12102.000.0000.000.3706008.00000.000,eHIS,HIS_SETTLEMENT,NSK-OCS-469952 HIS_SETTLEMENT 3358005YT7JQCWYLTG43,500173108,Journal Import 2591641:,//SETTLEMENT,2,,,,,800,0,Posted
14-09-2024,01.12102.000.0000.000.3706008.00000.000,eHIS,HIS_SETTLEMENT,NSK-OCS-469953 HIS_SETTLEMENT 3358005YT7JQCWYLTG43,500172954,Journal Import 2591641:,//SETTLEMENT,2,,,,,1000,0,Posted
14-09-2024,01.12102.000.0000.000.3706008.00000.000,eHIS,HIS_SETTLEMENT,NSK-OCS-469954 HIS_SETTLEMENT 3358005YT7JQCWYLTG43,500173035,Journal Import 2591641:,//SETTLEMENT,2,,,,,999,0,Posted
14-09-2024,01.12102.000.0000.000.3706008.00000.000,eHIS,HIS_SETTLEMENT,NSK-OCS-469955 HIS_SETTLEMENT 3358005YT7JQCWYLTG43,500173076,Journal Import 2591641:,//SETTLEMENT,2,,,,,200,0,Posted
14-09-2024,01.12102.000.0000.000.3706008.00000.000,eHIS,HIS_SETTLEMENT,NSK-OCS-469956 HIS_SETTLEMENT 3358005YT7JQCWYLTG43,500173109,Journal Import 2591641:,//SETTLEMENT,2,,,,,800,0,Posted
14-09-2024,01.12102.000.0000.000.3706008.00000.000,eHIS,HIS_SETTLEMENT,NSK-OCS-469957 HIS_SETTLEMENT 3358005YT7JQCWYLTG43,500172979,Journal Import 2591641:,//SETTLEMENT,2,,,,,400,0,Posted
14-09-2024,01.12102.000.0000.000.3706008.00000.000,eHIS,HIS_SETTLEMENT,NSK-OCS-469958 HIS_SETTLEMENT 3358005YT7JQCWYLTG43,500172991,Journal Import 2591641:,//SETTLEMENT,2,,,,,1400,0,Posted
14-09-2024,01.12102.000.0000.000.3706008.00000.000,eHIS,HIS_SETTLEMENT,NSK-OCS-469959 HIS_SETTLEMENT 3358005YT7JQCWYLTG43,500172955,Journal Import 2591641:,//SETTLEMENT,2,,,,,1000,0,Posted
14-09-2024,01.12102.000.0000.000.3706008.00000.000,eHIS,HIS_SETTLEMENT,NSK-OCS-469960 HIS_SETTLEMENT 3358005YT7JQCWYLTG43,500173110,Journal Import 2591641:,//SETTLEMENT,2,,,,,800,0,Posted
14-09-2024,01.12102.000.0000.000.3706008.00000.000,eHIS,HIS_SETTLEMENT,NSK-OCS-469961 HIS_SETTLEMENT 3358005YT7JQCWYLTG43,500173053,Journal Import 2591641:,//SETTLEMENT,2,,,,,199,0,Posted
14-09-2024,01.12102.000.0000.000.3706008.00000.000,eHIS,HIS_SETTLEMENT,NSK-OCS-469962 HIS_SETTLEMENT 3358005YT7JQCWYLTG43,500173111,Journal Import 2591641:,//SETTLEMENT,2,,,,,800,0,Posted
14-09-2024,01.12102.000.0000.000.3706008.00000.000,eHIS,HIS_SETTLEMENT,NSK-OCS-469963 HIS_SETTLEMENT 3358005YT7JQCWYLTG43,500173134,Journal Import 2591641:,//SETTLEMENT,2,,,,,500,0,Posted
14-09-2024,01.12102.000.0000.000.3706008.00000.000,eHIS,HIS_SETTLEMENT,NSK-OCS-469964 HIS_SETTLEMENT 3358005YT7JQCWYLTG43,500173048,Journal Import 2591641:,//SETTLEMENT,2,,,,,100,0,Posted
14-09-2024,01.12102.000.0000.000.3706008.00000.000,eHIS,HIS_SETTLEMENT,NSK-OCS-469965 HIS_SETTLEMENT 3358005YT7JQCWYLTG43,500173121,Journal Import 2591641:,//SETTLEMENT,2,,,,,1850,0,Posted
14-09-2024,01.12102.000.0000.000.3706008.00000.000,eHIS,HIS_SETTLEMENT,NSK-OCS-469966 HIS_SETTLEMENT 3358005YT7JQCWYLTG43,500173135,Journal Import 2591641:,//SETTLEMENT,2,,,,,500,0,Posted
14-09-2024,01.12102.000.0000.000.3706008.00000.000,eHIS,HIS_SETTLEMENT,NSK-OCS-469967 HIS_SETTLEMENT 3358005YT7JQCWYLTG43,500173056,Journal Import 2591641:,//SETTLEMENT,2,,,,,700,0,Posted
14-09-2024,01.12102.000.0000.000.3706008.00000.000,eHIS,HIS_SETTLEMENT,NSK-OCS-469968 HIS_SETTLEMENT 3358005YT7JQCWYLTG43,500173021,Journal Import 2591641:,//SETTLEMENT,2,,,,,600,0,Posted
14-09-2024,01.12102.000.0000.000.3706008.00000.000,eHIS,HIS_SETTLEMENT,NSK-OCS-469969 HIS_SETTLEMENT 3358005YT7JQCWYLTG43,500172972,Journal Import 2591641:,//SETTLEMENT,2,,,,,1100,0,Posted
14-09-2024,01.12102.000.0000.000.3706008.00000.000,eHIS,HIS_SETTLEMENT,NSK-OCS-469970 HIS_SETTLEMENT 3358005YT7JQCWYLTG43,500173136,Journal Import 2591641:,//SETTLEMENT,2,,,,,500,0,Posted
14-09-2024,01.12102.000.0000.000.3706008.00000.000,eHIS,HIS_SETTLEMENT,NSK-OCS-469971 HIS_SETTLEMENT 3358005YT7JQCWYLTG43,500173137,Journal Import 2591641:,//SETTLEMENT,2,,,,,500,0,Posted
14-09-2024,01.12102.000.0000.000.3706008.00000.000,eHIS,HIS_SETTLEMENT,NSK-OCS-469972 HIS_SETTLEMENT 3358005YT7JQCWYLTG43,500173138,Journal Import 2591641:,//SETTLEMENT,2,,,,,500,0,Posted
14-09-2024,01.12102.000.0000.000.3706008.00000.000,eHIS,HIS_SETTLEMENT,NSK-OCS-469973 HIS_SETTLEMENT 3358005YT7JQCWYLTG43,500172997,Journal Import 2591641:,//SETTLEMENT,2,,,,,3750,0,Posted
14-09-2024,01.12102.000.0000.000.3706008.00000.000,eHIS,HIS_SETTLEMENT,NSK-OCS-469974 HIS_SETTLEMENT 3358005YT7JQCWYLTG43,500173011,Journal Import 2591641:,//SETTLEMENT,2,,,,,500,0,Posted
14-09-2024,01.12102.000.0000.000.3706008.00000.000,eHIS,HIS_SETTLEMENT,NSK-OCS-469975 HIS_SETTLEMENT 3358005YT7JQCWYLTG43,500172956,Journal Import 2591641:,//SETTLEMENT,2,,,,,1000,0,Posted
14-09-2024,01.12102.000.0000.000.3706008.00000.000,eHIS,HIS_SETTLEMENT,NSK-OCS-469976 HIS_SETTLEMENT 3358005YT7JQCWYLTG43,500173049,Journal Import 2591641:,//SETTLEMENT,2,,,,,100,0,Posted
14-09-2024,01.12102.000.0000.000.3706008.00000.000,eHIS,HIS_SETTLEMENT,NSK-OCS-469977 HIS_SETTLEMENT 3358005YT7JQCWYLTG43,500172981,Journal Import 2591641:,//SETTLEMENT,2,,,,,450,0,Posted
14-09-2024,01.12102.000.0000.000.3706008.00000.000,eHIS,HIS_SETTLEMENT,NSK-OCS-469978 HIS_SETTLEMENT 3358005YT7JQCWYLTG43,500173062,Journal Import 2591641:,//SETTLEMENT,2,,,,,750,0,Posted
14-09-2024,01.12102.000.0000.000.3706008.00000.000,eHIS,HIS_SETTLEMENT,NSK-OCS-469979 HIS_SETTLEMENT 3358005YT7JQCWYLTG43,500173112,Journal Import 2591641:,//SETTLEMENT,2,,,,,800,0,Posted
14-09-2024,01.12102.000.0000.000.3706008.00000.000,eHIS,HIS_SETTLEMENT,NSK-OCS-469980 HIS_SETTLEMENT 3358005YT7JQCWYLTG43,500172929,Journal Import 2591641:,//SETTLEMENT,2,,,,,4557,0,Posted
14-09-2024,01.12102.000.0000.000.3706008.00000.000,eHIS,HIS_SETTLEMENT,NSK-OCS-469981 HIS_SETTLEMENT 3358005YT7JQCWYLTG43,500173029,Journal Import 2591641:,//SETTLEMENT,2,,,,,900,0,Posted
14-09-2024,01.12102.000.0000.000.3706008.00000.000,eHIS,HIS_SETTLEMENT,NSK-OCS-469982 HIS_SETTLEMENT 3358005YT7JQCWYLTG43,500173113,Journal Import 2591641:,//SETTLEMENT,2,,,,,800,0,Posted
14-09-2024,01.12102.000.0000.000.3706008.00000.000,eHIS,HIS_SETTLEMENT,NSK-OCS-469983 HIS_SETTLEMENT 3358005YT7JQCWYLTG43,500173030,Journal Import 2591641:,//SETTLEMENT,2,,,,,900,0,Posted
14-09-2024,01.12102.000.0000.000.3706008.00000.000,eHIS,HIS_SETTLEMENT,NSK-OCS-469984 HIS_SETTLEMENT 3358005YT7JQCWYLTG43,500172973,Journal Import 2591641:,//SETTLEMENT,2,,,,,1100,0,Posted
14-09-2024,01.12102.000.0000.000.3706008.00000.000,eHIS,HIS_SETTLEMENT,NSK-OCS-469985 HIS_SETTLEMENT 3358005YT7JQCWYLTG43,500173012,Journal Import 2591641:,//SETTLEMENT,2,,,,,500,0,Posted
14-09-2024,01.12102.000.0000.000.3706008.00000.000,eHIS,HIS_SETTLEMENT,NSK-OCS-469986 HIS_SETTLEMENT 3358005YT7JQCWYLTG43,500172957,Journal Import 2591641:,//SETTLEMENT,2,,,,,1000,0,Posted
14-09-2024,01.12102.000.0000.000.3706008.00000.000,eHIS,HIS_SETTLEMENT,NSK-OCS-469987 HIS_SETTLEMENT 3358005YT7JQCWYLTG43,500173063,Journal Import 2591641:,//SETTLEMENT,2,,,,,750,0,Posted
14-09-2024,01.12102.000.0000.000.3706008.00000.000,eHIS,HIS_SETTLEMENT,NSK-OCS-469988 HIS_SETTLEMENT 3358005YT7JQCWYLTG43,500173050,Journal Import 2591641:,//SETTLEMENT,2,,,,,100,0,Posted
14-09-2024,01.12102.000.0000.000.3706008.00000.000,eHIS,HIS_SETTLEMENT,NSK-OCS-469989 HIS_SETTLEMENT 3358005YT7JQCWYLTG43,500172958,Journal Import 2591641:,//SETTLEMENT,2,,,,,1000,0,Posted
14-09-2024,01.12102.000.0000.000.3706008.00000.000,eHIS,HIS_SETTLEMENT,NSK-OCS-469990 HIS_SETTLEMENT 3358005YT7JQCWYLTG43,500172989,Journal Import 2591641:,//SETTLEMENT,2,,,,,1300,0,Posted
14-09-2024,01.12102.000.0000.000.3706008.00000.000,eHIS,HIS_SETTLEMENT,NSK-OCS-469991 HIS_SETTLEMENT 3358005YT7JQCWYLTG43,500173064,Journal Import 2591641:,//SETTLEMENT,2,,,,,750,0,Posted
14-09-2024,01.12102.000.0000.000.3706008.00000.000,eHIS,HIS_SETTLEMENT,NSK-OCS-469992 HIS_SETTLEMENT 3358005YT7JQCWYLTG43,500172959,Journal Import 2591641:,//SETTLEMENT,2,,,,,1000,0,Posted
14-09-2024,01.12102.000.0000.000.3706008.00000.000,eHIS,HIS_SETTLEMENT,NSK-OCS-469993 HIS_SETTLEMENT 3358005YT7JQCWYLTG43,500172760,Journal Import 2591641:,//SETTLEMENT,2,,,,,8650,0,Posted
14-09-2024,01.12102.000.0000.000.3706008.00000.000,eHIS,HIS_SETTLEMENT,NSK-OCS-469994 HIS_SETTLEMENT 3358005YT7JQCWYLTG43,500172978,Journal Import 2591641:,//SETTLEMENT,2,,,,,300,0,Posted
14-09-2024,01.12102.000.0000.000.3706008.00000.000,eHIS,HIS_SETTLEMENT,NSK-OCS-469995 HIS_SETTLEMENT 3358005YT7JQCWYLTG43,500172960,Journal Import 2591641:,//SETTLEMENT,2,,,,,1000,0,Posted
14-09-2024,01.12102.000.0000.000.3706008.00000.000,eHIS,HIS_SETTLEMENT,NSK-OCS-469996 HIS_SETTLEMENT 3358005YT7JQCWYLTG43,500172964,Journal Import 2591641:,//SETTLEMENT,2,,,,,250,0,Posted
14-09-2024,01.12102.000.0000.000.3706008.00000.000,eHIS,HIS_SETTLEMENT,NSK-OCS-469997 HIS_SETTLEMENT 3358005YT7JQCWYLTG43,500173022,Journal Import 2591641:,//SETTLEMENT,2,,,,,600,0,Posted
14-09-2024,01.12102.000.0000.000.3706008.00000.000,eHIS,HIS_SETTLEMENT,NSK-OCS-469998 HIS_SETTLEMENT 3358005YT7JQCWYLTG43,500172965,Journal Import 2591641:,//SETTLEMENT,2,,,,,250,0,Posted
14-09-2024,01.12102.000.0000.000.3706008.00000.000,eHIS,HIS_SETTLEMENT,NSK-OCS-469999 HIS_SETTLEMENT 3358005YT7JQCWYLTG43,500172976,Journal Import 2591641:,//SETTLEMENT,2,,,,,1150,0,Posted
14-09-2024,01.12102.000.0000.000.3706008.00000.000,eHIS,HIS_SETTLEMENT,NSK-OCS-470000 HIS_SETTLEMENT 3358005YT7JQCWYLTG43,500172966,Journal Import 2591641:,//SETTLEMENT,2,,,,,250,0,Posted
14-09-2024,01.12102.000.0000.000.3706008.00000.000,eHIS,HIS_SETTLEMENT,NSK-OCS-470001 HIS_SETTLEMENT 3358005YT7JQCWYLTG43,500172967,Journal Import 2591641:,//SETTLEMENT,2,,,,,250,0,Posted
14-09-2024,01.12102.000.0000.000.3706008.00000.000,eHIS,HIS_SETTLEMENT,NSK-OCS-470002 HIS_SETTLEMENT 3358005YT7JQCWYLTG43,500172968,Journal Import 2591641:,//SETTLEMENT,2,,,,,250,0,Posted
14-09-2024,01.12102.000.0000.000.3706008.00000.000,eHIS,HIS_SETTLEMENT,NSK-OCS-470003 HIS_SETTLEMENT 3358005YT7JQCWYLTG43,500172969,Journal Import 2591641:,//SETTLEMENT,2,,,,,250,0,Posted
14-09-2024,01.12102.000.0000.000.3706008.00000.000,eHIS,HIS_SETTLEMENT,NSK-OCS-470004 HIS_SETTLEMENT 3358005YT7JQCWYLTG43,500173065,Journal Import 2591641:,//SETTLEMENT,2,,,,,750,0,Posted
14-09-2024,01.12102.000.0000.000.3706008.00000.000,eHIS,HIS_SETTLEMENT,NSK-OCS-470005 HIS_SETTLEMENT 3358005YT7JQCWYLTG43,500172974,Journal Import 2591641:,//SETTLEMENT,2,,,,,1100,0,Posted
14-09-2024,01.12102.000.0000.000.3706008.00000.000,eHIS,HIS_SETTLEMENT,NSK-OCS-470006 HIS_SETTLEMENT 3358005YT7JQCWYLTG43,500172975,Journal Import 2591641:,//SETTLEMENT,2,,,,,1100,0,Posted
14-09-2024,01.12102.000.0000.000.3706008.00000.000,eHIS,HIS_SETTLEMENT,NSK-OCS-470007 HIS_SETTLEMENT 3358005YT7JQCWYLTG43,500173013,Journal Import 2591641:,//SETTLEMENT,2,,,,,500,0,Posted
14-09-2024,01.12102.000.0000.000.3706008.00000.000,eHIS,HIS_SETTLEMENT,NSK-OCS-470008 HIS_SETTLEMENT 3358005YT7JQCWYLTG43,500173060,Journal Import 2591641:,//SETTLEMENT,2,,,,,2300,0,Posted
14-09-2024,01.12102.000.0000.000.3706008.00000.000,eHIS,HIS_SETTLEMENT,NSK-OCS-470009 HIS_SETTLEMENT 3358005YT7JQCWYLTG43,500172985,Journal Import 2591641:,//SETTLEMENT,2,,,,,1200,0,Posted
14-09-2024,01.12102.000.0000.000.3706008.00000.000,eHIS,HIS_SETTLEMENT,NSK-OCS-470010 HIS_SETTLEMENT 3358005YT7JQCWYLTG43,500173033,Journal Import 2591641:,//SETTLEMENT,2,,,,,990,0,Posted
14-09-2024,01.12102.000.0000.000.3706008.00000.000,eHIS,HIS_SETTLEMENT,NSK-OCS-470011 HIS_SETTLEMENT 3358005YT7JQCWYLTG43,500172830,Journal Import 2591641:,//SETTLEMENT,2,,,,,4900,0,Posted
14-09-2024,01.12102.000.0000.000.3706008.00000.000,eHIS,HIS_SETTLEMENT,NSK-OCS-470012 HIS_SETTLEMENT 3358005YT7JQCWYLTG43,500173114,Journal Import 2591641:,//SETTLEMENT,3,,,,,850,0,Posted
14-09-2024,01.12102.000.0000.000.3706008.00000.000,eHIS,HIS_SETTLEMENT,NSK-OCS-470012 HIS_SETTLEMENT 3358005YT7JQCWYLTG43,500173114,Journal Import 2591641:,//SETTLEMENT,4,,,,,1000,0,Posted
14-09-2024,01.12102.000.0000.000.3706008.00000.000,eHIS,HIS_SETTLEMENT,NSK-OCS-470013 HIS_SETTLEMENT 3358005YT7JQCWYLTG43,500173106,Journal Import 2591641:,//SETTLEMENT,2,,,,,1700,0,Posted
14-09-2024,01.12102.000.0000.000.3706008.00000.000,eHIS,HIS_SETTLEMENT,NSK-OCS-470014 HIS_SETTLEMENT 3358005YT7JQCWYLTG43,500173039,Journal Import 2591641:,//SETTLEMENT,2,,,,,650,0,Posted
14-09-2024,01.12102.000.0000.000.3706008.00000.000,eHIS,HIS_SETTLEMENT,NSK-OCS-470015 HIS_SETTLEMENT 3358005YT7JQCWYLTG43,500172995,Journal Import 2591641:,//SETTLEMENT,2,,,,,1500,0,Posted
14-09-2024,01.12102.000.0000.000.3706008.00000.000,eHIS,HIS_SETTLEMENT,NSK-OCS-470016 HIS_SETTLEMENT 3358005YT7JQCWYLTG43,500173051,Journal Import 2591641:,//SETTLEMENT,2,,,,,100,0,Posted
14-09-2024,01.12102.000.0000.000.3706008.00000.000,eHIS,HIS_SETTLEMENT,NSK-OCS-470017 HIS_SETTLEMENT 3358005YT7JQCWYLTG43,500173054,Journal Import 2591641:,//SETTLEMENT,2,,,,,199,0,Posted
14-09-2024,01.12102.000.0000.000.3706008.00000.000,eHIS,HIS_SETTLEMENT,NSK-OCS-470018 HIS_SETTLEMENT 3358005YT7JQCWYLTG43,500173043,Journal Import 2591641:,//SETTLEMENT,2,,,,,3500,0,Posted
15-09-2024,01.12102.000.0000.000.3706008.00000.000,eHIS,HIS_SETTLEMENT,NSK-OCS-470019 HIS_SETTLEMENT 3358005YT7JQCWYLTG43,500173393,Journal Import 2591641:,//SETTLEMENT,2,,,,,1035,0,Posted
15-09-2024,01.12102.000.0000.000.3706008.00000.000,eHIS,HIS_SETTLEMENT,NSK-OCS-470020 HIS_SETTLEMENT 3358005YT7JQCWYLTG43,500173390,Journal Import 2591641:,//SETTLEMENT,2,,,,,100,0,Posted
15-09-2024,01.12102.000.0000.000.3706008.00000.000,eHIS,HIS_SETTLEMENT,NSK-OCS-470021 HIS_SETTLEMENT 3358005YT7JQCWYLTG43,500173391,Journal Import 2591641:,//SETTLEMENT,2,,,,,100,0,Posted
15-09-2024,01.12102.000.0000.000.3706008.00000.000,eHIS,HIS_SETTLEMENT,NSK-OCS-470022 HIS_SETTLEMENT 3358005YT7JQCWYLTG43,500173394,Journal Import 2591641:,//SETTLEMENT,2,,,,,2480,0,Posted
15-09-2024,01.12102.000.0000.000.3706008.00000.000,eHIS,HIS_SETTLEMENT,NSK-OCS-470023 HIS_SETTLEMENT 3358005YT7JQCWYLTG43,500173359,Journal Import 2591641:,//SETTLEMENT,2,,,,,10700,0,Posted
15-09-2024,01.12102.000.0000.000.3706008.00000.000,eHIS,HIS_SETTLEMENT,NSK-OCS-470024 HIS_SETTLEMENT 3358005YT7JQCWYLTG43,500173442,Journal Import 2591641:,//SETTLEMENT,2,,,,,6520,0,Posted
15-09-2024,01.12102.000.0000.000.3706008.00000.000,eHIS,HIS_SETTLEMENT,NSK-OCS-470025 HIS_SETTLEMENT 3358005YT7JQCWYLTG43,500173392,Journal Import 2591641:,//SETTLEMENT,2,,,,,100,0,Posted
15-09-2024,01.12102.000.0000.000.3706008.00000.000,eHIS,HIS_SETTLEMENT,NSK-OCS-470026 HIS_SETTLEMENT 3358005YT7JQCWYLTG43,500173386,Journal Import 2591641:,//SETTLEMENT,2,,,,,1850,0,Posted
15-09-2024,01.12102.000.0000.000.3706008.00000.000,eHIS,HIS_SETTLEMENT,NSK-OCS-470027 HIS_SETTLEMENT 3358005YT7JQCWYLTG43,500173389,Journal Import 2591641:,//SETTLEMENT,2,,,,,3510,0,Posted
15-09-2024,01.12102.000.0000.000.3706008.00000.000,eHIS,HIS_SETTLEMENT,NSK-OCS-470028 HIS_SETTLEMENT 3358005YT7JQCWYLTG43,500173387,Journal Import 2591641:,//SETTLEMENT,2,,,,,1850,0,Posted
15-09-2024,01.12102.000.0000.000.3706008.00000.000,eHIS,HIS_SETTLEMENT,NSK-OCS-470029 HIS_SETTLEMENT 3358005YT7JQCWYLTG43,500173395,Journal Import 2591641:,//SETTLEMENT,2,,,,,300,0,Posted
15-09-2024,01.12102.000.0000.000.3706008.00000.000,eHIS,HIS_SETTLEMENT,NSK-OCS-470030 HIS_SETTLEMENT 3358005YT7JQCWYLTG43,500173139,Journal Import 2591655:,//SETTLEMENT,2,,,,,100,0,Posted
15-09-2024,01.12102.000.0000.000.3706008.00000.000,eHIS,HIS_SETTLEMENT,NSK-OCS-470031 HIS_SETTLEMENT 3358005YT7JQCWYLTG43,500173140,Journal Import 2591655:,//SETTLEMENT,2,,,,,100,0,Posted
15-09-2024,01.12102.000.0000.000.3706008.00000.000,eHIS,HIS_SETTLEMENT,NSK-OCS-470032 HIS_SETTLEMENT 3358005YT7JQCWYLTG43,500173141,Journal Import 2591655:,//SETTLEMENT,2,,,,,100,0,Posted
15-09-2024,01.12102.000.0000.000.3706008.00000.000,eHIS,HIS_SETTLEMENT,NSK-OCS-470033 HIS_SETTLEMENT 3358005YT7JQCWYLTG43,500173142,Journal Import 2591655:,//SETTLEMENT,2,,,,,100,0,Posted
15-09-2024,01.12102.000.0000.000.3706008.00000.000,eHIS,HIS_SETTLEMENT,NSK-OCS-470034 HIS_SETTLEMENT 3358005YT7JQCWYLTG43,500173158,Journal Import 2591655:,//SETTLEMENT,2,,,,,1250,0,Posted
15-09-2024,01.12102.000.0000.000.3706008.00000.000,eHIS,HIS_SETTLEMENT,NSK-OCS-470035 HIS_SETTLEMENT 3358005YT7JQCWYLTG43,500173157,Journal Import 2591655:,//SETTLEMENT,2,,,,,1210,0,Posted
15-09-2024,01.12102.000.0000.000.3706008.00000.000,eHIS,HIS_SETTLEMENT,NSK-OCS-470036 HIS_SETTLEMENT 3358005YT7JQCWYLTG43,500173153,Journal Import 2591655:,//SETTLEMENT,2,,,,,800,0,Posted
15-09-2024,01.12102.000.0000.000.3706008.00000.000,eHIS,HIS_SETTLEMENT,NSK-OCS-470037 HIS_SETTLEMENT 3358005YT7JQCWYLTG43,500173154,Journal Import 2591655:,//SETTLEMENT,2,,,,,800,0,Posted
15-09-2024,01.12102.000.0000.000.3706008.00000.000,eHIS,HIS_SETTLEMENT,NSK-OCS-470038 HIS_SETTLEMENT 3358005YT7JQCWYLTG43,500173159,Journal Import 2591655:,//SETTLEMENT,3,,,,,1500,0,Posted
15-09-2024,01.12102.000.0000.000.3706008.00000.000,eHIS,HIS_SETTLEMENT,NSK-OCS-470038 HIS_SETTLEMENT 3358005YT7JQCWYLTG43,500173159,Journal Import 2591655:,//SETTLEMENT,4,,,,,2000,0,Posted
16-09-2024,01.12102.000.0000.000.3706008.00000.000,eHIS,HIS_SETTLEMENT,NSK-OCS-470039 HIS_SETTLEMENT 3358005YT7JQCWYLTG43,500174238,Journal Import 2599930:,//SETTLEMENT,2,,,,,3500,0,Posted
15-09-2024,01.12102.000.0000.000.3706008.00000.000,eHIS,HIS_SETTLEMENT,NSK-OCS-470040 HIS_SETTLEMENT 3358005YT7JQCWYLTG43,500173172,Journal Import 2591655:,//SETTLEMENT,2,,,,,2600,0,Posted
15-09-2024,01.12102.000.0000.000.3706008.00000.000,eHIS,HIS_SETTLEMENT,NSK-OCS-470041 HIS_SETTLEMENT 3358005YT7JQCWYLTG43,500173173,Journal Import 2591655:,//SETTLEMENT,2,,,,,2600,0,Posted
16-09-2024,01.12102.000.0000.000.3706008.00000.000,eHIS,HIS_SETTLEMENT,NSK-OCS-470042 HIS_SETTLEMENT 3358005YT7JQCWYLTG43,500174237,Journal Import 2599930:,//SETTLEMENT,2,,,,,1512,0,Posted
15-09-2024,01.12102.000.0000.000.3706008.00000.000,eHIS,HIS_SETTLEMENT,NSK-OCS-470043 HIS_SETTLEMENT 3358005YT7JQCWYLTG43,500173250,Journal Import 2591655:,//SETTLEMENT,2,,,,,5888,0,Posted
15-09-2024,01.12102.000.0000.000.3706008.00000.000,eHIS,HIS_SETTLEMENT,NSK-OCS-470044 HIS_SETTLEMENT 3358005YT7JQCWYLTG43,500173174,Journal Import 2591655:,//SETTLEMENT,2,,,,,21800,0,Posted
15-09-2024,01.12102.000.0000.000.3706008.00000.000,eHIS,HIS_SETTLEMENT,NSK-OCS-470045 HIS_SETTLEMENT 3358005YT7JQCWYLTG43,500173161,Journal Import 2591655:,//SETTLEMENT,2,,,,,1850,0,Posted
15-09-2024,01.12102.000.0000.000.3706008.00000.000,eHIS,HIS_SETTLEMENT,NSK-OCS-470046 HIS_SETTLEMENT 3358005YT7JQCWYLTG43,500173252,Journal Import 2591655:,//SETTLEMENT,2,,,,,6900,0,Posted
15-09-2024,01.12102.000.0000.000.3706008.00000.000,eHIS,HIS_SETTLEMENT,NSK-OCS-470047 HIS_SETTLEMENT 3358005YT7JQCWYLTG43,500173165,Journal Import 2591655:,//SETTLEMENT,2,,,,,410,0,Posted
15-09-2024,01.12102.000.0000.000.3706008.00000.000,eHIS,HIS_SETTLEMENT,NSK-OCS-470048 HIS_SETTLEMENT 3358005YT7JQCWYLTG43,500173152,Journal Import 2591655:,//SETTLEMENT,2,,,,,3975,0,Posted
15-09-2024,01.12102.000.0000.000.3706008.00000.000,eHIS,HIS_SETTLEMENT,NSK-OCS-470049 HIS_SETTLEMENT 3358005YT7JQCWYLTG43,500173166,Journal Import 2591655:,//SETTLEMENT,2,,,,,450,0,Posted
15-09-2024,01.12102.000.0000.000.3706008.00000.000,eHIS,HIS_SETTLEMENT,NSK-OCS-470050 HIS_SETTLEMENT 3358005YT7JQCWYLTG43,500173156,Journal Import 2591655:,//SETTLEMENT,2,,,,,250,0,Posted
15-09-2024,01.12102.000.0000.000.3706008.00000.000,eHIS,HIS_SETTLEMENT,NSK-OCS-470051 HIS_SETTLEMENT 3358005YT7JQCWYLTG43,500173167,Journal Import 2591655:,//SETTLEMENT,2,,,,,450,0,Posted
15-09-2024,01.12102.000.0000.000.3706008.00000.000,eHIS,HIS_SETTLEMENT,NSK-OCS-470052 HIS_SETTLEMENT 3358005YT7JQCWYLTG43,500173162,Journal Import 2591655:,//SETTLEMENT,2,,,,,1850,0,Posted
15-09-2024,01.12102.000.0000.000.3706008.00000.000,eHIS,HIS_SETTLEMENT,NSK-OCS-470053 HIS_SETTLEMENT 3358005YT7JQCWYLTG43,500173143,Journal Import 2591655:,//SETTLEMENT,2,,,,,100,0,Posted
15-09-2024,01.12102.000.0000.000.3706008.00000.000,eHIS,HIS_SETTLEMENT,NSK-OCS-470054 HIS_SETTLEMENT 3358005YT7JQCWYLTG43,500173169,Journal Import 2591655:,//SETTLEMENT,2,,,,,500,0,Posted
15-09-2024,01.12102.000.0000.000.3706008.00000.000,eHIS,HIS_SETTLEMENT,NSK-OCS-470055 HIS_SETTLEMENT 3358005YT7JQCWYLTG43,500173144,Journal Import 2591655:,//SETTLEMENT,2,,,,,100,0,Posted
15-09-2024,01.12102.000.0000.000.3706008.00000.000,eHIS,HIS_SETTLEMENT,NSK-OCS-470056 HIS_SETTLEMENT 3358005YT7JQCWYLTG43,500173163,Journal Import 2591655:,//SETTLEMENT,2,,,,,1850,0,Posted
15-09-2024,01.12102.000.0000.000.3706008.00000.000,eHIS,HIS_SETTLEMENT,NSK-OCS-470057 HIS_SETTLEMENT 3358005YT7JQCWYLTG43,500173145,Journal Import 2591655:,//SETTLEMENT,2,,,,,100,0,Posted
15-09-2024,01.12102.000.0000.000.3706008.00000.000,eHIS,HIS_SETTLEMENT,NSK-OCS-470058 HIS_SETTLEMENT 3358005YT7JQCWYLTG43,500173146,Journal Import 2591655:,//SETTLEMENT,2,,,,,100,0,Posted
15-09-2024,01.12102.000.0000.000.3706008.00000.000,eHIS,HIS_SETTLEMENT,NSK-OCS-470059 HIS_SETTLEMENT 3358005YT7JQCWYLTG43,500173251,Journal Import 2591655:,//SETTLEMENT,2,,,,,6500,0,Posted
15-09-2024,01.12102.000.0000.000.3706008.00000.000,eHIS,HIS_SETTLEMENT,NSK-OCS-470060 HIS_SETTLEMENT 3358005YT7JQCWYLTG43,500173160,Journal Import 2591655:,//SETTLEMENT,2,,,,,400,0,Posted
15-09-2024,01.12102.000.0000.000.3706008.00000.000,eHIS,HIS_SETTLEMENT,NSK-OCS-470061 HIS_SETTLEMENT 3358005YT7JQCWYLTG43,500173249,Journal Import 2591655:,//SETTLEMENT,2,,,,,910,0,Posted
15-09-2024,01.12102.000.0000.000.3706008.00000.000,eHIS,HIS_SETTLEMENT,NSK-OCS-470062 HIS_SETTLEMENT 3358005YT7JQCWYLTG43,500173155,Journal Import 2591655:,//SETTLEMENT,2,,,,,4910,0,Posted
15-09-2024,01.12102.000.0000.000.3706008.00000.000,eHIS,HIS_SETTLEMENT,NSK-OCS-470063 HIS_SETTLEMENT 3358005YT7JQCWYLTG43,500173170,Journal Import 2591655:,//SETTLEMENT,2,,,,,500,0,Posted
15-09-2024,01.12102.000.0000.000.3706008.00000.000,eHIS,HIS_SETTLEMENT,NSK-OCS-470064 HIS_SETTLEMENT 3358005YT7JQCWYLTG43,500173147,Journal Import 2591655:,//SETTLEMENT,2,,,,,100,0,Posted
15-09-2024,01.12102.000.0000.000.3706008.00000.000,eHIS,HIS_SETTLEMENT,NSK-OCS-470065 HIS_SETTLEMENT 3358005YT7JQCWYLTG43,500173168,Journal Import 2591655:,//SETTLEMENT,2,,,,,450,0,Posted
15-09-2024,01.12102.000.0000.000.3706008.00000.000,eHIS,HIS_SETTLEMENT,NSK-OCS-470066 HIS_SETTLEMENT 3358005YT7JQCWYLTG43,500173149,Journal Import 2591655:,//SETTLEMENT,2,,,,,550,0,Posted
15-09-2024,01.12102.000.0000.000.3706008.00000.000,eHIS,HIS_SETTLEMENT,NSK-OCS-470067 HIS_SETTLEMENT 3358005YT7JQCWYLTG43,500173385,Journal Import 2591655:,//SETTLEMENT,2,,,,,2250,0,Posted
15-09-2024,01.12102.000.0000.000.3706008.00000.000,eHIS,HIS_SETTLEMENT,NSK-OCS-470068 HIS_SETTLEMENT 3358005YT7JQCWYLTG43,500173148,Journal Import 2591655:,//SETTLEMENT,2,,,,,100,0,Posted
15-09-2024,01.12102.000.0000.000.3706008.00000.000,eHIS,HIS_SETTLEMENT,NSK-OCS-470069 HIS_SETTLEMENT 3358005YT7JQCWYLTG43,500173151,Journal Import 2591655:,//SETTLEMENT,2,,,,,600,0,Posted
15-09-2024,01.12102.000.0000.000.3706008.00000.000,eHIS,HIS_SETTLEMENT,NSK-OCS-470070 HIS_SETTLEMENT 3358005YT7JQCWYLTG43,500173150,Journal Import 2591655:,//SETTLEMENT,2,,,,,100,0,Posted
15-09-2024,01.12102.000.0000.000.3706008.00000.000,eHIS,HIS_SETTLEMENT,NSK-OCS-470071 HIS_SETTLEMENT 3358005YT7JQCWYLTG43,500173171,Journal Import 2591655:,//SETTLEMENT,2,,,,,820,0,Posted
15-09-2024,01.12102.000.0000.000.3706008.00000.000,eHIS,HIS_SETTLEMENT,NSK-OCS-470072 HIS_SETTLEMENT 3358005YT7JQCWYLTG43,500173164,Journal Import 2591655:,//SETTLEMENT,2,,,,,1850,0,Posted
16-09-2024,01.12102.000.0000.000.3706008.00000.000,eHIS,HIS_SETTLEMENT,NSK-OCS-470073 HIS_SETTLEMENT 3358005YT7JQCWYLTG43,500173562,Journal Import 2591655:,//SETTLEMENT,2,,,,,100,0,Posted
16-09-2024,01.12102.000.0000.000.3706008.00000.000,eHIS,HIS_SETTLEMENT,NSK-OCS-470074 HIS_SETTLEMENT 3358005YT7JQCWYLTG43,500173563,Journal Import 2591655:,//SETTLEMENT,2,,,,,100,0,Posted
16-09-2024,01.12102.000.0000.000.3706008.00000.000,eHIS,HIS_SETTLEMENT,NSK-OCS-470075 HIS_SETTLEMENT 3358005YT7JQCWYLTG43,500173564,Journal Import 2591655:,//SETTLEMENT,2,,,,,100,0,Posted
16-09-2024,01.12102.000.0000.000.3706008.00000.000,eHIS,HIS_SETTLEMENT,NSK-OCS-470076 HIS_SETTLEMENT 3358005YT7JQCWYLTG43,500173565,Journal Import 2591655:,//SETTLEMENT,2,,,,,100,0,Posted
16-09-2024,01.12102.000.0000.000.3706008.00000.000,eHIS,HIS_SETTLEMENT,NSK-OCS-470077 HIS_SETTLEMENT 3358005YT7JQCWYLTG43,500173566,Journal Import 2591655:,//SETTLEMENT,2,,,,,100,0,Posted
16-09-2024,01.12102.000.0000.000.3706008.00000.000,eHIS,HIS_SETTLEMENT,NSK-OCS-470078 HIS_SETTLEMENT 3358005YT7JQCWYLTG43,500173607,Journal Import 2591655:,//SETTLEMENT,2,,,,,750,0,Posted
16-09-2024,01.12102.000.0000.000.3706008.00000.000,eHIS,HIS_SETTLEMENT,NSK-OCS-470079 HIS_SETTLEMENT 3358005YT7JQCWYLTG43,500173567,Journal Import 2591655:,//SETTLEMENT,2,,,,,100,0,Posted
16-09-2024,01.12102.000.0000.000.3706008.00000.000,eHIS,HIS_SETTLEMENT,NSK-OCS-470080 HIS_SETTLEMENT 3358005YT7JQCWYLTG43,500173568,Journal Import 2591655:,//SETTLEMENT,2,,,,,100,0,Posted
16-09-2024,01.12102.000.0000.000.3706008.00000.000,eHIS,HIS_SETTLEMENT,NSK-OCS-470081 HIS_SETTLEMENT 3358005YT7JQCWYLTG43,500173569,Journal Import 2591655:,//SETTLEMENT,2,,,,,100,0,Posted
16-09-2024,01.12102.000.0000.000.3706008.00000.000,eHIS,HIS_SETTLEMENT,NSK-OCS-470082 HIS_SETTLEMENT 3358005YT7JQCWYLTG43,500173622,Journal Import 2591655:,//SETTLEMENT,2,,,,,4500,0,Posted
16-09-2024,01.12102.000.0000.000.3706008.00000.000,eHIS,HIS_SETTLEMENT,NSK-OCS-470084 HIS_SETTLEMENT 3358005YT7JQCWYLTG43,500173581,Journal Import 2591655:,//SETTLEMENT,2,,,,,650,0,Posted
16-09-2024,01.12102.000.0000.000.3706008.00000.000,eHIS,HIS_SETTLEMENT,NSK-OCS-470085 HIS_SETTLEMENT 3358005YT7JQCWYLTG43,500173637,Journal Import 2591655:,//SETTLEMENT,2,,,,,5100,0,Posted
16-09-2024,01.12102.000.0000.000.3706008.00000.000,eHIS,HIS_SETTLEMENT,NSK-OCS-470086 HIS_SETTLEMENT 3358005YT7JQCWYLTG43,500173610,Journal Import 2591655:,//SETTLEMENT,2,,,,,1130,0,Posted
16-09-2024,01.12102.000.0000.000.3706008.00000.000,eHIS,HIS_SETTLEMENT,NSK-OCS-470087 HIS_SETTLEMENT 3358005YT7JQCWYLTG43,500173445,Journal Import 2591655:,//SETTLEMENT,2,,,,,650,0,Posted
16-09-2024,01.12102.000.0000.000.3706008.00000.000,eHIS,HIS_SETTLEMENT,NSK-OCS-470088 HIS_SETTLEMENT 3358005YT7JQCWYLTG43,500173698,Journal Import 2591655:,//SETTLEMENT,2,,,,,450,0,Posted
16-09-2024,01.12102.000.0000.000.3706008.00000.000,eHIS,HIS_SETTLEMENT,NSK-OCS-470089 HIS_SETTLEMENT 3358005YT7JQCWYLTG43,500173638,Journal Import 2591655:,//SETTLEMENT,2,,,,,5100,0,Posted
16-09-2024,01.12102.000.0000.000.3706008.00000.000,eHIS,HIS_SETTLEMENT,NSK-OCS-470090 HIS_SETTLEMENT 3358005YT7JQCWYLTG43,500173570,Journal Import 2591655:,//SETTLEMENT,2,,,,,100,0,Posted
16-09-2024,01.12102.000.0000.000.3706008.00000.000,eHIS,HIS_SETTLEMENT,NSK-OCS-470091 HIS_SETTLEMENT 3358005YT7JQCWYLTG43,500173551,Journal Import 2591655:,//SETTLEMENT,2,,,,,6900,0,Posted
16-09-2024,01.12102.000.0000.000.3706008.00000.000,eHIS,HIS_SETTLEMENT,NSK-OCS-470092 HIS_SETTLEMENT 3358005YT7JQCWYLTG43,500173583,Journal Import 2591655:,//SETTLEMENT,2,,,,,10299,0,Posted
16-09-2024,01.12102.000.0000.000.3706008.00000.000,eHIS,HIS_SETTLEMENT,NSK-OCS-470093 HIS_SETTLEMENT 3358005YT7JQCWYLTG43,500173630,Journal Import 2591655:,//SETTLEMENT,2,,,,,800,0,Posted
16-09-2024,01.12102.000.0000.000.3706008.00000.000,eHIS,HIS_SETTLEMENT,NSK-OCS-470094 HIS_SETTLEMENT 3358005YT7JQCWYLTG43,500173555,Journal Import 2591655:,//SETTLEMENT,2,,,,,6988,0,Posted
16-09-2024,01.12102.000.0000.000.3706008.00000.000,eHIS,HIS_SETTLEMENT,NSK-OCS-470095 HIS_SETTLEMENT 3358005YT7JQCWYLTG43,500173631,Journal Import 2591655:,//SETTLEMENT,2,,,,,800,0,Posted
16-09-2024,01.12102.000.0000.000.3706008.00000.000,eHIS,HIS_SETTLEMENT,NSK-OCS-470096 HIS_SETTLEMENT 3358005YT7JQCWYLTG43,500173552,Journal Import 2591655:,//SETTLEMENT,2,,,,,6900,0,Posted
16-09-2024,01.12102.000.0000.000.3706008.00000.000,eHIS,HIS_SETTLEMENT,NSK-OCS-470097 HIS_SETTLEMENT 3358005YT7JQCWYLTG43,500173553,Journal Import 2591655:,//SETTLEMENT,2,,,,,6900,0,Posted
16-09-2024,01.12102.000.0000.000.3706008.00000.000,eHIS,HIS_SETTLEMENT,NSK-OCS-470098 HIS_SETTLEMENT 3358005YT7JQCWYLTG43,500173530,Journal Import 2591655:,//SETTLEMENT,2,,,,,1000,0,Posted
16-09-2024,01.12102.000.0000.000.3706008.00000.000,eHIS,HIS_SETTLEMENT,NSK-OCS-470099 HIS_SETTLEMENT 3358005YT7JQCWYLTG43,500173446,Journal Import 2591655:,//SETTLEMENT,2,,,,,650,0,Posted
16-09-2024,01.12102.000.0000.000.3706008.00000.000,eHIS,HIS_SETTLEMENT,NSK-OCS-470102 HIS_SETTLEMENT 3358005YT7JQCWYLTG43,500173600,Journal Import 2591655:,//SETTLEMENT,2,,,,,3600,0,Posted
16-09-2024,01.12102.000.0000.000.3706008.00000.000,eHIS,HIS_SETTLEMENT,NSK-OCS-470103 HIS_SETTLEMENT 3358005YT7JQCWYLTG43,500173624,Journal Import 2591655:,//SETTLEMENT,2,,,,,4550,0,Posted
16-09-2024,01.12102.000.0000.000.3706008.00000.000,eHIS,HIS_SETTLEMENT,NSK-OCS-470104 HIS_SETTLEMENT 3358005YT7JQCWYLTG43,500173447,Journal Import 2591655:,//SETTLEMENT,2,,,,,650,0,Posted
16-09-2024,01.12102.000.0000.000.3706008.00000.000,eHIS,HIS_SETTLEMENT,NSK-OCS-470105 HIS_SETTLEMENT 3358005YT7JQCWYLTG43,500173899,Journal Import 2591655:,//SETTLEMENT,2,,,,,21800,0,Posted
16-09-2024,01.12102.000.0000.000.3706008.00000.000,eHIS,HIS_SETTLEMENT,NSK-OCS-470106 HIS_SETTLEMENT 3358005YT7JQCWYLTG43,500173625,Journal Import 2591655:,//SETTLEMENT,2,,,,,4550,0,Posted
16-09-2024,01.12102.000.0000.000.3706008.00000.000,eHIS,HIS_SETTLEMENT,NSK-OCS-470107 HIS_SETTLEMENT 3358005YT7JQCWYLTG43,500173543,Journal Import 2591655:,//SETTLEMENT,2,,,,,5888,0,Posted
16-09-2024,01.12102.000.0000.000.3706008.00000.000,eHIS,HIS_SETTLEMENT,NSK-OCS-470108 HIS_SETTLEMENT 3358005YT7JQCWYLTG43,500173544,Journal Import 2591655:,//SETTLEMENT,2,,,,,5888,0,Posted
16-09-2024,01.12102.000.0000.000.3706008.00000.000,eHIS,HIS_SETTLEMENT,NSK-OCS-470109 HIS_SETTLEMENT 3358005YT7JQCWYLTG43,500173697,Journal Import 2591655:,//SETTLEMENT,2,,,,,410,0,Posted
16-09-2024,01.12102.000.0000.000.3706008.00000.000,eHIS,HIS_SETTLEMENT,NSK-OCS-470110 HIS_SETTLEMENT 3358005YT7JQCWYLTG43,500173632,Journal Import 2591655:,//SETTLEMENT,2,,,,,800,0,Posted
16-09-2024,01.12102.000.0000.000.3706008.00000.000,eHIS,HIS_SETTLEMENT,NSK-OCS-470111 HIS_SETTLEMENT 3358005YT7JQCWYLTG43,500173550,Journal Import 2591655:,//SETTLEMENT,2,,,,,510,0,Posted
16-09-2024,01.12102.000.0000.000.3706008.00000.000,eHIS,HIS_SETTLEMENT,NSK-OCS-470112 HIS_SETTLEMENT 3358005YT7JQCWYLTG43,500173560,Journal Import 2591655:,//SETTLEMENT,2,,,,,9269,0,Posted
16-09-2024,01.12102.000.0000.000.3706008.00000.000,eHIS,HIS_SETTLEMENT,NSK-OCS-470113 HIS_SETTLEMENT 3358005YT7JQCWYLTG43,500173528,Journal Import 2591655:,//SETTLEMENT,2,,,,,3120,0,Posted
16-09-2024,01.12102.000.0000.000.3706008.00000.000,eHIS,HIS_SETTLEMENT,NSK-OCS-470114 HIS_SETTLEMENT 3358005YT7JQCWYLTG43,500173449,Journal Import 2591655:,//SETTLEMENT,2,,,,,900,0,Posted
16-09-2024,01.12102.000.0000.000.3706008.00000.000,eHIS,HIS_SETTLEMENT,NSK-OCS-470116 HIS_SETTLEMENT 3358005YT7JQCWYLTG43,500173706,Journal Import 2591655:,//SETTLEMENT,2,,,,,500,0,Posted
16-09-2024,01.12102.000.0000.000.3706008.00000.000,eHIS,HIS_SETTLEMENT,NSK-OCS-470117 HIS_SETTLEMENT 3358005YT7JQCWYLTG43,500173707,Journal Import 2591655:,//SETTLEMENT,2,,,,,500,0,Posted
16-09-2024,01.12102.000.0000.000.3706008.00000.000,eHIS,HIS_SETTLEMENT,NSK-OCS-470118 HIS_SETTLEMENT 3358005YT7JQCWYLTG43,500173633,Journal Import 2591655:,//SETTLEMENT,2,,,,,800,0,Posted
16-09-2024,01.12102.000.0000.000.3706008.00000.000,eHIS,HIS_SETTLEMENT,NSK-OCS-470119 HIS_SETTLEMENT 3358005YT7JQCWYLTG43,500173606,Journal Import 2591655:,//SETTLEMENT,2,,,,,720,0,Posted
16-09-2024,01.12102.000.0000.000.3706008.00000.000,eHIS,HIS_SETTLEMENT,NSK-OCS-470120 HIS_SETTLEMENT 3358005YT7JQCWYLTG43,500173548,Journal Import 2591655:,//SETTLEMENT,3,,,,,30,0,Posted
16-09-2024,01.12102.000.0000.000.3706008.00000.000,eHIS,HIS_SETTLEMENT,NSK-OCS-470120 HIS_SETTLEMENT 3358005YT7JQCWYLTG43,500173548,Journal Import 2591655:,//SETTLEMENT,4,,,,,5500,0,Posted
16-09-2024,01.12102.000.0000.000.3706008.00000.000,eHIS,HIS_SETTLEMENT,NSK-OCS-470121 HIS_SETTLEMENT 3358005YT7JQCWYLTG43,500173527,Journal Import 2591655:,//SETTLEMENT,2,,,,,3080,0,Posted
16-09-2024,01.12102.000.0000.000.3706008.00000.000,eHIS,HIS_SETTLEMENT,NSK-OCS-470122 HIS_SETTLEMENT 3358005YT7JQCWYLTG43,500173740,Journal Import 2591655:,//SETTLEMENT,2,,,,,2545,0,Posted
16-09-2024,01.12102.000.0000.000.3706008.00000.000,eHIS,HIS_SETTLEMENT,NSK-OCS-470123 HIS_SETTLEMENT 3358005YT7JQCWYLTG43,500173708,Journal Import 2591655:,//SETTLEMENT,2,,,,,500,0,Posted
16-09-2024,01.12102.000.0000.000.3706008.00000.000,eHIS,HIS_SETTLEMENT,NSK-OCS-470124 HIS_SETTLEMENT 3358005YT7JQCWYLTG43,500173635,Journal Import 2591655:,//SETTLEMENT,2,,,,,5000,0,Posted
16-09-2024,01.12102.000.0000.000.3706008.00000.000,eHIS,HIS_SETTLEMENT,NSK-OCS-470125 HIS_SETTLEMENT 3358005YT7JQCWYLTG43,500173634,Journal Import 2591655:,//SETTLEMENT,2,,,,,800,0,Posted
16-09-2024,01.12102.000.0000.000.3706008.00000.000,eHIS,HIS_SETTLEMENT,NSK-OCS-470126 HIS_SETTLEMENT 3358005YT7JQCWYLTG43,500173545,Journal Import 2591655:,//SETTLEMENT,2,,,,,6600,0,Posted
16-09-2024,01.12102.000.0000.000.3706008.00000.000,eHIS,HIS_SETTLEMENT,NSK-OCS-470127 HIS_SETTLEMENT 3358005YT7JQCWYLTG43,500173584,Journal Import 2591655:,//SETTLEMENT,2,,,,,14490,0,Posted
16-09-2024,01.12102.000.0000.000.3706008.00000.000,eHIS,HIS_SETTLEMENT,NSK-OCS-470128 HIS_SETTLEMENT 3358005YT7JQCWYLTG43,500173611,Journal Import 2591655:,//SETTLEMENT,2,,,,,1200,0,Posted
16-09-2024,01.12102.000.0000.000.3706008.00000.000,eHIS,HIS_SETTLEMENT,NSK-OCS-470129 HIS_SETTLEMENT 3358005YT7JQCWYLTG43,500173604,Journal Import 2591655:,//SETTLEMENT,2,,,,,200,0,Posted
16-09-2024,01.12102.000.0000.000.3706008.00000.000,eHIS,HIS_SETTLEMENT,NSK-OCS-470130 HIS_SETTLEMENT 3358005YT7JQCWYLTG43,500173458,Journal Import 2591655:,//SETTLEMENT,2,,,,,2200,0,Posted
16-09-2024,01.12102.000.0000.000.3706008.00000.000,eHIS,HIS_SETTLEMENT,NSK-OCS-470131 HIS_SETTLEMENT 3358005YT7JQCWYLTG43,500173450,Journal Import 2591655:,//SETTLEMENT,2,,,,,900,0,Posted
16-09-2024,01.12102.000.0000.000.3706008.00000.000,eHIS,HIS_SETTLEMENT,NSK-OCS-470132 HIS_SETTLEMENT 3358005YT7JQCWYLTG43,500173608,Journal Import 2591655:,//SETTLEMENT,2,,,,,750,0,Posted
16-09-2024,01.12102.000.0000.000.3706008.00000.000,eHIS,HIS_SETTLEMENT,NSK-OCS-470133 HIS_SETTLEMENT 3358005YT7JQCWYLTG43,500173612,Journal Import 2591655:,//SETTLEMENT,2,,,,,1200,0,Posted
16-09-2024,01.12102.000.0000.000.3706008.00000.000,eHIS,HIS_SETTLEMENT,NSK-OCS-470134 HIS_SETTLEMENT 3358005YT7JQCWYLTG43,500173531,Journal Import 2591655:,//SETTLEMENT,2,,,,,1000,0,Posted
16-09-2024,01.12102.000.0000.000.3706008.00000.000,eHIS,HIS_SETTLEMENT,NSK-OCS-470135 HIS_SETTLEMENT 3358005YT7JQCWYLTG43,500173587,Journal Import 2591655:,//SETTLEMENT,2,,,,,1050,0,Posted
16-09-2024,01.12102.000.0000.000.3706008.00000.000,eHIS,HIS_SETTLEMENT,NSK-OCS-470136 HIS_SETTLEMENT 3358005YT7JQCWYLTG43,500173647,Journal Import 2591655:,//SETTLEMENT,2,,,,,800,0,Posted
16-09-2024,01.12102.000.0000.000.3706008.00000.000,eHIS,HIS_SETTLEMENT,NSK-OCS-470137 HIS_SETTLEMENT 3358005YT7JQCWYLTG43,500173526,Journal Import 2591655:,//SETTLEMENT,2,,,,,3000,0,Posted
16-09-2024,01.12102.000.0000.000.3706008.00000.000,eHIS,HIS_SETTLEMENT,NSK-OCS-470138 HIS_SETTLEMENT 3358005YT7JQCWYLTG43,500173613,Journal Import 2591655:,//SETTLEMENT,2,,,,,1200,0,Posted
16-09-2024,01.12102.000.0000.000.3706008.00000.000,eHIS,HIS_SETTLEMENT,NSK-OCS-470139 HIS_SETTLEMENT 3358005YT7JQCWYLTG43,500173648,Journal Import 2591655:,//SETTLEMENT,2,,,,,800,0,Posted
16-09-2024,01.12102.000.0000.000.3706008.00000.000,eHIS,HIS_SETTLEMENT,NSK-OCS-470140 HIS_SETTLEMENT 3358005YT7JQCWYLTG43,500173649,Journal Import 2591655:,//SETTLEMENT,2,,,,,800,0,Posted
16-09-2024,01.12102.000.0000.000.3706008.00000.000,eHIS,HIS_SETTLEMENT,NSK-OCS-470141 HIS_SETTLEMENT 3358005YT7JQCWYLTG43,500173692,Journal Import 2591655:,//SETTLEMENT,2,,,,,1850,0,Posted
16-09-2024,01.12102.000.0000.000.3706008.00000.000,eHIS,HIS_SETTLEMENT,NSK-OCS-470142 HIS_SETTLEMENT 3358005YT7JQCWYLTG43,500173650,Journal Import 2591655:,//SETTLEMENT,2,,,,,800,0,Posted
16-09-2024,01.12102.000.0000.000.3706008.00000.000,eHIS,HIS_SETTLEMENT,NSK-OCS-470144 HIS_SETTLEMENT 3358005YT7JQCWYLTG43,500173451,Journal Import 2591655:,//SETTLEMENT,2,,,,,900,0,Posted
16-09-2024,01.12102.000.0000.000.3706008.00000.000,eHIS,HIS_SETTLEMENT,NSK-OCS-470145 HIS_SETTLEMENT 3358005YT7JQCWYLTG43,500173620,Journal Import 2591655:,//SETTLEMENT,2,,,,,4200,0,Posted
16-09-2024,01.12102.000.0000.000.3706008.00000.000,eHIS,HIS_SETTLEMENT,NSK-OCS-470146 HIS_SETTLEMENT 3358005YT7JQCWYLTG43,500173709,Journal Import 2591655:,//SETTLEMENT,2,,,,,500,0,Posted
16-09-2024,01.12102.000.0000.000.3706008.00000.000,eHIS,HIS_SETTLEMENT,NSK-OCS-470147 HIS_SETTLEMENT 3358005YT7JQCWYLTG43,500173710,Journal Import 2591655:,//SETTLEMENT,2,,,,,500,0,Posted
16-09-2024,01.12102.000.0000.000.3706008.00000.000,eHIS,HIS_SETTLEMENT,NSK-OCS-470148 HIS_SETTLEMENT 3358005YT7JQCWYLTG43,500173651,Journal Import 2591655:,//SETTLEMENT,2,,,,,800,0,Posted
16-09-2024,01.12102.000.0000.000.3706008.00000.000,eHIS,HIS_SETTLEMENT,NSK-OCS-470149 HIS_SETTLEMENT 3358005YT7JQCWYLTG43,500173605,Journal Import 2591655:,//SETTLEMENT,2,,,,,200,0,Posted
16-09-2024,01.12102.000.0000.000.3706008.00000.000,eHIS,HIS_SETTLEMENT,NSK-OCS-470150 HIS_SETTLEMENT 3358005YT7JQCWYLTG43,500173558,Journal Import 2591655:,//SETTLEMENT,2,,,,,8100,0,Posted
17-09-2024,01.12102.000.0000.000.3706008.00000.000,eHIS,HIS_SETTLEMENT,NSK-OCS-470151 HIS_SETTLEMENT 3358005YT7JQCWYLTG43,500174287,Journal Import 2599930:,//SETTLEMENT,2,,,,,700,0,Posted
16-09-2024,01.12102.000.0000.000.3706008.00000.000,eHIS,HIS_SETTLEMENT,NSK-OCS-470152 HIS_SETTLEMENT 3358005YT7JQCWYLTG43,500173571,Journal Import 2591655:,//SETTLEMENT,3,,,,,100,0,Posted
16-09-2024,01.12102.000.0000.000.3706008.00000.000,eHIS,HIS_SETTLEMENT,NSK-OCS-470152 HIS_SETTLEMENT 3358005YT7JQCWYLTG43,500173571,Journal Import 2591655:,//SETTLEMENT,4,,,,,800,0,Posted
17-09-2024,01.12102.000.0000.000.3706008.00000.000,eHIS,HIS_SETTLEMENT,NSK-OCS-470153 HIS_SETTLEMENT 3358005YT7JQCWYLTG43,500174285,Journal Import 2599930:,//SETTLEMENT,2,,,,,400,0,Posted
16-09-2024,01.12102.000.0000.000.3706008.00000.000,eHIS,HIS_SETTLEMENT,NSK-OCS-470154 HIS_SETTLEMENT 3358005YT7JQCWYLTG43,500173594,Journal Import 2591655:,//SETTLEMENT,2,,,,,700,0,Posted
16-09-2024,01.12102.000.0000.000.3706008.00000.000,eHIS,HIS_SETTLEMENT,NSK-OCS-470155 HIS_SETTLEMENT 3358005YT7JQCWYLTG43,500173652,Journal Import 2591655:,//SETTLEMENT,2,,,,,800,0,Posted
16-09-2024,01.12102.000.0000.000.3706008.00000.000,eHIS,HIS_SETTLEMENT,NSK-OCS-470156 HIS_SETTLEMENT 3358005YT7JQCWYLTG43,500173741,Journal Import 2591655:,//SETTLEMENT,2,,,,,2650,0,Posted
16-09-2024,01.12102.000.0000.000.3706008.00000.000,eHIS,HIS_SETTLEMENT,NSK-OCS-470157 HIS_SETTLEMENT 3358005YT7JQCWYLTG43,500173461,Journal Import 2591655:,//SETTLEMENT,2,,,,,2280,0,Posted
16-09-2024,01.12102.000.0000.000.3706008.00000.000,eHIS,HIS_SETTLEMENT,NSK-OCS-470158 HIS_SETTLEMENT 3358005YT7JQCWYLTG43,500173711,Journal Import 2591655:,//SETTLEMENT,2,,,,,500,0,Posted
16-09-2024,01.12102.000.0000.000.3706008.00000.000,eHIS,HIS_SETTLEMENT,NSK-OCS-470159 HIS_SETTLEMENT 3358005YT7JQCWYLTG43,500173614,Journal Import 2591655:,//SETTLEMENT,2,,,,,1200,0,Posted
16-09-2024,01.12102.000.0000.000.3706008.00000.000,eHIS,HIS_SETTLEMENT,NSK-OCS-470160 HIS_SETTLEMENT 3358005YT7JQCWYLTG43,500173588,Journal Import 2591655:,//SETTLEMENT,2,,,,,1100,0,Posted
16-09-2024,01.12102.000.0000.000.3706008.00000.000,eHIS,HIS_SETTLEMENT,NSK-OCS-470161 HIS_SETTLEMENT 3358005YT7JQCWYLTG43,500173653,Journal Import 2591655:,//SETTLEMENT,2,,,,,800,0,Posted
16-09-2024,01.12102.000.0000.000.3706008.00000.000,eHIS,HIS_SETTLEMENT,NSK-OCS-470162 HIS_SETTLEMENT 3358005YT7JQCWYLTG43,500173654,Journal Import 2591655:,//SETTLEMENT,2,,,,,800,0,Posted
16-09-2024,01.12102.000.0000.000.3706008.00000.000,eHIS,HIS_SETTLEMENT,NSK-OCS-470163 HIS_SETTLEMENT 3358005YT7JQCWYLTG43,500173452,Journal Import 2591655:,//SETTLEMENT,2,,,,,900,0,Posted
16-09-2024,01.12102.000.0000.000.3706008.00000.000,eHIS,HIS_SETTLEMENT,NSK-OCS-470164 HIS_SETTLEMENT 3358005YT7JQCWYLTG43,500173572,Journal Import 2591655:,//SETTLEMENT,2,,,,,100,0,Posted
16-09-2024,01.12102.000.0000.000.3706008.00000.000,eHIS,HIS_SETTLEMENT,NSK-OCS-470165 HIS_SETTLEMENT 3358005YT7JQCWYLTG43,500173602,Journal Import 2591655:,//SETTLEMENT,2,,,,,4022,0,Posted
16-09-2024,01.12102.000.0000.000.3706008.00000.000,eHIS,HIS_SETTLEMENT,NSK-OCS-470166 HIS_SETTLEMENT 3358005YT7JQCWYLTG43,500173712,Journal Import 2591655:,//SETTLEMENT,2,,,,,500,0,Posted
16-09-2024,01.12102.000.0000.000.3706008.00000.000,eHIS,HIS_SETTLEMENT,NSK-OCS-470167 HIS_SETTLEMENT 3358005YT7JQCWYLTG43,500173655,Journal Import 2591655:,//SETTLEMENT,2,,,,,800,0,Posted
16-09-2024,01.12102.000.0000.000.3706008.00000.000,eHIS,HIS_SETTLEMENT,NSK-OCS-470168 HIS_SETTLEMENT 3358005YT7JQCWYLTG43,500173713,Journal Import 2591655:,//SETTLEMENT,2,,,,,500,0,Posted
16-09-2024,01.12102.000.0000.000.3706008.00000.000,eHIS,HIS_SETTLEMENT,NSK-OCS-470169 HIS_SETTLEMENT 3358005YT7JQCWYLTG43,500173714,Journal Import 2591655:,//SETTLEMENT,2,,,,,500,0,Posted
16-09-2024,01.12102.000.0000.000.3706008.00000.000,eHIS,HIS_SETTLEMENT,NSK-OCS-470170 HIS_SETTLEMENT 3358005YT7JQCWYLTG43,500173683,Journal Import 2591655:,//SETTLEMENT,2,,,,,375,0,Posted
16-09-2024,01.12102.000.0000.000.3706008.00000.000,eHIS,HIS_SETTLEMENT,NSK-OCS-470171 HIS_SETTLEMENT 3358005YT7JQCWYLTG43,500173656,Journal Import 2591655:,//SETTLEMENT,2,,,,,800,0,Posted
16-09-2024,01.12102.000.0000.000.3706008.00000.000,eHIS,HIS_SETTLEMENT,NSK-OCS-470172 HIS_SETTLEMENT 3358005YT7JQCWYLTG43,500173585,Journal Import 2591655:,//SETTLEMENT,2,,,,,16100,0,Posted
16-09-2024,01.12102.000.0000.000.3706008.00000.000,eHIS,HIS_SETTLEMENT,NSK-OCS-470173 HIS_SETTLEMENT 3358005YT7JQCWYLTG43,500173657,Journal Import 2591655:,//SETTLEMENT,2,,,,,800,0,Posted
16-09-2024,01.12102.000.0000.000.3706008.00000.000,eHIS,HIS_SETTLEMENT,NSK-OCS-470174 HIS_SETTLEMENT 3358005YT7JQCWYLTG43,500173658,Journal Import 2591655:,//SETTLEMENT,2,,,,,800,0,Posted
16-09-2024,01.12102.000.0000.000.3706008.00000.000,eHIS,HIS_SETTLEMENT,NSK-OCS-470175 HIS_SETTLEMENT 3358005YT7JQCWYLTG43,500173659,Journal Import 2591655:,//SETTLEMENT,2,,,,,800,0,Posted
16-09-2024,01.12102.000.0000.000.3706008.00000.000,eHIS,HIS_SETTLEMENT,NSK-OCS-470176 HIS_SETTLEMENT 3358005YT7JQCWYLTG43,500173715,Journal Import 2591655:,//SETTLEMENT,2,,,,,500,0,Posted
16-09-2024,01.12102.000.0000.000.3706008.00000.000,eHIS,HIS_SETTLEMENT,NSK-OCS-470177 HIS_SETTLEMENT 3358005YT7JQCWYLTG43,500173699,Journal Import 2591655:,//SETTLEMENT,2,,,,,450,0,Posted
16-09-2024,01.12102.000.0000.000.3706008.00000.000,eHIS,HIS_SETTLEMENT,NSK-OCS-470178 HIS_SETTLEMENT 3358005YT7JQCWYLTG43,500173716,Journal Import 2591655:,//SETTLEMENT,2,,,,,500,0,Posted
16-09-2024,01.12102.000.0000.000.3706008.00000.000,eHIS,HIS_SETTLEMENT,NSK-OCS-470179 HIS_SETTLEMENT 3358005YT7JQCWYLTG43,500173589,Journal Import 2591655:,//SETTLEMENT,2,,,,,1100,0,Posted
16-09-2024,01.12102.000.0000.000.3706008.00000.000,eHIS,HIS_SETTLEMENT,NSK-OCS-470180 HIS_SETTLEMENT 3358005YT7JQCWYLTG43,500173578,Journal Import 2591655:,//SETTLEMENT,2,,,,,600,0,Posted
16-09-2024,01.12102.000.0000.000.3706008.00000.000,eHIS,HIS_SETTLEMENT,NSK-OCS-470181 HIS_SETTLEMENT 3358005YT7JQCWYLTG43,500173668,Journal Import 2591655:,//SETTLEMENT,2,,,,,300,0,Posted
16-09-2024,01.12102.000.0000.000.3706008.00000.000,eHIS,HIS_SETTLEMENT,NSK-OCS-470182 HIS_SETTLEMENT 3358005YT7JQCWYLTG43,500173717,Journal Import 2591655:,//SETTLEMENT,2,,,,,500,0,Posted
16-09-2024,01.12102.000.0000.000.3706008.00000.000,eHIS,HIS_SETTLEMENT,NSK-OCS-470183 HIS_SETTLEMENT 3358005YT7JQCWYLTG43,500173595,Journal Import 2591655:,//SETTLEMENT,2,,,,,700,0,Posted
16-09-2024,01.12102.000.0000.000.3706008.00000.000,eHIS,HIS_SETTLEMENT,NSK-OCS-470184 HIS_SETTLEMENT 3358005YT7JQCWYLTG43,500173457,Journal Import 2591655:,//SETTLEMENT,2,,,,,2180,0,Posted
16-09-2024,01.12102.000.0000.000.3706008.00000.000,eHIS,HIS_SETTLEMENT,NSK-OCS-470185 HIS_SETTLEMENT 3358005YT7JQCWYLTG43,500173660,Journal Import 2591655:,//SETTLEMENT,2,,,,,800,0,Posted
16-09-2024,01.12102.000.0000.000.3706008.00000.000,eHIS,HIS_SETTLEMENT,NSK-OCS-470186 HIS_SETTLEMENT 3358005YT7JQCWYLTG43,500173590,Journal Import 2591655:,//SETTLEMENT,2,,,,,1100,0,Posted
16-09-2024,01.12102.000.0000.000.3706008.00000.000,eHIS,HIS_SETTLEMENT,NSK-OCS-470187 HIS_SETTLEMENT 3358005YT7JQCWYLTG43,500173661,Journal Import 2591655:,//SETTLEMENT,2,,,,,800,0,Posted
16-09-2024,01.12102.000.0000.000.3706008.00000.000,eHIS,HIS_SETTLEMENT,NSK-OCS-470188 HIS_SETTLEMENT 3358005YT7JQCWYLTG43,500173718,Journal Import 2591655:,//SETTLEMENT,2,,,,,500,0,Posted
16-09-2024,01.12102.000.0000.000.3706008.00000.000,eHIS,HIS_SETTLEMENT,NSK-OCS-470189 HIS_SETTLEMENT 3358005YT7JQCWYLTG43,500173719,Journal Import 2591655:,//SETTLEMENT,2,,,,,500,0,Posted
16-09-2024,01.12102.000.0000.000.3706008.00000.000,eHIS,HIS_SETTLEMENT,NSK-OCS-470190 HIS_SETTLEMENT 3358005YT7JQCWYLTG43,500173720,Journal Import 2591655:,//SETTLEMENT,2,,,,,500,0,Posted
16-09-2024,01.12102.000.0000.000.3706008.00000.000,eHIS,HIS_SETTLEMENT,NSK-OCS-470191 HIS_SETTLEMENT 3358005YT7JQCWYLTG43,500173721,Journal Import 2591655:,//SETTLEMENT,2,,,,,500,0,Posted
16-09-2024,01.12102.000.0000.000.3706008.00000.000,eHIS,HIS_SETTLEMENT,NSK-OCS-470192 HIS_SETTLEMENT 3358005YT7JQCWYLTG43,500173640,Journal Import 2591655:,//SETTLEMENT,2,,,,,5700,0,Posted
16-09-2024,01.12102.000.0000.000.3706008.00000.000,eHIS,HIS_SETTLEMENT,NSK-OCS-470193 HIS_SETTLEMENT 3358005YT7JQCWYLTG43,500173626,Journal Import 2591655:,//SETTLEMENT,2,,,,,4725,0,Posted
16-09-2024,01.12102.000.0000.000.3706008.00000.000,eHIS,HIS_SETTLEMENT,NSK-OCS-470194 HIS_SETTLEMENT 3358005YT7JQCWYLTG43,500173579,Journal Import 2591655:,//SETTLEMENT,2,,,,,600,0,Posted
16-09-2024,01.12102.000.0000.000.3706008.00000.000,eHIS,HIS_SETTLEMENT,NSK-OCS-470195 HIS_SETTLEMENT 3358005YT7JQCWYLTG43,500173453,Journal Import 2591655:,//SETTLEMENT,2,,,,,900,0,Posted
16-09-2024,01.12102.000.0000.000.3706008.00000.000,eHIS,HIS_SETTLEMENT,NSK-OCS-470196 HIS_SETTLEMENT 3358005YT7JQCWYLTG43,500173644,Journal Import 2591655:,//SETTLEMENT,2,,,,,250,0,Posted
16-09-2024,01.12102.000.0000.000.3706008.00000.000,eHIS,HIS_SETTLEMENT,NSK-OCS-470197 HIS_SETTLEMENT 3358005YT7JQCWYLTG43,500173662,Journal Import 2591655:,//SETTLEMENT,2,,,,,800,0,Posted
16-09-2024,01.12102.000.0000.000.3706008.00000.000,eHIS,HIS_SETTLEMENT,NSK-OCS-470198 HIS_SETTLEMENT 3358005YT7JQCWYLTG43,500173663,Journal Import 2591655:,//SETTLEMENT,2,,,,,800,0,Posted
16-09-2024,01.12102.000.0000.000.3706008.00000.000,eHIS,HIS_SETTLEMENT,NSK-OCS-470199 HIS_SETTLEMENT 3358005YT7JQCWYLTG43,500173664,Journal Import 2591655:,//SETTLEMENT,2,,,,,800,0,Posted
16-09-2024,01.12102.000.0000.000.3706008.00000.000,eHIS,HIS_SETTLEMENT,NSK-OCS-470200 HIS_SETTLEMENT 3358005YT7JQCWYLTG43,500173686,Journal Import 2591655:,//SETTLEMENT,2,,,,,400,0,Posted
16-09-2024,01.12102.000.0000.000.3706008.00000.000,eHIS,HIS_SETTLEMENT,NSK-OCS-470201 HIS_SETTLEMENT 3358005YT7JQCWYLTG43,500173665,Journal Import 2591655:,//SETTLEMENT,2,,,,,800,0,Posted
16-09-2024,01.12102.000.0000.000.3706008.00000.000,eHIS,HIS_SETTLEMENT,NSK-OCS-470202 HIS_SETTLEMENT 3358005YT7JQCWYLTG43,500173739,Journal Import 2591655:,//SETTLEMENT,2,,,,,2400,0,Posted
16-09-2024,01.12102.000.0000.000.3706008.00000.000,eHIS,HIS_SETTLEMENT,NSK-OCS-470203 HIS_SETTLEMENT 3358005YT7JQCWYLTG43,500173549,Journal Import 2591655:,//SETTLEMENT,2,,,,,99,0,Posted
16-09-2024,01.12102.000.0000.000.3706008.00000.000,eHIS,HIS_SETTLEMENT,NSK-OCS-470204 HIS_SETTLEMENT 3358005YT7JQCWYLTG43,500173669,Journal Import 2591655:,//SETTLEMENT,2,,,,,800,0,Posted
17-09-2024,01.12102.000.0000.000.3706008.00000.000,eHIS,HIS_SETTLEMENT,NSK-OCS-470205 HIS_SETTLEMENT 3358005YT7JQCWYLTG43,500174295,Journal Import 2599930:,//SETTLEMENT,2,,,,,350,0,Posted
16-09-2024,01.12102.000.0000.000.3706008.00000.000,eHIS,HIS_SETTLEMENT,NSK-OCS-470206 HIS_SETTLEMENT 3358005YT7JQCWYLTG43,500173722,Journal Import 2591655:,//SETTLEMENT,2,,,,,500,0,Posted
16-09-2024,01.12102.000.0000.000.3706008.00000.000,eHIS,HIS_SETTLEMENT,NSK-OCS-470207 HIS_SETTLEMENT 3358005YT7JQCWYLTG43,500173596,Journal Import 2591655:,//SETTLEMENT,2,,,,,700,0,Posted
16-09-2024,01.12102.000.0000.000.3706008.00000.000,eHIS,HIS_SETTLEMENT,NSK-OCS-470208 HIS_SETTLEMENT 3358005YT7JQCWYLTG43,500173723,Journal Import 2591655:,//SETTLEMENT,2,,,,,500,0,Posted
16-09-2024,01.12102.000.0000.000.3706008.00000.000,eHIS,HIS_SETTLEMENT,NSK-OCS-470209 HIS_SETTLEMENT 3358005YT7JQCWYLTG43,500173615,Journal Import 2591655:,//SETTLEMENT,2,,,,,1200,0,Posted
16-09-2024,01.12102.000.0000.000.3706008.00000.000,eHIS,HIS_SETTLEMENT,NSK-OCS-470210 HIS_SETTLEMENT 3358005YT7JQCWYLTG43,500173724,Journal Import 2591655:,//SETTLEMENT,2,,,,,500,0,Posted
16-09-2024,01.12102.000.0000.000.3706008.00000.000,eHIS,HIS_SETTLEMENT,NSK-OCS-470211 HIS_SETTLEMENT 3358005YT7JQCWYLTG43,500173573,Journal Import 2591655:,//SETTLEMENT,2,,,,,100,0,Posted
16-09-2024,01.12102.000.0000.000.3706008.00000.000,eHIS,HIS_SETTLEMENT,NSK-OCS-470212 HIS_SETTLEMENT 3358005YT7JQCWYLTG43,500173725,Journal Import 2591655:,//SETTLEMENT,2,,,,,500,0,Posted
16-09-2024,01.12102.000.0000.000.3706008.00000.000,eHIS,HIS_SETTLEMENT,NSK-OCS-470213 HIS_SETTLEMENT 3358005YT7JQCWYLTG43,500173701,Journal Import 2591655:,//SETTLEMENT,3,,,,,475,0,Posted
16-09-2024,01.12102.000.0000.000.3706008.00000.000,eHIS,HIS_SETTLEMENT,NSK-OCS-470213 HIS_SETTLEMENT 3358005YT7JQCWYLTG43,500173701,Journal Import 2591655:,//SETTLEMENT,4,,,,,4725,0,Posted
16-09-2024,01.12102.000.0000.000.3706008.00000.000,eHIS,HIS_SETTLEMENT,NSK-OCS-470214 HIS_SETTLEMENT 3358005YT7JQCWYLTG43,500173557,Journal Import 2591655:,//SETTLEMENT,2,,,,,7300,0,Posted
16-09-2024,01.12102.000.0000.000.3706008.00000.000,eHIS,HIS_SETTLEMENT,NSK-OCS-470215 HIS_SETTLEMENT 3358005YT7JQCWYLTG43,500173609,Journal Import 2591655:,//SETTLEMENT,2,,,,,750,0,Posted
16-09-2024,01.12102.000.0000.000.3706008.00000.000,eHIS,HIS_SETTLEMENT,NSK-OCS-470216 HIS_SETTLEMENT 3358005YT7JQCWYLTG43,500173532,Journal Import 2591655:,//SETTLEMENT,2,,,,,1000,0,Posted
16-09-2024,01.12102.000.0000.000.3706008.00000.000,eHIS,HIS_SETTLEMENT,NSK-OCS-470217 HIS_SETTLEMENT 3358005YT7JQCWYLTG43,500173454,Journal Import 2591655:,//SETTLEMENT,2,,,,,900,0,Posted
16-09-2024,01.12102.000.0000.000.3706008.00000.000,eHIS,HIS_SETTLEMENT,NSK-OCS-470218 HIS_SETTLEMENT 3358005YT7JQCWYLTG43,500173690,Journal Import 2591655:,//SETTLEMENT,2,,,,,1700,0,Posted
17-09-2024,01.12102.000.0000.000.3706008.00000.000,eHIS,HIS_SETTLEMENT,NSK-OCS-470219 HIS_SETTLEMENT 3358005YT7JQCWYLTG43,500174288,Journal Import 2599930:,//SETTLEMENT,2,,,,,1080,0,Posted
16-09-2024,01.12102.000.0000.000.3706008.00000.000,eHIS,HIS_SETTLEMENT,NSK-OCS-470220 HIS_SETTLEMENT 3358005YT7JQCWYLTG43,500173574,Journal Import 2591655:,//SETTLEMENT,2,,,,,100,0,Posted
16-09-2024,01.12102.000.0000.000.3706008.00000.000,eHIS,HIS_SETTLEMENT,NSK-OCS-470221 HIS_SETTLEMENT 3358005YT7JQCWYLTG43,500173591,Journal Import 2591655:,//SETTLEMENT,2,,,,,1100,0,Posted
16-09-2024,01.12102.000.0000.000.3706008.00000.000,eHIS,HIS_SETTLEMENT,NSK-OCS-470222 HIS_SETTLEMENT 3358005YT7JQCWYLTG43,500173670,Journal Import 2591655:,//SETTLEMENT,2,,,,,800,0,Posted
16-09-2024,01.12102.000.0000.000.3706008.00000.000,eHIS,HIS_SETTLEMENT,NSK-OCS-470223 HIS_SETTLEMENT 3358005YT7JQCWYLTG43,500173455,Journal Import 2591655:,//SETTLEMENT,2,,,,,900,0,Posted
16-09-2024,01.12102.000.0000.000.3706008.00000.000,eHIS,HIS_SETTLEMENT,NSK-OCS-470224 HIS_SETTLEMENT 3358005YT7JQCWYLTG43,500173642,Journal Import 2591655:,//SETTLEMENT,2,,,,,5800,0,Posted
16-09-2024,01.12102.000.0000.000.3706008.00000.000,eHIS,HIS_SETTLEMENT,NSK-OCS-470225 HIS_SETTLEMENT 3358005YT7JQCWYLTG43,500173597,Journal Import 2591655:,//SETTLEMENT,2,,,,,700,0,Posted
16-09-2024,01.12102.000.0000.000.3706008.00000.000,eHIS,HIS_SETTLEMENT,NSK-OCS-470226 HIS_SETTLEMENT 3358005YT7JQCWYLTG43,500173687,Journal Import 2591655:,//SETTLEMENT,2,,,,,400,0,Posted
16-09-2024,01.12102.000.0000.000.3706008.00000.000,eHIS,HIS_SETTLEMENT,NSK-OCS-470227 HIS_SETTLEMENT 3358005YT7JQCWYLTG43,500173726,Journal Import 2591655:,//SETTLEMENT,2,,,,,500,0,Posted
16-09-2024,01.12102.000.0000.000.3706008.00000.000,eHIS,HIS_SETTLEMENT,NSK-OCS-470228 HIS_SETTLEMENT 3358005YT7JQCWYLTG43,500173645,Journal Import 2591655:,//SETTLEMENT,2,,,,,250,0,Posted
16-09-2024,01.12102.000.0000.000.3706008.00000.000,eHIS,HIS_SETTLEMENT,NSK-OCS-470229 HIS_SETTLEMENT 3358005YT7JQCWYLTG43,500173533,Journal Import 2591655:,//SETTLEMENT,2,,,,,1000,0,Posted
16-09-2024,01.12102.000.0000.000.3706008.00000.000,eHIS,HIS_SETTLEMENT,NSK-OCS-470230 HIS_SETTLEMENT 3358005YT7JQCWYLTG43,500173534,Journal Import 2591655:,//SETTLEMENT,2,,,,,1000,0,Posted
16-09-2024,01.12102.000.0000.000.3706008.00000.000,eHIS,HIS_SETTLEMENT,NSK-OCS-470231 HIS_SETTLEMENT 3358005YT7JQCWYLTG43,500173727,Journal Import 2591655:,//SETTLEMENT,2,,,,,500,0,Posted
16-09-2024,01.12102.000.0000.000.3706008.00000.000,eHIS,HIS_SETTLEMENT,NSK-OCS-470232 HIS_SETTLEMENT 3358005YT7JQCWYLTG43,500173666,Journal Import 2591655:,//SETTLEMENT,2,,,,,1300,0,Posted
16-09-2024,01.12102.000.0000.000.3706008.00000.000,eHIS,HIS_SETTLEMENT,NSK-OCS-470233 HIS_SETTLEMENT 3358005YT7JQCWYLTG43,500173693,Journal Import 2591655:,//SETTLEMENT,2,,,,,1850,0,Posted
16-09-2024,01.12102.000.0000.000.3706008.00000.000,eHIS,HIS_SETTLEMENT,NSK-OCS-470234 HIS_SETTLEMENT 3358005YT7JQCWYLTG43,500173671,Journal Import 2591655:,//SETTLEMENT,2,,,,,800,0,Posted
16-09-2024,01.12102.000.0000.000.3706008.00000.000,eHIS,HIS_SETTLEMENT,NSK-OCS-470235 HIS_SETTLEMENT 3358005YT7JQCWYLTG43,500173728,Journal Import 2591655:,//SETTLEMENT,2,,,,,500,0,Posted
16-09-2024,01.12102.000.0000.000.3706008.00000.000,eHIS,HIS_SETTLEMENT,NSK-OCS-470236 HIS_SETTLEMENT 3358005YT7JQCWYLTG43,500173646,Journal Import 2591655:,//SETTLEMENT,2,,,,,250,0,Posted
16-09-2024,01.12102.000.0000.000.3706008.00000.000,eHIS,HIS_SETTLEMENT,NSK-OCS-470237 HIS_SETTLEMENT 3358005YT7JQCWYLTG43,500173535,Journal Import 2591655:,//SETTLEMENT,2,,,,,1000,0,Posted
16-09-2024,01.12102.000.0000.000.3706008.00000.000,eHIS,HIS_SETTLEMENT,NSK-OCS-470238 HIS_SETTLEMENT 3358005YT7JQCWYLTG43,500173580,Journal Import 2591655:,//SETTLEMENT,2,,,,,600,0,Posted
16-09-2024,01.12102.000.0000.000.3706008.00000.000,eHIS,HIS_SETTLEMENT,NSK-OCS-470239 HIS_SETTLEMENT 3358005YT7JQCWYLTG43,500173592,Journal Import 2591655:,//SETTLEMENT,2,,,,,1100,0,Posted
16-09-2024,01.12102.000.0000.000.3706008.00000.000,eHIS,HIS_SETTLEMENT,NSK-OCS-470240 HIS_SETTLEMENT 3358005YT7JQCWYLTG43,500173629,Journal Import 2591655:,//SETTLEMENT,2,,,,,750,0,Posted
16-09-2024,01.12102.000.0000.000.3706008.00000.000,eHIS,HIS_SETTLEMENT,NSK-OCS-470241 HIS_SETTLEMENT 3358005YT7JQCWYLTG43,500173536,Journal Import 2591655:,//SETTLEMENT,2,,,,,1000,0,Posted
16-09-2024,01.12102.000.0000.000.3706008.00000.000,eHIS,HIS_SETTLEMENT,NSK-OCS-470242 HIS_SETTLEMENT 3358005YT7JQCWYLTG43,500173537,Journal Import 2591655:,//SETTLEMENT,2,,,,,1000,0,Posted
16-09-2024,01.12102.000.0000.000.3706008.00000.000,eHIS,HIS_SETTLEMENT,NSK-OCS-470243 HIS_SETTLEMENT 3358005YT7JQCWYLTG43,500173627,Journal Import 2591655:,//SETTLEMENT,2,,,,,200,0,Posted
16-09-2024,01.12102.000.0000.000.3706008.00000.000,eHIS,HIS_SETTLEMENT,NSK-OCS-470244 HIS_SETTLEMENT 3358005YT7JQCWYLTG43,500173672,Journal Import 2591655:,//SETTLEMENT,2,,,,,800,0,Posted
16-09-2024,01.12102.000.0000.000.3706008.00000.000,eHIS,HIS_SETTLEMENT,NSK-OCS-470245 HIS_SETTLEMENT 3358005YT7JQCWYLTG43,500173673,Journal Import 2591655:,//SETTLEMENT,2,,,,,800,0,Posted
16-09-2024,01.12102.000.0000.000.3706008.00000.000,eHIS,HIS_SETTLEMENT,NSK-OCS-470246 HIS_SETTLEMENT 3358005YT7JQCWYLTG43,500173459,Journal Import 2591655:,//SETTLEMENT,2,,,,,2250,0,Posted
16-09-2024,01.12102.000.0000.000.3706008.00000.000,eHIS,HIS_SETTLEMENT,NSK-OCS-470247 HIS_SETTLEMENT 3358005YT7JQCWYLTG43,500173700,Journal Import 2591655:,//SETTLEMENT,2,,,,,450,0,Posted
16-09-2024,01.12102.000.0000.000.3706008.00000.000,eHIS,HIS_SETTLEMENT,NSK-OCS-470248 HIS_SETTLEMENT 3358005YT7JQCWYLTG43,500173456,Journal Import 2591655:,//SETTLEMENT,2,,,,,900,0,Posted
16-09-2024,01.12102.000.0000.000.3706008.00000.000,eHIS,HIS_SETTLEMENT,NSK-OCS-470249 HIS_SETTLEMENT 3358005YT7JQCWYLTG43,500173538,Journal Import 2591655:,//SETTLEMENT,2,,,,,1000,0,Posted
16-09-2024,01.12102.000.0000.000.3706008.00000.000,eHIS,HIS_SETTLEMENT,NSK-OCS-470250 HIS_SETTLEMENT 3358005YT7JQCWYLTG43,500173539,Journal Import 2591655:,//SETTLEMENT,2,,,,,1000,0,Posted
16-09-2024,01.12102.000.0000.000.3706008.00000.000,eHIS,HIS_SETTLEMENT,NSK-OCS-470251 HIS_SETTLEMENT 3358005YT7JQCWYLTG43,500173674,Journal Import 2591655:,//SETTLEMENT,2,,,,,800,0,Posted
16-09-2024,01.12102.000.0000.000.3706008.00000.000,eHIS,HIS_SETTLEMENT,NSK-OCS-470252 HIS_SETTLEMENT 3358005YT7JQCWYLTG43,500173736,Journal Import 2591655:,//SETTLEMENT,2,,,,,900,0,Posted
16-09-2024,01.12102.000.0000.000.3706008.00000.000,eHIS,HIS_SETTLEMENT,NSK-OCS-470253 HIS_SETTLEMENT 3358005YT7JQCWYLTG43,500173636,Journal Import 2591655:,//SETTLEMENT,2,,,,,5000,0,Posted
16-09-2024,01.12102.000.0000.000.3706008.00000.000,eHIS,HIS_SETTLEMENT,NSK-OCS-470254 HIS_SETTLEMENT 3358005YT7JQCWYLTG43,500173675,Journal Import 2591655:,//SETTLEMENT,2,,,,,800,0,Posted
16-09-2024,01.12102.000.0000.000.3706008.00000.000,eHIS,HIS_SETTLEMENT,NSK-OCS-470255 HIS_SETTLEMENT 3358005YT7JQCWYLTG43,500173575,Journal Import 2591655:,//SETTLEMENT,2,,,,,100,0,Posted
16-09-2024,01.12102.000.0000.000.3706008.00000.000,eHIS,HIS_SETTLEMENT,NSK-OCS-470256 HIS_SETTLEMENT 3358005YT7JQCWYLTG43,500173616,Journal Import 2591655:,//SETTLEMENT,2,,,,,1200,0,Posted
16-09-2024,01.12102.000.0000.000.3706008.00000.000,eHIS,HIS_SETTLEMENT,NSK-OCS-470257 HIS_SETTLEMENT 3358005YT7JQCWYLTG43,500173540,Journal Import 2591655:,//SETTLEMENT,2,,,,,1000,0,Posted
16-09-2024,01.12102.000.0000.000.3706008.00000.000,eHIS,HIS_SETTLEMENT,NSK-OCS-470258 HIS_SETTLEMENT 3358005YT7JQCWYLTG43,500173676,Journal Import 2591655:,//SETTLEMENT,2,,,,,800,0,Posted
16-09-2024,01.12102.000.0000.000.3706008.00000.000,eHIS,HIS_SETTLEMENT,NSK-OCS-470259 HIS_SETTLEMENT 3358005YT7JQCWYLTG43,500173684,Journal Import 2591655:,//SETTLEMENT,2,,,,,375,0,Posted
16-09-2024,01.12102.000.0000.000.3706008.00000.000,eHIS,HIS_SETTLEMENT,NSK-OCS-470260 HIS_SETTLEMENT 3358005YT7JQCWYLTG43,500173576,Journal Import 2591655:,//SETTLEMENT,2,,,,,100,0,Posted
16-09-2024,01.12102.000.0000.000.3706008.00000.000,eHIS,HIS_SETTLEMENT,NSK-OCS-470261 HIS_SETTLEMENT 3358005YT7JQCWYLTG43,500173593,Journal Import 2591655:,//SETTLEMENT,2,,,,,1100,0,Posted
16-09-2024,01.12102.000.0000.000.3706008.00000.000,eHIS,HIS_SETTLEMENT,NSK-OCS-470262 HIS_SETTLEMENT 3358005YT7JQCWYLTG43,500173598,Journal Import 2591655:,//SETTLEMENT,2,,,,,1100,0,Posted
16-09-2024,01.12102.000.0000.000.3706008.00000.000,eHIS,HIS_SETTLEMENT,NSK-OCS-470263 HIS_SETTLEMENT 3358005YT7JQCWYLTG43,500173677,Journal Import 2591655:,//SETTLEMENT,2,,,,,800,0,Posted
16-09-2024,01.12102.000.0000.000.3706008.00000.000,eHIS,HIS_SETTLEMENT,NSK-OCS-470264 HIS_SETTLEMENT 3358005YT7JQCWYLTG43,500173729,Journal Import 2591655:,//SETTLEMENT,2,,,,,500,0,Posted
16-09-2024,01.12102.000.0000.000.3706008.00000.000,eHIS,HIS_SETTLEMENT,NSK-OCS-470265 HIS_SETTLEMENT 3358005YT7JQCWYLTG43,500173667,Journal Import 2591655:,//SETTLEMENT,2,,,,,1300,0,Posted
16-09-2024,01.12102.000.0000.000.3706008.00000.000,eHIS,HIS_SETTLEMENT,NSK-OCS-470266 HIS_SETTLEMENT 3358005YT7JQCWYLTG43,500173730,Journal Import 2591655:,//SETTLEMENT,2,,,,,500,0,Posted
16-09-2024,01.12102.000.0000.000.3706008.00000.000,eHIS,HIS_SETTLEMENT,NSK-OCS-470267 HIS_SETTLEMENT 3358005YT7JQCWYLTG43,500173731,Journal Import 2591655:,//SETTLEMENT,2,,,,,500,0,Posted
17-09-2024,01.12102.000.0000.000.3706008.00000.000,eHIS,HIS_SETTLEMENT,NSK-OCS-470268 HIS_SETTLEMENT 3358005YT7JQCWYLTG43,500174286,Journal Import 2599930:,//SETTLEMENT,2,,,,,450,0,Posted
16-09-2024,01.12102.000.0000.000.3706008.00000.000,eHIS,HIS_SETTLEMENT,NSK-OCS-470269 HIS_SETTLEMENT 3358005YT7JQCWYLTG43,500173694,Journal Import 2591655:,//SETTLEMENT,2,,,,,1850,0,Posted
16-09-2024,01.12102.000.0000.000.3706008.00000.000,eHIS,HIS_SETTLEMENT,NSK-OCS-470270 HIS_SETTLEMENT 3358005YT7JQCWYLTG43,500173617,Journal Import 2591655:,//SETTLEMENT,2,,,,,1200,0,Posted
16-09-2024,01.12102.000.0000.000.3706008.00000.000,eHIS,HIS_SETTLEMENT,NSK-OCS-470271 HIS_SETTLEMENT 3358005YT7JQCWYLTG43,500173695,Journal Import 2591655:,//SETTLEMENT,2,,,,,1850,0,Posted
16-09-2024,01.12102.000.0000.000.3706008.00000.000,eHIS,HIS_SETTLEMENT,NSK-OCS-470272 HIS_SETTLEMENT 3358005YT7JQCWYLTG43,500173685,Journal Import 2591655:,//SETTLEMENT,2,,,,,375,0,Posted
16-09-2024,01.12102.000.0000.000.3706008.00000.000,eHIS,HIS_SETTLEMENT,NSK-OCS-470273 HIS_SETTLEMENT 3358005YT7JQCWYLTG43,500173541,Journal Import 2591655:,//SETTLEMENT,2,,,,,1000,0,Posted
16-09-2024,01.12102.000.0000.000.3706008.00000.000,eHIS,HIS_SETTLEMENT,NSK-OCS-470274 HIS_SETTLEMENT 3358005YT7JQCWYLTG43,500173732,Journal Import 2591655:,//SETTLEMENT,2,,,,,500,0,Posted
16-09-2024,01.12102.000.0000.000.3706008.00000.000,eHIS,HIS_SETTLEMENT,NSK-OCS-470275 HIS_SETTLEMENT 3358005YT7JQCWYLTG43,500173678,Journal Import 2591655:,//SETTLEMENT,2,,,,,800,0,Posted
16-09-2024,01.12102.000.0000.000.3706008.00000.000,eHIS,HIS_SETTLEMENT,NSK-OCS-470276 HIS_SETTLEMENT 3358005YT7JQCWYLTG43,500173639,Journal Import 2591655:,//SETTLEMENT,2,,,,,5350,0,Posted
16-09-2024,01.12102.000.0000.000.3706008.00000.000,eHIS,HIS_SETTLEMENT,NSK-OCS-470277 HIS_SETTLEMENT 3358005YT7JQCWYLTG43,500173688,Journal Import 2591655:,//SETTLEMENT,2,,,,,400,0,Posted
16-09-2024,01.12102.000.0000.000.3706008.00000.000,eHIS,HIS_SETTLEMENT,NSK-OCS-470278 HIS_SETTLEMENT 3358005YT7JQCWYLTG43,500173599,Journal Import 2591655:,//SETTLEMENT,2,,,,,1100,0,Posted
16-09-2024,01.12102.000.0000.000.3706008.00000.000,eHIS,HIS_SETTLEMENT,NSK-OCS-470279 HIS_SETTLEMENT 3358005YT7JQCWYLTG43,500173601,Journal Import 2591655:,//SETTLEMENT,2,,,,,4000,0,Posted
16-09-2024,01.12102.000.0000.000.3706008.00000.000,eHIS,HIS_SETTLEMENT,NSK-OCS-470280 HIS_SETTLEMENT 3358005YT7JQCWYLTG43,500173737,Journal Import 2591655:,//SETTLEMENT,2,,,,,900,0,Posted
16-09-2024,01.12102.000.0000.000.3706008.00000.000,eHIS,HIS_SETTLEMENT,NSK-OCS-470281 HIS_SETTLEMENT 3358005YT7JQCWYLTG43,500173738,Journal Import 2591655:,//SETTLEMENT,2,,,,,900,0,Posted
16-09-2024,01.12102.000.0000.000.3706008.00000.000,eHIS,HIS_SETTLEMENT,NSK-OCS-470282 HIS_SETTLEMENT 3358005YT7JQCWYLTG43,500173679,Journal Import 2591655:,//SETTLEMENT,2,,,,,800,0,Posted
16-09-2024,01.12102.000.0000.000.3706008.00000.000,eHIS,HIS_SETTLEMENT,NSK-OCS-470283 HIS_SETTLEMENT 3358005YT7JQCWYLTG43,500173448,Journal Import 2591655:,//SETTLEMENT,2,,,,,650,0,Posted
16-09-2024,01.12102.000.0000.000.3706008.00000.000,eHIS,HIS_SETTLEMENT,NSK-OCS-470284 HIS_SETTLEMENT 3358005YT7JQCWYLTG43,500173682,Journal Import 2591655:,//SETTLEMENT,2,,,,,350,0,Posted
16-09-2024,01.12102.000.0000.000.3706008.00000.000,eHIS,HIS_SETTLEMENT,NSK-OCS-470285 HIS_SETTLEMENT 3358005YT7JQCWYLTG43,500173628,Journal Import 2591655:,//SETTLEMENT,2,,,,,200,0,Posted
16-09-2024,01.12102.000.0000.000.3706008.00000.000,eHIS,HIS_SETTLEMENT,NSK-OCS-470286 HIS_SETTLEMENT 3358005YT7JQCWYLTG43,500173689,Journal Import 2591655:,//SETTLEMENT,2,,,,,400,0,Posted
16-09-2024,01.12102.000.0000.000.3706008.00000.000,eHIS,HIS_SETTLEMENT,NSK-OCS-470287 HIS_SETTLEMENT 3358005YT7JQCWYLTG43,500173680,Journal Import 2591655:,//SETTLEMENT,2,,,,,800,0,Posted
16-09-2024,01.12102.000.0000.000.3706008.00000.000,eHIS,HIS_SETTLEMENT,NSK-OCS-470288 HIS_SETTLEMENT 3358005YT7JQCWYLTG43,500173696,Journal Import 2591655:,//SETTLEMENT,2,,,,,1850,0,Posted
16-09-2024,01.12102.000.0000.000.3706008.00000.000,eHIS,HIS_SETTLEMENT,NSK-OCS-470289 HIS_SETTLEMENT 3358005YT7JQCWYLTG43,500173621,Journal Import 2591655:,//SETTLEMENT,2,,,,,4450,0,Posted
16-09-2024,01.12102.000.0000.000.3706008.00000.000,eHIS,HIS_SETTLEMENT,NSK-OCS-470290 HIS_SETTLEMENT 3358005YT7JQCWYLTG43,500173735,Journal Import 2591655:,//SETTLEMENT,2,,,,,2300,0,Posted
16-09-2024,01.12102.000.0000.000.3706008.00000.000,eHIS,HIS_SETTLEMENT,NSK-OCS-470291 HIS_SETTLEMENT 3358005YT7JQCWYLTG43,500173681,Journal Import 2591655:,//SETTLEMENT,2,,,,,800,0,Posted
16-09-2024,01.12102.000.0000.000.3706008.00000.000,eHIS,HIS_SETTLEMENT,NSK-OCS-470292 HIS_SETTLEMENT 3358005YT7JQCWYLTG43,500173618,Journal Import 2591655:,//SETTLEMENT,2,,,,,1200,0,Posted
17-09-2024,01.12102.000.0000.000.3706008.00000.000,eHIS,HIS_SETTLEMENT,NSK-OCS-470293 HIS_SETTLEMENT 3358005YT7JQCWYLTG43,500174296,Journal Import 2599930:,//SETTLEMENT,2,,,,,350,0,Posted
16-09-2024,01.12102.000.0000.000.3706008.00000.000,eHIS,HIS_SETTLEMENT,NSK-OCS-470294 HIS_SETTLEMENT 3358005YT7JQCWYLTG43,500173691,Journal Import 2591655:,//SETTLEMENT,2,,,,,1800,0,Posted
16-09-2024,01.12102.000.0000.000.3706008.00000.000,eHIS,HIS_SETTLEMENT,NSK-OCS-470295 HIS_SETTLEMENT 3358005YT7JQCWYLTG43,500173702,Journal Import 2591655:,//SETTLEMENT,2,,,,,1850,0,Posted
16-09-2024,01.12102.000.0000.000.3706008.00000.000,eHIS,HIS_SETTLEMENT,NSK-OCS-470296 HIS_SETTLEMENT 3358005YT7JQCWYLTG43,500173733,Journal Import 2591655:,//SETTLEMENT,3,,,,,500,0,Posted
16-09-2024,01.12102.000.0000.000.3706008.00000.000,eHIS,HIS_SETTLEMENT,NSK-OCS-470296 HIS_SETTLEMENT 3358005YT7JQCWYLTG43,500173733,Journal Import 2591655:,//SETTLEMENT,4,,,,,1350,0,Posted
16-09-2024,01.12102.000.0000.000.3706008.00000.000,eHIS,HIS_SETTLEMENT,NSK-OCS-470297 HIS_SETTLEMENT 3358005YT7JQCWYLTG43,500173542,Journal Import 2591655:,//SETTLEMENT,2,,,,,1000,0,Posted
16-09-2024,01.12102.000.0000.000.3706008.00000.000,eHIS,HIS_SETTLEMENT,NSK-OCS-470298 HIS_SETTLEMENT 3358005YT7JQCWYLTG43,500173619,Journal Import 2591655:,//SETTLEMENT,2,,,,,1200,0,Posted
16-09-2024,01.12102.000.0000.000.3706008.00000.000,eHIS,HIS_SETTLEMENT,NSK-OCS-470299 HIS_SETTLEMENT 3358005YT7JQCWYLTG43,500173703,Journal Import 2591655:,//SETTLEMENT,2,,,,,1850,0,Posted
16-09-2024,01.12102.000.0000.000.3706008.00000.000,eHIS,HIS_SETTLEMENT,NSK-OCS-470300 HIS_SETTLEMENT 3358005YT7JQCWYLTG43,500173643,Journal Import 2591655:,//SETTLEMENT,2,,,,,210,0,Posted
16-09-2024,01.12102.000.0000.000.3706008.00000.000,eHIS,HIS_SETTLEMENT,NSK-OCS-470301 HIS_SETTLEMENT 3358005YT7JQCWYLTG43,500173577,Journal Import 2591655:,//SETTLEMENT,2,,,,,100,0,Posted
16-09-2024,01.12102.000.0000.000.3706008.00000.000,eHIS,HIS_SETTLEMENT,NSK-OCS-470302 HIS_SETTLEMENT 3358005YT7JQCWYLTG43,500173623,Journal Import 2591655:,//SETTLEMENT,2,,,,,4500,0,Posted
16-09-2024,01.12102.000.0000.000.3706008.00000.000,eHIS,HIS_SETTLEMENT,NSK-OCS-470303 HIS_SETTLEMENT 3358005YT7JQCWYLTG43,500173734,Journal Import 2591655:,//SETTLEMENT,2,,,,,500,0,Posted
16-09-2024,01.12102.000.0000.000.3706008.00000.000,eHIS,HIS_SETTLEMENT,NSK-OCS-470304 HIS_SETTLEMENT 3358005YT7JQCWYLTG43,500173704,Journal Import 2591655:,//SETTLEMENT,2,,,,,1850,0,Posted
17-09-2024,01.12102.000.0000.000.3706008.00000.000,eHIS,HIS_SETTLEMENT,NSK-OCS-470305 HIS_SETTLEMENT 3358005YT7JQCWYLTG43,500174719,Journal Import 2591655:,//SETTLEMENT,2,,,,,6600,0,Posted
17-09-2024,01.12102.000.0000.000.3706008.00000.000,eHIS,HIS_SETTLEMENT,NSK-OCS-470306 HIS_SETTLEMENT 3358005YT7JQCWYLTG43,500174742,Journal Import 2591655:,//SETTLEMENT,2,,,,,3500,0,Posted
17-09-2024,01.12102.000.0000.000.3706008.00000.000,eHIS,HIS_SETTLEMENT,NSK-OCS-470307 HIS_SETTLEMENT 3358005YT7JQCWYLTG43,500174584,Journal Import 2591655:,//SETTLEMENT,2,,,,,2550,0,Posted
17-09-2024,01.12102.000.0000.000.3706008.00000.000,eHIS,HIS_SETTLEMENT,NSK-OCS-470308 HIS_SETTLEMENT 3358005YT7JQCWYLTG43,500174727,Journal Import 2591655:,//SETTLEMENT,2,,,,,100,0,Posted
17-09-2024,01.12102.000.0000.000.3706008.00000.000,eHIS,HIS_SETTLEMENT,NSK-OCS-470309 HIS_SETTLEMENT 3358005YT7JQCWYLTG43,500174557,Journal Import 2591655:,//SETTLEMENT,2,,,,,1850,0,Posted
17-09-2024,01.12102.000.0000.000.3706008.00000.000,eHIS,HIS_SETTLEMENT,NSK-OCS-470310 HIS_SETTLEMENT 3358005YT7JQCWYLTG43,500174728,Journal Import 2591655:,//SETTLEMENT,2,,,,,100,0,Posted
17-09-2024,01.12102.000.0000.000.3706008.00000.000,eHIS,HIS_SETTLEMENT,NSK-OCS-470311 HIS_SETTLEMENT 3358005YT7JQCWYLTG43,500174731,Journal Import 2591655:,//SETTLEMENT,2,,,,,100,0,Posted
17-09-2024,01.12102.000.0000.000.3706008.00000.000,eHIS,HIS_SETTLEMENT,NSK-OCS-470312 HIS_SETTLEMENT 3358005YT7JQCWYLTG43,500174558,Journal Import 2591655:,//SETTLEMENT,2,,,,,1850,0,Posted
17-09-2024,01.12102.000.0000.000.3706008.00000.000,eHIS,HIS_SETTLEMENT,NSK-OCS-470313 HIS_SETTLEMENT 3358005YT7JQCWYLTG43,500174653,Journal Import 2591655:,//SETTLEMENT,2,,,,,260,0,Posted
17-09-2024,01.12102.000.0000.000.3706008.00000.000,eHIS,HIS_SETTLEMENT,NSK-OCS-470314 HIS_SETTLEMENT 3358005YT7JQCWYLTG43,500174732,Journal Import 2591655:,//SETTLEMENT,2,,,,,100,0,Posted
17-09-2024,01.12102.000.0000.000.3706008.00000.000,eHIS,HIS_SETTLEMENT,NSK-OCS-470315 HIS_SETTLEMENT 3358005YT7JQCWYLTG43,500174733,Journal Import 2591655:,//SETTLEMENT,2,,,,,100,0,Posted
17-09-2024,01.12102.000.0000.000.3706008.00000.000,eHIS,HIS_SETTLEMENT,NSK-OCS-470316 HIS_SETTLEMENT 3358005YT7JQCWYLTG43,500174734,Journal Import 2591655:,//SETTLEMENT,2,,,,,100,0,Posted
17-09-2024,01.12102.000.0000.000.3706008.00000.000,eHIS,HIS_SETTLEMENT,NSK-OCS-470317 HIS_SETTLEMENT 3358005YT7JQCWYLTG43,500174746,Journal Import 2591655:,//SETTLEMENT,2,,,,,700,0,Posted
17-09-2024,01.12102.000.0000.000.3706008.00000.000,eHIS,HIS_SETTLEMENT,NSK-OCS-470318 HIS_SETTLEMENT 3358005YT7JQCWYLTG43,500174735,Journal Import 2591655:,//SETTLEMENT,2,,,,,100,0,Posted
17-09-2024,01.12102.000.0000.000.3706008.00000.000,eHIS,HIS_SETTLEMENT,NSK-OCS-470319 HIS_SETTLEMENT 3358005YT7JQCWYLTG43,500174691,Journal Import 2591655:,//SETTLEMENT,2,,,,,2200,0,Posted
17-09-2024,01.12102.000.0000.000.3706008.00000.000,eHIS,HIS_SETTLEMENT,NSK-OCS-470320 HIS_SETTLEMENT 3358005YT7JQCWYLTG43,500174645,Journal Import 2591655:,//SETTLEMENT,2,,,,,5100,0,Posted
17-09-2024,01.12102.000.0000.000.3706008.00000.000,eHIS,HIS_SETTLEMENT,NSK-OCS-470321 HIS_SETTLEMENT 3358005YT7JQCWYLTG43,500174646,Journal Import 2591655:,//SETTLEMENT,2,,,,,5100,0,Posted
18-09-2024,01.12102.000.0000.000.3706008.00000.000,eHIS,HIS_SETTLEMENT,NSK-OCS-470322 HIS_SETTLEMENT 3358005YT7JQCWYLTG43,500174769,Journal Import 2599930:,//SETTLEMENT,2,,,,,3975,0,Posted
18-09-2024,01.12102.000.0000.000.3706008.00000.000,eHIS,HIS_SETTLEMENT,NSK-OCS-470323 HIS_SETTLEMENT 3358005YT7JQCWYLTG43,500174770,Journal Import 2599930:,//SETTLEMENT,2,,,,,3975,0,Posted
17-09-2024,01.12102.000.0000.000.3706008.00000.000,eHIS,HIS_SETTLEMENT,NSK-OCS-470324 HIS_SETTLEMENT 3358005YT7JQCWYLTG43,500174743,Journal Import 2591655:,//SETTLEMENT,2,,,,,3500,0,Posted
17-09-2024,01.12102.000.0000.000.3706008.00000.000,eHIS,HIS_SETTLEMENT,NSK-OCS-470325 HIS_SETTLEMENT 3358005YT7JQCWYLTG43,500174559,Journal Import 2591655:,//SETTLEMENT,2,,,,,1850,0,Posted
17-09-2024,01.12102.000.0000.000.3706008.00000.000,eHIS,HIS_SETTLEMENT,NSK-OCS-470326 HIS_SETTLEMENT 3358005YT7JQCWYLTG43,500174715,Journal Import 2591655:,//SETTLEMENT,2,,,,,3180,0,Posted
17-09-2024,01.12102.000.0000.000.3706008.00000.000,eHIS,HIS_SETTLEMENT,NSK-OCS-470327 HIS_SETTLEMENT 3358005YT7JQCWYLTG43,500174744,Journal Import 2591655:,//SETTLEMENT,2,,,,,3500,0,Posted
17-09-2024,01.12102.000.0000.000.3706008.00000.000,eHIS,HIS_SETTLEMENT,NSK-OCS-470328 HIS_SETTLEMENT 3358005YT7JQCWYLTG43,500174632,Journal Import 2591655:,//SETTLEMENT,2,,,,,4600,0,Posted
17-09-2024,01.12102.000.0000.000.3706008.00000.000,eHIS,HIS_SETTLEMENT,NSK-OCS-470329 HIS_SETTLEMENT 3358005YT7JQCWYLTG43,500174682,Journal Import 2591655:,//SETTLEMENT,2,,,,,1650,0,Posted
18-09-2024,01.12102.000.0000.000.3706008.00000.000,eHIS,HIS_SETTLEMENT,NSK-OCS-470330 HIS_SETTLEMENT 3358005YT7JQCWYLTG43,500174768,Journal Import 2599930:,//SETTLEMENT,2,,,,,3455,0,Posted
17-09-2024,01.12102.000.0000.000.3706008.00000.000,eHIS,HIS_SETTLEMENT,NSK-OCS-470332 HIS_SETTLEMENT 3358005YT7JQCWYLTG43,500174716,Journal Import 2591655:,//SETTLEMENT,2,,,,,3300,0,Posted
18-09-2024,01.12102.000.0000.000.3706008.00000.000,eHIS,HIS_SETTLEMENT,NSK-OCS-470333 HIS_SETTLEMENT 3358005YT7JQCWYLTG43,500174767,Journal Import 2599930:,//SETTLEMENT,2,,,,,2490,0,Posted
18-09-2024,01.12102.000.0000.000.3706008.00000.000,eHIS,HIS_SETTLEMENT,NSK-OCS-470334 HIS_SETTLEMENT 3358005YT7JQCWYLTG43,500174785,Journal Import 2599930:,//SETTLEMENT,2,,,,,350,0,Posted
18-09-2024,01.12102.000.0000.000.3706008.00000.000,eHIS,HIS_SETTLEMENT,NSK-OCS-470335 HIS_SETTLEMENT 3358005YT7JQCWYLTG43,500174765,Journal Import 2599930:,//SETTLEMENT,2,,,,,450,0,Posted
17-09-2024,01.12102.000.0000.000.3706008.00000.000,eHIS,HIS_SETTLEMENT,NSK-OCS-470336 HIS_SETTLEMENT 3358005YT7JQCWYLTG43,500174565,Journal Import 2591655:,//SETTLEMENT,2,,,,,500,0,Posted
17-09-2024,01.12102.000.0000.000.3706008.00000.000,eHIS,HIS_SETTLEMENT,NSK-OCS-470337 HIS_SETTLEMENT 3358005YT7JQCWYLTG43,500174636,Journal Import 2591655:,//SETTLEMENT,2,,,,,750,0,Posted
17-09-2024,01.12102.000.0000.000.3706008.00000.000,eHIS,HIS_SETTLEMENT,NSK-OCS-470338 HIS_SETTLEMENT 3358005YT7JQCWYLTG43,500174651,Journal Import 2591655:,//SETTLEMENT,2,,,,,1300,0,Posted
17-09-2024,01.12102.000.0000.000.3706008.00000.000,eHIS,HIS_SETTLEMENT,NSK-OCS-470339 HIS_SETTLEMENT 3358005YT7JQCWYLTG43,500174736,Journal Import 2591655:,//SETTLEMENT,2,,,,,100,0,Posted
17-09-2024,01.12102.000.0000.000.3706008.00000.000,eHIS,HIS_SETTLEMENT,NSK-OCS-470340 HIS_SETTLEMENT 3358005YT7JQCWYLTG43,500174621,Journal Import 2591655:,//SETTLEMENT,2,,,,,1100,0,Posted
17-09-2024,01.12102.000.0000.000.3706008.00000.000,eHIS,HIS_SETTLEMENT,NSK-OCS-470341 HIS_SETTLEMENT 3358005YT7JQCWYLTG43,500174566,Journal Import 2591655:,//SETTLEMENT,2,,,,,500,0,Posted
17-09-2024,01.12102.000.0000.000.3706008.00000.000,eHIS,HIS_SETTLEMENT,NSK-OCS-470342 HIS_SETTLEMENT 3358005YT7JQCWYLTG43,500174625,Journal Import 2591655:,//SETTLEMENT,2,,,,,105,0,Posted
17-09-2024,01.12102.000.0000.000.3706008.00000.000,eHIS,HIS_SETTLEMENT,NSK-OCS-470343 HIS_SETTLEMENT 3358005YT7JQCWYLTG43,500174567,Journal Import 2591655:,//SETTLEMENT,2,,,,,500,0,Posted
17-09-2024,01.12102.000.0000.000.3706008.00000.000,eHIS,HIS_SETTLEMENT,NSK-OCS-470344 HIS_SETTLEMENT 3358005YT7JQCWYLTG43,500174577,Journal Import 2591655:,//SETTLEMENT,2,,,,,900,0,Posted
17-09-2024,01.12102.000.0000.000.3706008.00000.000,eHIS,HIS_SETTLEMENT,NSK-OCS-470345 HIS_SETTLEMENT 3358005YT7JQCWYLTG43,500174560,Journal Import 2591655:,//SETTLEMENT,2,,,,,1850,0,Posted
17-09-2024,01.12102.000.0000.000.3706008.00000.000,eHIS,HIS_SETTLEMENT,NSK-OCS-470346 HIS_SETTLEMENT 3358005YT7JQCWYLTG43,500174568,Journal Import 2591655:,//SETTLEMENT,2,,,,,500,0,Posted
17-09-2024,01.12102.000.0000.000.3706008.00000.000,eHIS,HIS_SETTLEMENT,NSK-OCS-470347 HIS_SETTLEMENT 3358005YT7JQCWYLTG43,500174714,Journal Import 2591655:,//SETTLEMENT,2,,,,,3100,0,Posted
17-09-2024,01.12102.000.0000.000.3706008.00000.000,eHIS,HIS_SETTLEMENT,NSK-OCS-470348 HIS_SETTLEMENT 3358005YT7JQCWYLTG43,500174626,Journal Import 2591655:,//SETTLEMENT,2,,,,,1200,0,Posted
17-09-2024,01.12102.000.0000.000.3706008.00000.000,eHIS,HIS_SETTLEMENT,NSK-OCS-470349 HIS_SETTLEMENT 3358005YT7JQCWYLTG43,500174623,Journal Import 2591655:,//SETTLEMENT,2,,,,,3800,0,Posted
17-09-2024,01.12102.000.0000.000.3706008.00000.000,eHIS,HIS_SETTLEMENT,NSK-OCS-470350 HIS_SETTLEMENT 3358005YT7JQCWYLTG43,500174648,Journal Import 2591655:,//SETTLEMENT,2,,,,,250,0,Posted
17-09-2024,01.12102.000.0000.000.3706008.00000.000,eHIS,HIS_SETTLEMENT,NSK-OCS-470351 HIS_SETTLEMENT 3358005YT7JQCWYLTG43,500174720,Journal Import 2591655:,//SETTLEMENT,2,,,,,1000,0,Posted
17-09-2024,01.12102.000.0000.000.3706008.00000.000,eHIS,HIS_SETTLEMENT,NSK-OCS-470352 HIS_SETTLEMENT 3358005YT7JQCWYLTG43,500174627,Journal Import 2591655:,//SETTLEMENT,2,,,,,1200,0,Posted
17-09-2024,01.12102.000.0000.000.3706008.00000.000,eHIS,HIS_SETTLEMENT,NSK-OCS-470353 HIS_SETTLEMENT 3358005YT7JQCWYLTG43,500174578,Journal Import 2591655:,//SETTLEMENT,2,,,,,900,0,Posted
17-09-2024,01.12102.000.0000.000.3706008.00000.000,eHIS,HIS_SETTLEMENT,NSK-OCS-470354 HIS_SETTLEMENT 3358005YT7JQCWYLTG43,500174649,Journal Import 2591655:,//SETTLEMENT,2,,,,,250,0,Posted
17-09-2024,01.12102.000.0000.000.3706008.00000.000,eHIS,HIS_SETTLEMENT,NSK-OCS-470355 HIS_SETTLEMENT 3358005YT7JQCWYLTG43,500174678,Journal Import 2591655:,//SETTLEMENT,2,,,,,1400,0,Posted
17-09-2024,01.12102.000.0000.000.3706008.00000.000,eHIS,HIS_SETTLEMENT,NSK-OCS-470356 HIS_SETTLEMENT 3358005YT7JQCWYLTG43,500174569,Journal Import 2591655:,//SETTLEMENT,2,,,,,820,0,Posted
17-09-2024,01.12102.000.0000.000.3706008.00000.000,eHIS,HIS_SETTLEMENT,NSK-OCS-470357 HIS_SETTLEMENT 3358005YT7JQCWYLTG43,500174579,Journal Import 2591655:,//SETTLEMENT,2,,,,,900,0,Posted
17-09-2024,01.12102.000.0000.000.3706008.00000.000,eHIS,HIS_SETTLEMENT,NSK-OCS-470358 HIS_SETTLEMENT 3358005YT7JQCWYLTG43,500174633,Journal Import 2591655:,//SETTLEMENT,2,,,,,200,0,Posted
17-09-2024,01.12102.000.0000.000.3706008.00000.000,eHIS,HIS_SETTLEMENT,NSK-OCS-470359 HIS_SETTLEMENT 3358005YT7JQCWYLTG43,500174747,Journal Import 2591655:,//SETTLEMENT,2,,,,,700,0,Posted
17-09-2024,01.12102.000.0000.000.3706008.00000.000,eHIS,HIS_SETTLEMENT,NSK-OCS-470360 HIS_SETTLEMENT 3358005YT7JQCWYLTG43,500174684,Journal Import 2591655:,//SETTLEMENT,2,,,,,650,0,Posted
17-09-2024,01.12102.000.0000.000.3706008.00000.000,eHIS,HIS_SETTLEMENT,NSK-OCS-470361 HIS_SETTLEMENT 3358005YT7JQCWYLTG43,500174580,Journal Import 2591655:,//SETTLEMENT,2,,,,,900,0,Posted
17-09-2024,01.12102.000.0000.000.3706008.00000.000,eHIS,HIS_SETTLEMENT,NSK-OCS-470362 HIS_SETTLEMENT 3358005YT7JQCWYLTG43,500174659,Journal Import 2591655:,//SETTLEMENT,2,,,,,800,0,Posted
17-09-2024,01.12102.000.0000.000.3706008.00000.000,eHIS,HIS_SETTLEMENT,NSK-OCS-470363 HIS_SETTLEMENT 3358005YT7JQCWYLTG43,500174721,Journal Import 2591655:,//SETTLEMENT,2,,,,,1000,0,Posted
17-09-2024,01.12102.000.0000.000.3706008.00000.000,eHIS,HIS_SETTLEMENT,NSK-OCS-470364 HIS_SETTLEMENT 3358005YT7JQCWYLTG43,500174620,Journal Import 2591655:,//SETTLEMENT,2,,,,,700,0,Posted
17-09-2024,01.12102.000.0000.000.3706008.00000.000,eHIS,HIS_SETTLEMENT,NSK-OCS-470365 HIS_SETTLEMENT 3358005YT7JQCWYLTG43,500174624,Journal Import 2591655:,//SETTLEMENT,2,,,,,4150,0,Posted
17-09-2024,01.12102.000.0000.000.3706008.00000.000,eHIS,HIS_SETTLEMENT,NSK-OCS-470366 HIS_SETTLEMENT 3358005YT7JQCWYLTG43,500174650,Journal Import 2591655:,//SETTLEMENT,2,,,,,250,0,Posted
17-09-2024,01.12102.000.0000.000.3706008.00000.000,eHIS,HIS_SETTLEMENT,NSK-OCS-470367 HIS_SETTLEMENT 3358005YT7JQCWYLTG43,500174570,Journal Import 2591655:,//SETTLEMENT,2,,,,,500,0,Posted
17-09-2024,01.12102.000.0000.000.3706008.00000.000,eHIS,HIS_SETTLEMENT,NSK-OCS-470368 HIS_SETTLEMENT 3358005YT7JQCWYLTG43,500174571,Journal Import 2591655:,//SETTLEMENT,2,,,,,500,0,Posted
18-09-2024,01.12102.000.0000.000.3706008.00000.000,eHIS,HIS_SETTLEMENT,NSK-OCS-470369 HIS_SETTLEMENT 3358005YT7JQCWYLTG43,500174786,Journal Import 2599930:,//SETTLEMENT,2,,,,,350,0,Posted
17-09-2024,01.12102.000.0000.000.3706008.00000.000,eHIS,HIS_SETTLEMENT,NSK-OCS-470370 HIS_SETTLEMENT 3358005YT7JQCWYLTG43,500174722,Journal Import 2591655:,//SETTLEMENT,2,,,,,1000,0,Posted
17-09-2024,01.12102.000.0000.000.3706008.00000.000,eHIS,HIS_SETTLEMENT,NSK-OCS-470371 HIS_SETTLEMENT 3358005YT7JQCWYLTG43,500174660,Journal Import 2591655:,//SETTLEMENT,2,,,,,800,0,Posted
17-09-2024,01.12102.000.0000.000.3706008.00000.000,eHIS,HIS_SETTLEMENT,NSK-OCS-470372 HIS_SETTLEMENT 3358005YT7JQCWYLTG43,500174581,Journal Import 2591655:,//SETTLEMENT,2,,,,,900,0,Posted
17-09-2024,01.12102.000.0000.000.3706008.00000.000,eHIS,HIS_SETTLEMENT,NSK-OCS-470373 HIS_SETTLEMENT 3358005YT7JQCWYLTG43,500174685,Journal Import 2591655:,//SETTLEMENT,2,,,,,650,0,Posted
17-09-2024,01.12102.000.0000.000.3706008.00000.000,eHIS,HIS_SETTLEMENT,NSK-OCS-470374 HIS_SETTLEMENT 3358005YT7JQCWYLTG43,500174661,Journal Import 2591655:,//SETTLEMENT,2,,,,,800,0,Posted
17-09-2024,01.12102.000.0000.000.3706008.00000.000,eHIS,HIS_SETTLEMENT,NSK-OCS-470375 HIS_SETTLEMENT 3358005YT7JQCWYLTG43,500174561,Journal Import 2591655:,//SETTLEMENT,2,,,,,1850,0,Posted
17-09-2024,01.12102.000.0000.000.3706008.00000.000,eHIS,HIS_SETTLEMENT,NSK-OCS-470376 HIS_SETTLEMENT 3358005YT7JQCWYLTG43,500174662,Journal Import 2591655:,//SETTLEMENT,2,,,,,800,0,Posted
18-09-2024,01.12102.000.0000.000.3706008.00000.000,eHIS,HIS_SETTLEMENT,NSK-OCS-470377 HIS_SETTLEMENT 3358005YT7JQCWYLTG43,500174766,Journal Import 2599930:,//SETTLEMENT,2,,,,,450,0,Posted
17-09-2024,01.12102.000.0000.000.3706008.00000.000,eHIS,HIS_SETTLEMENT,NSK-OCS-470378 HIS_SETTLEMENT 3358005YT7JQCWYLTG43,500174723,Journal Import 2591655:,//SETTLEMENT,2,,,,,1000,0,Posted
17-09-2024,01.12102.000.0000.000.3706008.00000.000,eHIS,HIS_SETTLEMENT,NSK-OCS-470379 HIS_SETTLEMENT 3358005YT7JQCWYLTG43,500174654,Journal Import 2591655:,//SETTLEMENT,2,,,,,299,0,Posted
17-09-2024,01.12102.000.0000.000.3706008.00000.000,eHIS,HIS_SETTLEMENT,NSK-OCS-470380 HIS_SETTLEMENT 3358005YT7JQCWYLTG43,500174663,Journal Import 2591655:,//SETTLEMENT,2,,,,,800,0,Posted
17-09-2024,01.12102.000.0000.000.3706008.00000.000,eHIS,HIS_SETTLEMENT,NSK-OCS-470381 HIS_SETTLEMENT 3358005YT7JQCWYLTG43,500174655,Journal Import 2591655:,//SETTLEMENT,2,,,,,299,0,Posted
17-09-2024,01.12102.000.0000.000.3706008.00000.000,eHIS,HIS_SETTLEMENT,NSK-OCS-470382 HIS_SETTLEMENT 3358005YT7JQCWYLTG43,500174631,Journal Import 2591655:,//SETTLEMENT,2,,,,,4590,0,Posted
17-09-2024,01.12102.000.0000.000.3706008.00000.000,eHIS,HIS_SETTLEMENT,NSK-OCS-470383 HIS_SETTLEMENT 3358005YT7JQCWYLTG43,500174664,Journal Import 2591655:,//SETTLEMENT,2,,,,,800,0,Posted
18-09-2024,01.12102.000.0000.000.3706008.00000.000,eHIS,HIS_SETTLEMENT,NSK-OCS-470384 HIS_SETTLEMENT 3358005YT7JQCWYLTG43,500174787,Journal Import 2599930:,//SETTLEMENT,2,,,,,350,0,Posted
17-09-2024,01.12102.000.0000.000.3706008.00000.000,eHIS,HIS_SETTLEMENT,NSK-OCS-470385 HIS_SETTLEMENT 3358005YT7JQCWYLTG43,500174628,Journal Import 2591655:,//SETTLEMENT,2,,,,,1200,0,Posted
17-09-2024,01.12102.000.0000.000.3706008.00000.000,eHIS,HIS_SETTLEMENT,NSK-OCS-470386 HIS_SETTLEMENT 3358005YT7JQCWYLTG43,500174652,Journal Import 2591655:,//SETTLEMENT,2,,,,,1300,0,Posted
17-09-2024,01.12102.000.0000.000.3706008.00000.000,eHIS,HIS_SETTLEMENT,NSK-OCS-470387 HIS_SETTLEMENT 3358005YT7JQCWYLTG43,500174572,Journal Import 2591655:,//SETTLEMENT,2,,,,,500,0,Posted
17-09-2024,01.12102.000.0000.000.3706008.00000.000,eHIS,HIS_SETTLEMENT,NSK-OCS-470388 HIS_SETTLEMENT 3358005YT7JQCWYLTG43,500174724,Journal Import 2591655:,//SETTLEMENT,2,,,,,1000,0,Posted
17-09-2024,01.12102.000.0000.000.3706008.00000.000,eHIS,HIS_SETTLEMENT,NSK-OCS-470389 HIS_SETTLEMENT 3358005YT7JQCWYLTG43,500174670,Journal Import 2591655:,//SETTLEMENT,2,,,,,800,0,Posted
17-09-2024,01.12102.000.0000.000.3706008.00000.000,eHIS,HIS_SETTLEMENT,NSK-OCS-470390 HIS_SETTLEMENT 3358005YT7JQCWYLTG43,500174671,Journal Import 2591655:,//SETTLEMENT,2,,,,,800,0,Posted
17-09-2024,01.12102.000.0000.000.3706008.00000.000,eHIS,HIS_SETTLEMENT,NSK-OCS-470391 HIS_SETTLEMENT 3358005YT7JQCWYLTG43,500174629,Journal Import 2591655:,//SETTLEMENT,2,,,,,1200,0,Posted
17-09-2024,01.12102.000.0000.000.3706008.00000.000,eHIS,HIS_SETTLEMENT,NSK-OCS-470392 HIS_SETTLEMENT 3358005YT7JQCWYLTG43,500174562,Journal Import 2591655:,//SETTLEMENT,2,,,,,1850,0,Posted
17-09-2024,01.12102.000.0000.000.3706008.00000.000,eHIS,HIS_SETTLEMENT,NSK-OCS-470393 HIS_SETTLEMENT 3358005YT7JQCWYLTG43,500174630,Journal Import 2591655:,//SETTLEMENT,2,,,,,1200,0,Posted
17-09-2024,01.12102.000.0000.000.3706008.00000.000,eHIS,HIS_SETTLEMENT,NSK-OCS-470394 HIS_SETTLEMENT 3358005YT7JQCWYLTG43,500174639,Journal Import 2591655:,//SETTLEMENT,2,,,,,1200,0,Posted
17-09-2024,01.12102.000.0000.000.3706008.00000.000,eHIS,HIS_SETTLEMENT,NSK-OCS-470395 HIS_SETTLEMENT 3358005YT7JQCWYLTG43,500174672,Journal Import 2591655:,//SETTLEMENT,2,,,,,800,0,Posted
17-09-2024,01.12102.000.0000.000.3706008.00000.000,eHIS,HIS_SETTLEMENT,NSK-OCS-470396 HIS_SETTLEMENT 3358005YT7JQCWYLTG43,500174441,Journal Import 2591655:,//SETTLEMENT,2,,,,,28000,0,Posted
17-09-2024,01.12102.000.0000.000.3706008.00000.000,eHIS,HIS_SETTLEMENT,NSK-OCS-470397 HIS_SETTLEMENT 3358005YT7JQCWYLTG43,500174679,Journal Import 2591655:,//SETTLEMENT,2,,,,,1450,0,Posted
17-09-2024,01.12102.000.0000.000.3706008.00000.000,eHIS,HIS_SETTLEMENT,NSK-OCS-470398 HIS_SETTLEMENT 3358005YT7JQCWYLTG43,500174634,Journal Import 2591655:,//SETTLEMENT,2,,,,,200,0,Posted
17-09-2024,01.12102.000.0000.000.3706008.00000.000,eHIS,HIS_SETTLEMENT,NSK-OCS-470399 HIS_SETTLEMENT 3358005YT7JQCWYLTG43,500174665,Journal Import 2591655:,//SETTLEMENT,2,,,,,1300,0,Posted
17-09-2024,01.12102.000.0000.000.3706008.00000.000,eHIS,HIS_SETTLEMENT,NSK-OCS-470400 HIS_SETTLEMENT 3358005YT7JQCWYLTG43,500174573,Journal Import 2591655:,//SETTLEMENT,2,,,,,500,0,Posted
17-09-2024,01.12102.000.0000.000.3706008.00000.000,eHIS,HIS_SETTLEMENT,NSK-OCS-470401 HIS_SETTLEMENT 3358005YT7JQCWYLTG43,500174673,Journal Import 2591655:,//SETTLEMENT,2,,,,,800,0,Posted
17-09-2024,01.12102.000.0000.000.3706008.00000.000,eHIS,HIS_SETTLEMENT,NSK-OCS-470402 HIS_SETTLEMENT 3358005YT7JQCWYLTG43,500174745,Journal Import 2591655:,//SETTLEMENT,2,,,,,3500,0,Posted
17-09-2024,01.12102.000.0000.000.3706008.00000.000,eHIS,HIS_SETTLEMENT,NSK-OCS-470403 HIS_SETTLEMENT 3358005YT7JQCWYLTG43,500174622,Journal Import 2591655:,//SETTLEMENT,2,,,,,1100,0,Posted
17-09-2024,01.12102.000.0000.000.3706008.00000.000,eHIS,HIS_SETTLEMENT,NSK-OCS-470404 HIS_SETTLEMENT 3358005YT7JQCWYLTG43,500174656,Journal Import 2591655:,//SETTLEMENT,2,,,,,299,0,Posted
17-09-2024,01.12102.000.0000.000.3706008.00000.000,eHIS,HIS_SETTLEMENT,NSK-OCS-470405 HIS_SETTLEMENT 3358005YT7JQCWYLTG43,500174640,Journal Import 2591655:,//SETTLEMENT,2,,,,,1200,0,Posted
17-09-2024,01.12102.000.0000.000.3706008.00000.000,eHIS,HIS_SETTLEMENT,NSK-OCS-470406 HIS_SETTLEMENT 3358005YT7JQCWYLTG43,500174574,Journal Import 2591655:,//SETTLEMENT,2,,,,,500,0,Posted
17-09-2024,01.12102.000.0000.000.3706008.00000.000,eHIS,HIS_SETTLEMENT,NSK-OCS-470407 HIS_SETTLEMENT 3358005YT7JQCWYLTG43,500174657,Journal Import 2591655:,//SETTLEMENT,2,,,,,299,0,Posted
17-09-2024,01.12102.000.0000.000.3706008.00000.000,eHIS,HIS_SETTLEMENT,NSK-OCS-470408 HIS_SETTLEMENT 3358005YT7JQCWYLTG43,500174674,Journal Import 2591655:,//SETTLEMENT,2,,,,,800,0,Posted
17-09-2024,01.12102.000.0000.000.3706008.00000.000,eHIS,HIS_SETTLEMENT,NSK-OCS-470409 HIS_SETTLEMENT 3358005YT7JQCWYLTG43,500174582,Journal Import 2591655:,//SETTLEMENT,2,,,,,900,0,Posted
17-09-2024,01.12102.000.0000.000.3706008.00000.000,eHIS,HIS_SETTLEMENT,NSK-OCS-470410 HIS_SETTLEMENT 3358005YT7JQCWYLTG43,500174675,Journal Import 2591655:,//SETTLEMENT,2,,,,,800,0,Posted
17-09-2024,01.12102.000.0000.000.3706008.00000.000,eHIS,HIS_SETTLEMENT,NSK-OCS-470411 HIS_SETTLEMENT 3358005YT7JQCWYLTG43,500174676,Journal Import 2591655:,//SETTLEMENT,2,,,,,800,0,Posted
17-09-2024,01.12102.000.0000.000.3706008.00000.000,eHIS,HIS_SETTLEMENT,NSK-OCS-470412 HIS_SETTLEMENT 3358005YT7JQCWYLTG43,500174690,Journal Import 2591655:,//SETTLEMENT,3,,,,,2100,0,Posted
17-09-2024,01.12102.000.0000.000.3706008.00000.000,eHIS,HIS_SETTLEMENT,NSK-OCS-470412 HIS_SETTLEMENT 3358005YT7JQCWYLTG43,500174690,Journal Import 2591655:,//SETTLEMENT,4,,,,,3500,0,Posted
17-09-2024,01.12102.000.0000.000.3706008.00000.000,eHIS,HIS_SETTLEMENT,NSK-OCS-470413 HIS_SETTLEMENT 3358005YT7JQCWYLTG43,500174689,Journal Import 2591655:,//SETTLEMENT,2,,,,,1913,0,Posted
17-09-2024,01.12102.000.0000.000.3706008.00000.000,eHIS,HIS_SETTLEMENT,NSK-OCS-470414 HIS_SETTLEMENT 3358005YT7JQCWYLTG43,500174737,Journal Import 2591655:,//SETTLEMENT,2,,,,,100,0,Posted
17-09-2024,01.12102.000.0000.000.3706008.00000.000,eHIS,HIS_SETTLEMENT,NSK-OCS-470415 HIS_SETTLEMENT 3358005YT7JQCWYLTG43,500174644,Journal Import 2591655:,//SETTLEMENT,2,,,,,5000,0,Posted
17-09-2024,01.12102.000.0000.000.3706008.00000.000,eHIS,HIS_SETTLEMENT,NSK-OCS-470416 HIS_SETTLEMENT 3358005YT7JQCWYLTG43,500174666,Journal Import 2591655:,//SETTLEMENT,2,,,,,1300,0,Posted
17-09-2024,01.12102.000.0000.000.3706008.00000.000,eHIS,HIS_SETTLEMENT,NSK-OCS-470417 HIS_SETTLEMENT 3358005YT7JQCWYLTG43,500174641,Journal Import 2591655:,//SETTLEMENT,2,,,,,1200,0,Posted
17-09-2024,01.12102.000.0000.000.3706008.00000.000,eHIS,HIS_SETTLEMENT,NSK-OCS-470418 HIS_SETTLEMENT 3358005YT7JQCWYLTG43,500174575,Journal Import 2591655:,//SETTLEMENT,2,,,,,500,0,Posted
17-09-2024,01.12102.000.0000.000.3706008.00000.000,eHIS,HIS_SETTLEMENT,NSK-OCS-470419 HIS_SETTLEMENT 3358005YT7JQCWYLTG43,500174688,Journal Import 2591655:,//SETTLEMENT,2,,,,,680,0,Posted
17-09-2024,01.12102.000.0000.000.3706008.00000.000,eHIS,HIS_SETTLEMENT,NSK-OCS-470420 HIS_SETTLEMENT 3358005YT7JQCWYLTG43,500174680,Journal Import 2591655:,//SETTLEMENT,2,,,,,1480,0,Posted
17-09-2024,01.12102.000.0000.000.3706008.00000.000,eHIS,HIS_SETTLEMENT,NSK-OCS-470421 HIS_SETTLEMENT 3358005YT7JQCWYLTG43,500174667,Journal Import 2591655:,//SETTLEMENT,2,,,,,1300,0,Posted
17-09-2024,01.12102.000.0000.000.3706008.00000.000,eHIS,HIS_SETTLEMENT,NSK-OCS-470422 HIS_SETTLEMENT 3358005YT7JQCWYLTG43,500174637,Journal Import 2591655:,//SETTLEMENT,2,,,,,750,0,Posted
17-09-2024,01.12102.000.0000.000.3706008.00000.000,eHIS,HIS_SETTLEMENT,NSK-OCS-470423 HIS_SETTLEMENT 3358005YT7JQCWYLTG43,500174668,Journal Import 2591655:,//SETTLEMENT,2,,,,,1300,0,Posted
17-09-2024,01.12102.000.0000.000.3706008.00000.000,eHIS,HIS_SETTLEMENT,NSK-OCS-470424 HIS_SETTLEMENT 3358005YT7JQCWYLTG43,500174681,Journal Import 2591655:,//SETTLEMENT,2,,,,,400,0,Posted
17-09-2024,01.12102.000.0000.000.3706008.00000.000,eHIS,HIS_SETTLEMENT,NSK-OCS-470425 HIS_SETTLEMENT 3358005YT7JQCWYLTG43,500174658,Journal Import 2591655:,//SETTLEMENT,2,,,,,300,0,Posted
17-09-2024,01.12102.000.0000.000.3706008.00000.000,eHIS,HIS_SETTLEMENT,NSK-OCS-470426 HIS_SETTLEMENT 3358005YT7JQCWYLTG43,500174686,Journal Import 2591655:,//SETTLEMENT,2,,,,,650,0,Posted
17-09-2024,01.12102.000.0000.000.3706008.00000.000,eHIS,HIS_SETTLEMENT,NSK-OCS-470427 HIS_SETTLEMENT 3358005YT7JQCWYLTG43,500174725,Journal Import 2591655:,//SETTLEMENT,2,,,,,1000,0,Posted
17-09-2024,01.12102.000.0000.000.3706008.00000.000,eHIS,HIS_SETTLEMENT,NSK-OCS-470428 HIS_SETTLEMENT 3358005YT7JQCWYLTG43,500174687,Journal Import 2591655:,//SETTLEMENT,2,,,,,650,0,Posted
17-09-2024,01.12102.000.0000.000.3706008.00000.000,eHIS,HIS_SETTLEMENT,NSK-OCS-470429 HIS_SETTLEMENT 3358005YT7JQCWYLTG43,500174576,Journal Import 2591655:,//SETTLEMENT,2,,,,,500,0,Posted
17-09-2024,01.12102.000.0000.000.3706008.00000.000,eHIS,HIS_SETTLEMENT,NSK-OCS-470430 HIS_SETTLEMENT 3358005YT7JQCWYLTG43,500174683,Journal Import 2591655:,//SETTLEMENT,2,,,,,1700,0,Posted
17-09-2024,01.12102.000.0000.000.3706008.00000.000,eHIS,HIS_SETTLEMENT,NSK-OCS-470431 HIS_SETTLEMENT 3358005YT7JQCWYLTG43,500174741,Journal Import 2591655:,//SETTLEMENT,2,,,,,1080,0,Posted
17-09-2024,01.12102.000.0000.000.3706008.00000.000,eHIS,HIS_SETTLEMENT,NSK-OCS-470433 HIS_SETTLEMENT 3358005YT7JQCWYLTG43,500174647,Journal Import 2591655:,//SETTLEMENT,2,,,,,5500,0,Posted
17-09-2024,01.12102.000.0000.000.3706008.00000.000,eHIS,HIS_SETTLEMENT,NSK-OCS-470434 HIS_SETTLEMENT 3358005YT7JQCWYLTG43,500174740,Journal Import 2591655:,//SETTLEMENT,2,,,,,1050,0,Posted
17-09-2024,01.12102.000.0000.000.3706008.00000.000,eHIS,HIS_SETTLEMENT,NSK-OCS-470435 HIS_SETTLEMENT 3358005YT7JQCWYLTG43,500174583,Journal Import 2591655:,//SETTLEMENT,2,,,,,2360,0,Posted
17-09-2024,01.12102.000.0000.000.3706008.00000.000,eHIS,HIS_SETTLEMENT,NSK-OCS-470436 HIS_SETTLEMENT 3358005YT7JQCWYLTG43,500174726,Journal Import 2591655:,//SETTLEMENT,2,,,,,1000,0,Posted
17-09-2024,01.12102.000.0000.000.3706008.00000.000,eHIS,HIS_SETTLEMENT,NSK-OCS-470437 HIS_SETTLEMENT 3358005YT7JQCWYLTG43,500174638,Journal Import 2591655:,//SETTLEMENT,2,,,,,750,0,Posted
17-09-2024,01.12102.000.0000.000.3706008.00000.000,eHIS,HIS_SETTLEMENT,NSK-OCS-470438 HIS_SETTLEMENT 3358005YT7JQCWYLTG43,500174738,Journal Import 2591655:,//SETTLEMENT,2,,,,,100,0,Posted
18-09-2024,01.12102.000.0000.000.3706008.00000.000,eHIS,HIS_SETTLEMENT,NSK-OCS-470439 HIS_SETTLEMENT 3358005YT7JQCWYLTG43,500174788,Journal Import 2599930:,//SETTLEMENT,2,,,,,350,0,Posted
17-09-2024,01.12102.000.0000.000.3706008.00000.000,eHIS,HIS_SETTLEMENT,NSK-OCS-470440 HIS_SETTLEMENT 3358005YT7JQCWYLTG43,500174739,Journal Import 2591655:,//SETTLEMENT,2,,,,,100,0,Posted
17-09-2024,01.12102.000.0000.000.3706008.00000.000,eHIS,HIS_SETTLEMENT,NSK-OCS-470441 HIS_SETTLEMENT 3358005YT7JQCWYLTG43,500174563,Journal Import 2591655:,//SETTLEMENT,2,,,,,1850,0,Posted
17-09-2024,01.12102.000.0000.000.3706008.00000.000,eHIS,HIS_SETTLEMENT,NSK-OCS-470442 HIS_SETTLEMENT 3358005YT7JQCWYLTG43,500174642,Journal Import 2591655:,//SETTLEMENT,2,,,,,1200,0,Posted
17-09-2024,01.12102.000.0000.000.3706008.00000.000,eHIS,HIS_SETTLEMENT,NSK-OCS-470443 HIS_SETTLEMENT 3358005YT7JQCWYLTG43,500174669,Journal Import 2591655:,//SETTLEMENT,2,,,,,300,0,Posted
17-09-2024,01.12102.000.0000.000.3706008.00000.000,eHIS,HIS_SETTLEMENT,NSK-OCS-470444 HIS_SETTLEMENT 3358005YT7JQCWYLTG43,500174635,Journal Import 2591655:,//SETTLEMENT,2,,,,,200,0,Posted
18-09-2024,01.12102.000.0000.000.3706008.00000.000,eHIS,HIS_SETTLEMENT,NSK-OCS-470445 HIS_SETTLEMENT 3358005YT7JQCWYLTG43,500175220,Journal Import 2591655:,//SETTLEMENT,2,,,,,1850,0,Posted
18-09-2024,01.12102.000.0000.000.3706008.00000.000,eHIS,HIS_SETTLEMENT,NSK-OCS-470446 HIS_SETTLEMENT 3358005YT7JQCWYLTG43,500175276,Journal Import 2591655:,//SETTLEMENT,2,,,,,180,0,Posted
18-09-2024,01.12102.000.0000.000.3706008.00000.000,eHIS,HIS_SETTLEMENT,NSK-OCS-470447 HIS_SETTLEMENT 3358005YT7JQCWYLTG43,500175251,Journal Import 2591655:,//SETTLEMENT,2,,,,,100,0,Posted
18-09-2024,01.12102.000.0000.000.3706008.00000.000,eHIS,HIS_SETTLEMENT,NSK-OCS-470448 HIS_SETTLEMENT 3358005YT7JQCWYLTG43,500175252,Journal Import 2591655:,//SETTLEMENT,2,,,,,100,0,Posted
18-09-2024,01.12102.000.0000.000.3706008.00000.000,eHIS,HIS_SETTLEMENT,NSK-OCS-470449 HIS_SETTLEMENT 3358005YT7JQCWYLTG43,500175366,Journal Import 2591655:,//SETTLEMENT,2,,,,,550,0,Posted
18-09-2024,01.12102.000.0000.000.3706008.00000.000,eHIS,HIS_SETTLEMENT,NSK-OCS-470450 HIS_SETTLEMENT 3358005YT7JQCWYLTG43,500175365,Journal Import 2591655:,//SETTLEMENT,2,,,,,510,0,Posted
18-09-2024,01.12102.000.0000.000.3706008.00000.000,eHIS,HIS_SETTLEMENT,NSK-OCS-470451 HIS_SETTLEMENT 3358005YT7JQCWYLTG43,500175253,Journal Import 2591655:,//SETTLEMENT,2,,,,,100,0,Posted
18-09-2024,01.12102.000.0000.000.3706008.00000.000,eHIS,HIS_SETTLEMENT,NSK-OCS-470452 HIS_SETTLEMENT 3358005YT7JQCWYLTG43,500174784,Journal Import 2599930:,//SETTLEMENT,2,,,,,175,0,Posted
18-09-2024,01.12102.000.0000.000.3706008.00000.000,eHIS,HIS_SETTLEMENT,NSK-OCS-470453 HIS_SETTLEMENT 3358005YT7JQCWYLTG43,500174783,Journal Import 2599930:,//SETTLEMENT,2,,,,,155,0,Posted
18-09-2024,01.12102.000.0000.000.3706008.00000.000,eHIS,HIS_SETTLEMENT,NSK-OCS-470454 HIS_SETTLEMENT 3358005YT7JQCWYLTG43,500175231,Journal Import 2591655:,//SETTLEMENT,2,,,,,2300,0,Posted
18-09-2024,01.12102.000.0000.000.3706008.00000.000,eHIS,HIS_SETTLEMENT,NSK-OCS-470455 HIS_SETTLEMENT 3358005YT7JQCWYLTG43,500175254,Journal Import 2591655:,//SETTLEMENT,2,,,,,100,0,Posted
18-09-2024,01.12102.000.0000.000.3706008.00000.000,eHIS,HIS_SETTLEMENT,NSK-OCS-470456 HIS_SETTLEMENT 3358005YT7JQCWYLTG43,500175221,Journal Import 2591655:,//SETTLEMENT,2,,,,,1850,0,Posted
18-09-2024,01.12102.000.0000.000.3706008.00000.000,eHIS,HIS_SETTLEMENT,NSK-OCS-470457 HIS_SETTLEMENT 3358005YT7JQCWYLTG43,500175271,Journal Import 2591655:,//SETTLEMENT,2,,,,,4000,0,Posted
18-09-2024,01.12102.000.0000.000.3706008.00000.000,eHIS,HIS_SETTLEMENT,NSK-OCS-470458 HIS_SETTLEMENT 3358005YT7JQCWYLTG43,500175272,Journal Import 2591655:,//SETTLEMENT,2,,,,,4000,0,Posted
18-09-2024,01.12102.000.0000.000.3706008.00000.000,eHIS,HIS_SETTLEMENT,NSK-OCS-470459 HIS_SETTLEMENT 3358005YT7JQCWYLTG43,500175273,Journal Import 2591655:,//SETTLEMENT,2,,,,,4000,0,Posted
18-09-2024,01.12102.000.0000.000.3706008.00000.000,eHIS,HIS_SETTLEMENT,NSK-OCS-470460 HIS_SETTLEMENT 3358005YT7JQCWYLTG43,500175277,Journal Import 2591655:,//SETTLEMENT,2,,,,,4500,0,Posted
18-09-2024,01.12102.000.0000.000.3706008.00000.000,eHIS,HIS_SETTLEMENT,NSK-OCS-470461 HIS_SETTLEMENT 3358005YT7JQCWYLTG43,500175278,Journal Import 2591655:,//SETTLEMENT,2,,,,,4500,0,Posted
18-09-2024,01.12102.000.0000.000.3706008.00000.000,eHIS,HIS_SETTLEMENT,NSK-OCS-470462 HIS_SETTLEMENT 3358005YT7JQCWYLTG43,500175279,Journal Import 2591655:,//SETTLEMENT,2,,,,,4500,0,Posted
19-09-2024,01.12102.000.0000.000.3706008.00000.000,eHIS,HIS_SETTLEMENT,NSK-OCS-470463 HIS_SETTLEMENT 3358005YT7JQCWYLTG43,500175397,Journal Import 2599930:,//SETTLEMENT,2,,,,,1615,0,Posted
18-09-2024,01.12102.000.0000.000.3706008.00000.000,eHIS,HIS_SETTLEMENT,NSK-OCS-470464 HIS_SETTLEMENT 3358005YT7JQCWYLTG43,500175355,Journal Import 2591655:,//SETTLEMENT,2,,,,,999,0,Posted
19-09-2024,01.12102.000.0000.000.3706008.00000.000,eHIS,HIS_SETTLEMENT,NSK-OCS-470465 HIS_SETTLEMENT 3358005YT7JQCWYLTG43,500175396,Journal Import 2599930:,//SETTLEMENT,2,,,,,950,0,Posted
18-09-2024,01.12102.000.0000.000.3706008.00000.000,eHIS,HIS_SETTLEMENT,NSK-OCS-470466 HIS_SETTLEMENT 3358005YT7JQCWYLTG43,500175222,Journal Import 2591655:,//SETTLEMENT,2,,,,,1850,0,Posted
18-09-2024,01.12102.000.0000.000.3706008.00000.000,eHIS,HIS_SETTLEMENT,NSK-OCS-470467 HIS_SETTLEMENT 3358005YT7JQCWYLTG43,500175123,Journal Import 2591655:,//SETTLEMENT,2,,,,,2600,0,Posted
19-09-2024,01.12102.000.0000.000.3706008.00000.000,eHIS,HIS_SETTLEMENT,NSK-OCS-470468 HIS_SETTLEMENT 3358005YT7JQCWYLTG43,500175398,Journal Import 2599930:,//SETTLEMENT,2,,,,,3045,0,Posted
18-09-2024,01.12102.000.0000.000.3706008.00000.000,eHIS,HIS_SETTLEMENT,NSK-OCS-470469 HIS_SETTLEMENT 3358005YT7JQCWYLTG43,500175255,Journal Import 2591655:,//SETTLEMENT,2,,,,,100,0,Posted
18-09-2024,01.12102.000.0000.000.3706008.00000.000,eHIS,HIS_SETTLEMENT,NSK-OCS-470470 HIS_SETTLEMENT 3358005YT7JQCWYLTG43,500175356,Journal Import 2591655:,//SETTLEMENT,2,,,,,5800,0,Posted
18-09-2024,01.12102.000.0000.000.3706008.00000.000,eHIS,HIS_SETTLEMENT,NSK-OCS-470471 HIS_SETTLEMENT 3358005YT7JQCWYLTG43,500175359,Journal Import 2591655:,//SETTLEMENT,2,,,,,6600,0,Posted
18-09-2024,01.12102.000.0000.000.3706008.00000.000,eHIS,HIS_SETTLEMENT,NSK-OCS-470472 HIS_SETTLEMENT 3358005YT7JQCWYLTG43,500175259,Journal Import 2591655:,//SETTLEMENT,2,,,,,3500,0,Posted
18-09-2024,01.12102.000.0000.000.3706008.00000.000,eHIS,HIS_SETTLEMENT,NSK-OCS-470473 HIS_SETTLEMENT 3358005YT7JQCWYLTG43,500175362,Journal Import 2591655:,//SETTLEMENT,3,,,,,50,0,Posted
18-09-2024,01.12102.000.0000.000.3706008.00000.000,eHIS,HIS_SETTLEMENT,NSK-OCS-470473 HIS_SETTLEMENT 3358005YT7JQCWYLTG43,500175362,Journal Import 2591655:,//SETTLEMENT,4,,,,,400,0,Posted
18-09-2024,01.12102.000.0000.000.3706008.00000.000,eHIS,HIS_SETTLEMENT,NSK-OCS-470474 HIS_SETTLEMENT 3358005YT7JQCWYLTG43,500175350,Journal Import 2591655:,//SETTLEMENT,2,,,,,2650,0,Posted
18-09-2024,01.12102.000.0000.000.3706008.00000.000,eHIS,HIS_SETTLEMENT,NSK-OCS-470476 HIS_SETTLEMENT 3358005YT7JQCWYLTG43,500175299,Journal Import 2591655:,//SETTLEMENT,2,,,,,1280,0,Posted
18-09-2024,01.12102.000.0000.000.3706008.00000.000,eHIS,HIS_SETTLEMENT,NSK-OCS-470477 HIS_SETTLEMENT 3358005YT7JQCWYLTG43,500175265,Journal Import 2591655:,//SETTLEMENT,2,,,,,1100,0,Posted
18-09-2024,01.12102.000.0000.000.3706008.00000.000,eHIS,HIS_SETTLEMENT,NSK-OCS-470478 HIS_SETTLEMENT 3358005YT7JQCWYLTG43,500175256,Journal Import 2591655:,//SETTLEMENT,2,,,,,100,0,Posted
18-09-2024,01.12102.000.0000.000.3706008.00000.000,eHIS,HIS_SETTLEMENT,NSK-OCS-470479 HIS_SETTLEMENT 3358005YT7JQCWYLTG43,500175223,Journal Import 2591655:,//SETTLEMENT,2,,,,,1850,0,Posted
18-09-2024,01.12102.000.0000.000.3706008.00000.000,eHIS,HIS_SETTLEMENT,NSK-OCS-470480 HIS_SETTLEMENT 3358005YT7JQCWYLTG43,500175181,Journal Import 2591655:,//SETTLEMENT,2,,,,,800,0,Posted
18-09-2024,01.12102.000.0000.000.3706008.00000.000,eHIS,HIS_SETTLEMENT,NSK-OCS-470481 HIS_SETTLEMENT 3358005YT7JQCWYLTG43,500175363,Journal Import 2591655:,//SETTLEMENT,3,,,,,75,0,Posted
18-09-2024,01.12102.000.0000.000.3706008.00000.000,eHIS,HIS_SETTLEMENT,NSK-OCS-470481 HIS_SETTLEMENT 3358005YT7JQCWYLTG43,500175363,Journal Import 2591655:,//SETTLEMENT,4,,,,,300,0,Posted
18-09-2024,01.12102.000.0000.000.3706008.00000.000,eHIS,HIS_SETTLEMENT,NSK-OCS-470482 HIS_SETTLEMENT 3358005YT7JQCWYLTG43,500175367,Journal Import 2591655:,//SETTLEMENT,2,,,,,1000,0,Posted
18-09-2024,01.12102.000.0000.000.3706008.00000.000,eHIS,HIS_SETTLEMENT,NSK-OCS-470483 HIS_SETTLEMENT 3358005YT7JQCWYLTG43,500175282,Journal Import 2591655:,//SETTLEMENT,2,,,,,200,0,Posted
18-09-2024,01.12102.000.0000.000.3706008.00000.000,eHIS,HIS_SETTLEMENT,NSK-OCS-470484 HIS_SETTLEMENT 3358005YT7JQCWYLTG43,500175124,Journal Import 2591655:,//SETTLEMENT,2,,,,,2600,0,Posted
18-09-2024,01.12102.000.0000.000.3706008.00000.000,eHIS,HIS_SETTLEMENT,NSK-OCS-470485 HIS_SETTLEMENT 3358005YT7JQCWYLTG43,500175312,Journal Import 2591655:,//SETTLEMENT,2,,,,,1950,0,Posted
18-09-2024,01.12102.000.0000.000.3706008.00000.000,eHIS,HIS_SETTLEMENT,NSK-OCS-470486 HIS_SETTLEMENT 3358005YT7JQCWYLTG43,500175233,Journal Import 2591655:,//SETTLEMENT,2,,,,,500,0,Posted
18-09-2024,01.12102.000.0000.000.3706008.00000.000,eHIS,HIS_SETTLEMENT,NSK-OCS-470487 HIS_SETTLEMENT 3358005YT7JQCWYLTG43,500175182,Journal Import 2591655:,//SETTLEMENT,2,,,,,800,0,Posted
18-09-2024,01.12102.000.0000.000.3706008.00000.000,eHIS,HIS_SETTLEMENT,NSK-OCS-470488 HIS_SETTLEMENT 3358005YT7JQCWYLTG43,500175183,Journal Import 2591655:,//SETTLEMENT,2,,,,,800,0,Posted
18-09-2024,01.12102.000.0000.000.3706008.00000.000,eHIS,HIS_SETTLEMENT,NSK-OCS-470489 HIS_SETTLEMENT 3358005YT7JQCWYLTG43,500175301,Journal Import 2591655:,//SETTLEMENT,2,,,,,1300,0,Posted
18-09-2024,01.12102.000.0000.000.3706008.00000.000,eHIS,HIS_SETTLEMENT,NSK-OCS-470490 HIS_SETTLEMENT 3358005YT7JQCWYLTG43,500175295,Journal Import 2591655:,//SETTLEMENT,2,,,,,250,0,Posted
18-09-2024,01.12102.000.0000.000.3706008.00000.000,eHIS,HIS_SETTLEMENT,NSK-OCS-470491 HIS_SETTLEMENT 3358005YT7JQCWYLTG43,500175302,Journal Import 2591655:,//SETTLEMENT,2,,,,,1300,0,Posted
18-09-2024,01.12102.000.0000.000.3706008.00000.000,eHIS,HIS_SETTLEMENT,NSK-OCS-470492 HIS_SETTLEMENT 3358005YT7JQCWYLTG43,500175368,Journal Import 2591655:,//SETTLEMENT,2,,,,,1000,0,Posted
18-09-2024,01.12102.000.0000.000.3706008.00000.000,eHIS,HIS_SETTLEMENT,NSK-OCS-470493 HIS_SETTLEMENT 3358005YT7JQCWYLTG43,500175309,Journal Import 2591655:,//SETTLEMENT,2,,,,,650,0,Posted
18-09-2024,01.12102.000.0000.000.3706008.00000.000,eHIS,HIS_SETTLEMENT,NSK-OCS-470494 HIS_SETTLEMENT 3358005YT7JQCWYLTG43,500175270,Journal Import 2591655:,//SETTLEMENT,2,,,,,3780,0,Posted
18-09-2024,01.12102.000.0000.000.3706008.00000.000,eHIS,HIS_SETTLEMENT,NSK-OCS-470495 HIS_SETTLEMENT 3358005YT7JQCWYLTG43,500175232,Journal Import 2591655:,//SETTLEMENT,2,,,,,2300,0,Posted
18-09-2024,01.12102.000.0000.000.3706008.00000.000,eHIS,HIS_SETTLEMENT,NSK-OCS-470496 HIS_SETTLEMENT 3358005YT7JQCWYLTG43,500175234,Journal Import 2591655:,//SETTLEMENT,2,,,,,500,0,Posted
18-09-2024,01.12102.000.0000.000.3706008.00000.000,eHIS,HIS_SETTLEMENT,NSK-OCS-470497 HIS_SETTLEMENT 3358005YT7JQCWYLTG43,500175118,Journal Import 2591655:,//SETTLEMENT,2,,,,,2300,0,Posted
18-09-2024,01.12102.000.0000.000.3706008.00000.000,eHIS,HIS_SETTLEMENT,NSK-OCS-470498 HIS_SETTLEMENT 3358005YT7JQCWYLTG43,500175184,Journal Import 2591655:,//SETTLEMENT,2,,,,,800,0,Posted
18-09-2024,01.12102.000.0000.000.3706008.00000.000,eHIS,HIS_SETTLEMENT,NSK-OCS-470499 HIS_SETTLEMENT 3358005YT7JQCWYLTG43,500175235,Journal Import 2591655:,//SETTLEMENT,2,,,,,500,0,Posted
18-09-2024,01.12102.000.0000.000.3706008.00000.000,eHIS,HIS_SETTLEMENT,NSK-OCS-470500 HIS_SETTLEMENT 3358005YT7JQCWYLTG43,500175185,Journal Import 2591655:,//SETTLEMENT,2,,,,,800,0,Posted
18-09-2024,01.12102.000.0000.000.3706008.00000.000,eHIS,HIS_SETTLEMENT,NSK-OCS-470501 HIS_SETTLEMENT 3358005YT7JQCWYLTG43,500175186,Journal Import 2591655:,//SETTLEMENT,2,,,,,800,0,Posted
18-09-2024,01.12102.000.0000.000.3706008.00000.000,eHIS,HIS_SETTLEMENT,NSK-OCS-470502 HIS_SETTLEMENT 3358005YT7JQCWYLTG43,500175236,Journal Import 2591655:,//SETTLEMENT,2,,,,,500,0,Posted
18-09-2024,01.12102.000.0000.000.3706008.00000.000,eHIS,HIS_SETTLEMENT,NSK-OCS-470503 HIS_SETTLEMENT 3358005YT7JQCWYLTG43,500175296,Journal Import 2591655:,//SETTLEMENT,2,,,,,250,0,Posted
18-09-2024,01.12102.000.0000.000.3706008.00000.000,eHIS,HIS_SETTLEMENT,NSK-OCS-470504 HIS_SETTLEMENT 3358005YT7JQCWYLTG43,500175187,Journal Import 2591655:,//SETTLEMENT,2,,,,,800,0,Posted
18-09-2024,01.12102.000.0000.000.3706008.00000.000,eHIS,HIS_SETTLEMENT,NSK-OCS-470505 HIS_SETTLEMENT 3358005YT7JQCWYLTG43,500175229,Journal Import 2591655:,//SETTLEMENT,2,,,,,1900,0,Posted
18-09-2024,01.12102.000.0000.000.3706008.00000.000,eHIS,HIS_SETTLEMENT,NSK-OCS-470506 HIS_SETTLEMENT 3358005YT7JQCWYLTG43,500175224,Journal Import 2591655:,//SETTLEMENT,2,,,,,1850,0,Posted
18-09-2024,01.12102.000.0000.000.3706008.00000.000,eHIS,HIS_SETTLEMENT,NSK-OCS-470507 HIS_SETTLEMENT 3358005YT7JQCWYLTG43,500175188,Journal Import 2591655:,//SETTLEMENT,2,,,,,800,0,Posted
18-09-2024,01.12102.000.0000.000.3706008.00000.000,eHIS,HIS_SETTLEMENT,NSK-OCS-470508 HIS_SETTLEMENT 3358005YT7JQCWYLTG43,500175189,Journal Import 2591655:,//SETTLEMENT,2,,,,,800,0,Posted
18-09-2024,01.12102.000.0000.000.3706008.00000.000,eHIS,HIS_SETTLEMENT,NSK-OCS-470509 HIS_SETTLEMENT 3358005YT7JQCWYLTG43,500175364,Journal Import 2591655:,//SETTLEMENT,2,,,,,99,0,Posted
18-09-2024,01.12102.000.0000.000.3706008.00000.000,eHIS,HIS_SETTLEMENT,NSK-OCS-470510 HIS_SETTLEMENT 3358005YT7JQCWYLTG43,500175119,Journal Import 2591655:,//SETTLEMENT,2,,,,,2300,0,Posted
18-09-2024,01.12102.000.0000.000.3706008.00000.000,eHIS,HIS_SETTLEMENT,NSK-OCS-470511 HIS_SETTLEMENT 3358005YT7JQCWYLTG43,500175369,Journal Import 2591655:,//SETTLEMENT,2,,,,,1000,0,Posted
18-09-2024,01.12102.000.0000.000.3706008.00000.000,eHIS,HIS_SETTLEMENT,NSK-OCS-470512 HIS_SETTLEMENT 3358005YT7JQCWYLTG43,500175283,Journal Import 2591655:,//SETTLEMENT,2,,,,,200,0,Posted
18-09-2024,01.12102.000.0000.000.3706008.00000.000,eHIS,HIS_SETTLEMENT,NSK-OCS-470513 HIS_SETTLEMENT 3358005YT7JQCWYLTG43,500175242,Journal Import 2591655:,//SETTLEMENT,2,,,,,1000,0,Posted
18-09-2024,01.12102.000.0000.000.3706008.00000.000,eHIS,HIS_SETTLEMENT,NSK-OCS-470514 HIS_SETTLEMENT 3358005YT7JQCWYLTG43,500175190,Journal Import 2591655:,//SETTLEMENT,2,,,,,800,0,Posted
18-09-2024,01.12102.000.0000.000.3706008.00000.000,eHIS,HIS_SETTLEMENT,NSK-OCS-470515 HIS_SETTLEMENT 3358005YT7JQCWYLTG43,500175191,Journal Import 2591655:,//SETTLEMENT,2,,,,,800,0,Posted
18-09-2024,01.12102.000.0000.000.3706008.00000.000,eHIS,HIS_SETTLEMENT,NSK-OCS-470516 HIS_SETTLEMENT 3358005YT7JQCWYLTG43,500175192,Journal Import 2591655:,//SETTLEMENT,2,,,,,800,0,Posted
18-09-2024,01.12102.000.0000.000.3706008.00000.000,eHIS,HIS_SETTLEMENT,NSK-OCS-470517 HIS_SETTLEMENT 3358005YT7JQCWYLTG43,500175120,Journal Import 2591655:,//SETTLEMENT,2,,,,,2300,0,Posted
18-09-2024,01.12102.000.0000.000.3706008.00000.000,eHIS,HIS_SETTLEMENT,NSK-OCS-470518 HIS_SETTLEMENT 3358005YT7JQCWYLTG43,500175117,Journal Import 2591655:,//SETTLEMENT,2,,,,,900,0,Posted
18-09-2024,01.12102.000.0000.000.3706008.00000.000,eHIS,HIS_SETTLEMENT,NSK-OCS-470519 HIS_SETTLEMENT 3358005YT7JQCWYLTG43,500175198,Journal Import 2591655:,//SETTLEMENT,2,,,,,800,0,Posted
18-09-2024,01.12102.000.0000.000.3706008.00000.000,eHIS,HIS_SETTLEMENT,NSK-OCS-470520 HIS_SETTLEMENT 3358005YT7JQCWYLTG43,500175199,Journal Import 2591655:,//SETTLEMENT,2,,,,,800,0,Posted
18-09-2024,01.12102.000.0000.000.3706008.00000.000,eHIS,HIS_SETTLEMENT,NSK-OCS-470521 HIS_SETTLEMENT 3358005YT7JQCWYLTG43,500175288,Journal Import 2591655:,//SETTLEMENT,2,,,,,1200,0,Posted
18-09-2024,01.12102.000.0000.000.3706008.00000.000,eHIS,HIS_SETTLEMENT,NSK-OCS-470522 HIS_SETTLEMENT 3358005YT7JQCWYLTG43,500175200,Journal Import 2591655:,//SETTLEMENT,2,,,,,800,0,Posted
18-09-2024,01.12102.000.0000.000.3706008.00000.000,eHIS,HIS_SETTLEMENT,NSK-OCS-470523 HIS_SETTLEMENT 3358005YT7JQCWYLTG43,500175289,Journal Import 2591655:,//SETTLEMENT,2,,,,,1200,0,Posted
18-09-2024,01.12102.000.0000.000.3706008.00000.000,eHIS,HIS_SETTLEMENT,NSK-OCS-470524 HIS_SETTLEMENT 3358005YT7JQCWYLTG43,500175201,Journal Import 2591655:,//SETTLEMENT,2,,,,,800,0,Posted
18-09-2024,01.12102.000.0000.000.3706008.00000.000,eHIS,HIS_SETTLEMENT,NSK-OCS-470525 HIS_SETTLEMENT 3358005YT7JQCWYLTG43,500175237,Journal Import 2591655:,//SETTLEMENT,2,,,,,500,0,Posted
18-09-2024,01.12102.000.0000.000.3706008.00000.000,eHIS,HIS_SETTLEMENT,NSK-OCS-470526 HIS_SETTLEMENT 3358005YT7JQCWYLTG43,500175202,Journal Import 2591655:,//SETTLEMENT,2,,,,,800,0,Posted
18-09-2024,01.12102.000.0000.000.3706008.00000.000,eHIS,HIS_SETTLEMENT,NSK-OCS-470527 HIS_SETTLEMENT 3358005YT7JQCWYLTG43,500175303,Journal Import 2591655:,//SETTLEMENT,2,,,,,1300,0,Posted
18-09-2024,01.12102.000.0000.000.3706008.00000.000,eHIS,HIS_SETTLEMENT,NSK-OCS-470528 HIS_SETTLEMENT 3358005YT7JQCWYLTG43,500175203,Journal Import 2591655:,//SETTLEMENT,2,,,,,800,0,Posted
18-09-2024,01.12102.000.0000.000.3706008.00000.000,eHIS,HIS_SETTLEMENT,NSK-OCS-470529 HIS_SETTLEMENT 3358005YT7JQCWYLTG43,500175238,Journal Import 2591655:,//SETTLEMENT,2,,,,,500,0,Posted
18-09-2024,01.12102.000.0000.000.3706008.00000.000,eHIS,HIS_SETTLEMENT,NSK-OCS-470530 HIS_SETTLEMENT 3358005YT7JQCWYLTG43,500175260,Journal Import 2591655:,//SETTLEMENT,2,,,,,3500,0,Posted
18-09-2024,01.12102.000.0000.000.3706008.00000.000,eHIS,HIS_SETTLEMENT,NSK-OCS-470531 HIS_SETTLEMENT 3358005YT7JQCWYLTG43,500175266,Journal Import 2591655:,//SETTLEMENT,2,,,,,1100,0,Posted
18-09-2024,01.12102.000.0000.000.3706008.00000.000,eHIS,HIS_SETTLEMENT,NSK-OCS-470532 HIS_SETTLEMENT 3358005YT7JQCWYLTG43,500175354,Journal Import 2591655:,//SETTLEMENT,2,,,,,945,0,Posted
18-09-2024,01.12102.000.0000.000.3706008.00000.000,eHIS,HIS_SETTLEMENT,NSK-OCS-470533 HIS_SETTLEMENT 3358005YT7JQCWYLTG43,500175310,Journal Import 2591655:,//SETTLEMENT,2,,,,,650,0,Posted
18-09-2024,01.12102.000.0000.000.3706008.00000.000,eHIS,HIS_SETTLEMENT,NSK-OCS-470534 HIS_SETTLEMENT 3358005YT7JQCWYLTG43,500175204,Journal Import 2591655:,//SETTLEMENT,2,,,,,800,0,Posted
18-09-2024,01.12102.000.0000.000.3706008.00000.000,eHIS,HIS_SETTLEMENT,NSK-OCS-470535 HIS_SETTLEMENT 3358005YT7JQCWYLTG43,500175269,Journal Import 2591655:,//SETTLEMENT,2,,,,,3750,0,Posted
18-09-2024,01.12102.000.0000.000.3706008.00000.000,eHIS,HIS_SETTLEMENT,NSK-OCS-470536 HIS_SETTLEMENT 3358005YT7JQCWYLTG43,500175287,Journal Import 2591655:,//SETTLEMENT,2,,,,,750,0,Posted
18-09-2024,01.12102.000.0000.000.3706008.00000.000,eHIS,HIS_SETTLEMENT,NSK-OCS-470537 HIS_SETTLEMENT 3358005YT7JQCWYLTG43,500175205,Journal Import 2591655:,//SETTLEMENT,2,,,,,800,0,Posted
18-09-2024,01.12102.000.0000.000.3706008.00000.000,eHIS,HIS_SETTLEMENT,NSK-OCS-470538 HIS_SETTLEMENT 3358005YT7JQCWYLTG43,500175197,Journal Import 2591655:,//SETTLEMENT,2,,,,,400,0,Posted
18-09-2024,01.12102.000.0000.000.3706008.00000.000,eHIS,HIS_SETTLEMENT,NSK-OCS-470539 HIS_SETTLEMENT 3358005YT7JQCWYLTG43,500175280,Journal Import 2591655:,//SETTLEMENT,2,,,,,4750,0,Posted
18-09-2024,01.12102.000.0000.000.3706008.00000.000,eHIS,HIS_SETTLEMENT,NSK-OCS-470540 HIS_SETTLEMENT 3358005YT7JQCWYLTG43,500175239,Journal Import 2591655:,//SETTLEMENT,2,,,,,500,0,Posted
18-09-2024,01.12102.000.0000.000.3706008.00000.000,eHIS,HIS_SETTLEMENT,NSK-OCS-470541 HIS_SETTLEMENT 3358005YT7JQCWYLTG43,500175240,Journal Import 2591655:,//SETTLEMENT,2,,,,,500,0,Posted
18-09-2024,01.12102.000.0000.000.3706008.00000.000,eHIS,HIS_SETTLEMENT,NSK-OCS-470542 HIS_SETTLEMENT 3358005YT7JQCWYLTG43,500175257,Journal Import 2591655:,//SETTLEMENT,2,,,,,100,0,Posted
18-09-2024,01.12102.000.0000.000.3706008.00000.000,eHIS,HIS_SETTLEMENT,NSK-OCS-470543 HIS_SETTLEMENT 3358005YT7JQCWYLTG43,500175243,Journal Import 2591655:,//SETTLEMENT,2,,,,,1000,0,Posted
18-09-2024,01.12102.000.0000.000.3706008.00000.000,eHIS,HIS_SETTLEMENT,NSK-OCS-470544 HIS_SETTLEMENT 3358005YT7JQCWYLTG43,500175241,Journal Import 2591655:,//SETTLEMENT,2,,,,,500,0,Posted
18-09-2024,01.12102.000.0000.000.3706008.00000.000,eHIS,HIS_SETTLEMENT,NSK-OCS-470545 HIS_SETTLEMENT 3358005YT7JQCWYLTG43,500175217,Journal Import 2591655:,//SETTLEMENT,2,,,,,400,0,Posted
18-09-2024,01.12102.000.0000.000.3706008.00000.000,eHIS,HIS_SETTLEMENT,NSK-OCS-470546 HIS_SETTLEMENT 3358005YT7JQCWYLTG43,500175244,Journal Import 2591655:,//SETTLEMENT,2,,,,,1000,0,Posted
18-09-2024,01.12102.000.0000.000.3706008.00000.000,eHIS,HIS_SETTLEMENT,NSK-OCS-470547 HIS_SETTLEMENT 3358005YT7JQCWYLTG43,500175297,Journal Import 2591655:,//SETTLEMENT,2,,,,,250,0,Posted
18-09-2024,01.12102.000.0000.000.3706008.00000.000,eHIS,HIS_SETTLEMENT,NSK-OCS-470548 HIS_SETTLEMENT 3358005YT7JQCWYLTG43,500175304,Journal Import 2591655:,//SETTLEMENT,2,,,,,1300,0,Posted
18-09-2024,01.12102.000.0000.000.3706008.00000.000,eHIS,HIS_SETTLEMENT,NSK-OCS-470549 HIS_SETTLEMENT 3358005YT7JQCWYLTG43,500175247,Journal Import 2591655:,//SETTLEMENT,2,,,,,600,0,Posted
18-09-2024,01.12102.000.0000.000.3706008.00000.000,eHIS,HIS_SETTLEMENT,NSK-OCS-470550 HIS_SETTLEMENT 3358005YT7JQCWYLTG43,500175218,Journal Import 2591655:,//SETTLEMENT,2,,,,,450,0,Posted
18-09-2024,01.12102.000.0000.000.3706008.00000.000,eHIS,HIS_SETTLEMENT,NSK-OCS-470551 HIS_SETTLEMENT 3358005YT7JQCWYLTG43,500175267,Journal Import 2591655:,//SETTLEMENT,2,,,,,1100,0,Posted
18-09-2024,01.12102.000.0000.000.3706008.00000.000,eHIS,HIS_SETTLEMENT,NSK-OCS-470552 HIS_SETTLEMENT 3358005YT7JQCWYLTG43,500175206,Journal Import 2591655:,//SETTLEMENT,2,,,,,800,0,Posted
18-09-2024,01.12102.000.0000.000.3706008.00000.000,eHIS,HIS_SETTLEMENT,NSK-OCS-470553 HIS_SETTLEMENT 3358005YT7JQCWYLTG43,500175298,Journal Import 2591655:,//SETTLEMENT,2,,,,,250,0,Posted
18-09-2024,01.12102.000.0000.000.3706008.00000.000,eHIS,HIS_SETTLEMENT,NSK-OCS-470554 HIS_SETTLEMENT 3358005YT7JQCWYLTG43,500175114,Journal Import 2591655:,//SETTLEMENT,2,,,,,500,0,Posted
18-09-2024,01.12102.000.0000.000.3706008.00000.000,eHIS,HIS_SETTLEMENT,NSK-OCS-470555 HIS_SETTLEMENT 3358005YT7JQCWYLTG43,500175196,Journal Import 2591655:,//SETTLEMENT,2,,,,,375,0,Posted
18-09-2024,01.12102.000.0000.000.3706008.00000.000,eHIS,HIS_SETTLEMENT,NSK-OCS-470556 HIS_SETTLEMENT 3358005YT7JQCWYLTG43,500175207,Journal Import 2591655:,//SETTLEMENT,2,,,,,800,0,Posted
18-09-2024,01.12102.000.0000.000.3706008.00000.000,eHIS,HIS_SETTLEMENT,NSK-OCS-470557 HIS_SETTLEMENT 3358005YT7JQCWYLTG43,500175294,Journal Import 2591655:,//SETTLEMENT,2,,,,,5700,0,Posted
18-09-2024,01.12102.000.0000.000.3706008.00000.000,eHIS,HIS_SETTLEMENT,NSK-OCS-470558 HIS_SETTLEMENT 3358005YT7JQCWYLTG43,500175258,Journal Import 2591655:,//SETTLEMENT,2,,,,,3410,0,Posted
18-09-2024,01.12102.000.0000.000.3706008.00000.000,eHIS,HIS_SETTLEMENT,NSK-OCS-470559 HIS_SETTLEMENT 3358005YT7JQCWYLTG43,500175290,Journal Import 2591655:,//SETTLEMENT,2,,,,,1200,0,Posted
18-09-2024,01.12102.000.0000.000.3706008.00000.000,eHIS,HIS_SETTLEMENT,NSK-OCS-470560 HIS_SETTLEMENT 3358005YT7JQCWYLTG43,500175351,Journal Import 2591655:,//SETTLEMENT,2,,,,,2760,0,Posted
18-09-2024,01.12102.000.0000.000.3706008.00000.000,eHIS,HIS_SETTLEMENT,NSK-OCS-470561 HIS_SETTLEMENT 3358005YT7JQCWYLTG43,500175208,Journal Import 2591655:,//SETTLEMENT,2,,,,,800,0,Posted
18-09-2024,01.12102.000.0000.000.3706008.00000.000,eHIS,HIS_SETTLEMENT,NSK-OCS-470562 HIS_SETTLEMENT 3358005YT7JQCWYLTG43,500175209,Journal Import 2591655:,//SETTLEMENT,2,,,,,800,0,Posted
18-09-2024,01.12102.000.0000.000.3706008.00000.000,eHIS,HIS_SETTLEMENT,NSK-OCS-470563 HIS_SETTLEMENT 3358005YT7JQCWYLTG43,500175305,Journal Import 2591655:,//SETTLEMENT,2,,,,,1300,0,Posted
18-09-2024,01.12102.000.0000.000.3706008.00000.000,eHIS,HIS_SETTLEMENT,NSK-OCS-470564 HIS_SETTLEMENT 3358005YT7JQCWYLTG43,500175210,Journal Import 2591655:,//SETTLEMENT,2,,,,,800,0,Posted
18-09-2024,01.12102.000.0000.000.3706008.00000.000,eHIS,HIS_SETTLEMENT,NSK-OCS-470565 HIS_SETTLEMENT 3358005YT7JQCWYLTG43,500175284,Journal Import 2591655:,//SETTLEMENT,2,,,,,200,0,Posted
18-09-2024,01.12102.000.0000.000.3706008.00000.000,eHIS,HIS_SETTLEMENT,NSK-OCS-470566 HIS_SETTLEMENT 3358005YT7JQCWYLTG43,500175178,Journal Import 2591655:,//SETTLEMENT,2,,,,,1300,0,Posted
18-09-2024,01.12102.000.0000.000.3706008.00000.000,eHIS,HIS_SETTLEMENT,NSK-OCS-470567 HIS_SETTLEMENT 3358005YT7JQCWYLTG43,500175211,Journal Import 2591655:,//SETTLEMENT,2,,,,,800,0,Posted
18-09-2024,01.12102.000.0000.000.3706008.00000.000,eHIS,HIS_SETTLEMENT,NSK-OCS-470568 HIS_SETTLEMENT 3358005YT7JQCWYLTG43,500175306,Journal Import 2591655:,//SETTLEMENT,2,,,,,100,0,Posted
18-09-2024,01.12102.000.0000.000.3706008.00000.000,eHIS,HIS_SETTLEMENT,NSK-OCS-470569 HIS_SETTLEMENT 3358005YT7JQCWYLTG43,500175212,Journal Import 2591655:,//SETTLEMENT,2,,,,,800,0,Posted
18-09-2024,01.12102.000.0000.000.3706008.00000.000,eHIS,HIS_SETTLEMENT,NSK-OCS-470570 HIS_SETTLEMENT 3358005YT7JQCWYLTG43,500175213,Journal Import 2591655:,//SETTLEMENT,2,,,,,800,0,Posted
18-09-2024,01.12102.000.0000.000.3706008.00000.000,eHIS,HIS_SETTLEMENT,NSK-OCS-470571 HIS_SETTLEMENT 3358005YT7JQCWYLTG43,500175361,Journal Import 2591655:,//SETTLEMENT,2,,,,,1,0,Posted
18-09-2024,01.12102.000.0000.000.3706008.00000.000,eHIS,HIS_SETTLEMENT,NSK-OCS-470572 HIS_SETTLEMENT 3358005YT7JQCWYLTG43,500175115,Journal Import 2591655:,//SETTLEMENT,2,,,,,500,0,Posted
18-09-2024,01.12102.000.0000.000.3706008.00000.000,eHIS,HIS_SETTLEMENT,NSK-OCS-470573 HIS_SETTLEMENT 3358005YT7JQCWYLTG43,500175116,Journal Import 2591655:,//SETTLEMENT,2,,,,,500,0,Posted
18-09-2024,01.12102.000.0000.000.3706008.00000.000,eHIS,HIS_SETTLEMENT,NSK-OCS-470574 HIS_SETTLEMENT 3358005YT7JQCWYLTG43,500175225,Journal Import 2591655:,//SETTLEMENT,2,,,,,1850,0,Posted
18-09-2024,01.12102.000.0000.000.3706008.00000.000,eHIS,HIS_SETTLEMENT,NSK-OCS-470575 HIS_SETTLEMENT 3358005YT7JQCWYLTG43,500175214,Journal Import 2591655:,//SETTLEMENT,2,,,,,800,0,Posted
18-09-2024,01.12102.000.0000.000.3706008.00000.000,eHIS,HIS_SETTLEMENT,NSK-OCS-470576 HIS_SETTLEMENT 3358005YT7JQCWYLTG43,500175215,Journal Import 2591655:,//SETTLEMENT,2,,,,,800,0,Posted
18-09-2024,01.12102.000.0000.000.3706008.00000.000,eHIS,HIS_SETTLEMENT,NSK-OCS-470577 HIS_SETTLEMENT 3358005YT7JQCWYLTG43,500175121,Journal Import 2591655:,//SETTLEMENT,2,,,,,2400,0,Posted
18-09-2024,01.12102.000.0000.000.3706008.00000.000,eHIS,HIS_SETTLEMENT,NSK-OCS-470578 HIS_SETTLEMENT 3358005YT7JQCWYLTG43,500175346,Journal Import 2591655:,//SETTLEMENT,2,,,,,500,0,Posted
18-09-2024,01.12102.000.0000.000.3706008.00000.000,eHIS,HIS_SETTLEMENT,NSK-OCS-470579 HIS_SETTLEMENT 3358005YT7JQCWYLTG43,500175285,Journal Import 2591655:,//SETTLEMENT,2,,,,,200,0,Posted
18-09-2024,01.12102.000.0000.000.3706008.00000.000,eHIS,HIS_SETTLEMENT,NSK-OCS-470580 HIS_SETTLEMENT 3358005YT7JQCWYLTG43,500175347,Journal Import 2591655:,//SETTLEMENT,2,,,,,500,0,Posted
18-09-2024,01.12102.000.0000.000.3706008.00000.000,eHIS,HIS_SETTLEMENT,NSK-OCS-470581 HIS_SETTLEMENT 3358005YT7JQCWYLTG43,500175307,Journal Import 2591655:,//SETTLEMENT,2,,,,,100,0,Posted
18-09-2024,01.12102.000.0000.000.3706008.00000.000,eHIS,HIS_SETTLEMENT,NSK-OCS-470582 HIS_SETTLEMENT 3358005YT7JQCWYLTG43,500175348,Journal Import 2591655:,//SETTLEMENT,2,,,,,500,0,Posted
18-09-2024,01.12102.000.0000.000.3706008.00000.000,eHIS,HIS_SETTLEMENT,NSK-OCS-470583 HIS_SETTLEMENT 3358005YT7JQCWYLTG43,500175226,Journal Import 2591655:,//SETTLEMENT,2,,,,,1850,0,Posted
18-09-2024,01.12102.000.0000.000.3706008.00000.000,eHIS,HIS_SETTLEMENT,NSK-OCS-470584 HIS_SETTLEMENT 3358005YT7JQCWYLTG43,500175291,Journal Import 2591655:,//SETTLEMENT,2,,,,,1200,0,Posted
18-09-2024,01.12102.000.0000.000.3706008.00000.000,eHIS,HIS_SETTLEMENT,NSK-OCS-470585 HIS_SETTLEMENT 3358005YT7JQCWYLTG43,500175311,Journal Import 2591655:,//SETTLEMENT,2,,,,,650,0,Posted
18-09-2024,01.12102.000.0000.000.3706008.00000.000,eHIS,HIS_SETTLEMENT,NSK-OCS-470586 HIS_SETTLEMENT 3358005YT7JQCWYLTG43,500175227,Journal Import 2591655:,//SETTLEMENT,2,,,,,1850,0,Posted
18-09-2024,01.12102.000.0000.000.3706008.00000.000,eHIS,HIS_SETTLEMENT,NSK-OCS-470587 HIS_SETTLEMENT 3358005YT7JQCWYLTG43,500175292,Journal Import 2591655:,//SETTLEMENT,2,,,,,1200,0,Posted
18-09-2024,01.12102.000.0000.000.3706008.00000.000,eHIS,HIS_SETTLEMENT,NSK-OCS-470588 HIS_SETTLEMENT 3358005YT7JQCWYLTG43,500175248,Journal Import 2591655:,//SETTLEMENT,2,,,,,600,0,Posted
19-09-2024,01.12102.000.0000.000.3706008.00000.000,eHIS,HIS_SETTLEMENT,NSK-OCS-470589 HIS_SETTLEMENT 3358005YT7JQCWYLTG43,500175404,Journal Import 2599930:,//SETTLEMENT,2,,,,,350,0,Posted
18-09-2024,01.12102.000.0000.000.3706008.00000.000,eHIS,HIS_SETTLEMENT,NSK-OCS-470590 HIS_SETTLEMENT 3358005YT7JQCWYLTG43,500175245,Journal Import 2591655:,//SETTLEMENT,2,,,,,1000,0,Posted
18-09-2024,01.12102.000.0000.000.3706008.00000.000,eHIS,HIS_SETTLEMENT,NSK-OCS-470591 HIS_SETTLEMENT 3358005YT7JQCWYLTG43,500175179,Journal Import 2591655:,//SETTLEMENT,2,,,,,1300,0,Posted
18-09-2024,01.12102.000.0000.000.3706008.00000.000,eHIS,HIS_SETTLEMENT,NSK-OCS-470592 HIS_SETTLEMENT 3358005YT7JQCWYLTG43,500175268,Journal Import 2591655:,//SETTLEMENT,2,,,,,1100,0,Posted
18-09-2024,01.12102.000.0000.000.3706008.00000.000,eHIS,HIS_SETTLEMENT,NSK-OCS-470593 HIS_SETTLEMENT 3358005YT7JQCWYLTG43,500175293,Journal Import 2591655:,//SETTLEMENT,2,,,,,1200,0,Posted
18-09-2024,01.12102.000.0000.000.3706008.00000.000,eHIS,HIS_SETTLEMENT,NSK-OCS-470594 HIS_SETTLEMENT 3358005YT7JQCWYLTG43,500175308,Journal Import 2591655:,//SETTLEMENT,2,,,,,100,0,Posted
18-09-2024,01.12102.000.0000.000.3706008.00000.000,eHIS,HIS_SETTLEMENT,NSK-OCS-470595 HIS_SETTLEMENT 3358005YT7JQCWYLTG43,500175216,Journal Import 2591655:,//SETTLEMENT,2,,,,,800,0,Posted
18-09-2024,01.12102.000.0000.000.3706008.00000.000,eHIS,HIS_SETTLEMENT,NSK-OCS-470596 HIS_SETTLEMENT 3358005YT7JQCWYLTG43,500175230,Journal Import 2591655:,//SETTLEMENT,2,,,,,801,0,Posted
18-09-2024,01.12102.000.0000.000.3706008.00000.000,eHIS,HIS_SETTLEMENT,NSK-OCS-470597 HIS_SETTLEMENT 3358005YT7JQCWYLTG43,500175262,Journal Import 2591655:,//SETTLEMENT,2,,,,,100,0,Posted
18-09-2024,01.12102.000.0000.000.3706008.00000.000,eHIS,HIS_SETTLEMENT,NSK-OCS-470598 HIS_SETTLEMENT 3358005YT7JQCWYLTG43,500175246,Journal Import 2591655:,//SETTLEMENT,2,,,,,1000,0,Posted
18-09-2024,01.12102.000.0000.000.3706008.00000.000,eHIS,HIS_SETTLEMENT,NSK-OCS-470599 HIS_SETTLEMENT 3358005YT7JQCWYLTG43,500175180,Journal Import 2591655:,//SETTLEMENT,2,,,,,1300,0,Posted
18-09-2024,01.12102.000.0000.000.3706008.00000.000,eHIS,HIS_SETTLEMENT,NSK-OCS-470600 HIS_SETTLEMENT 3358005YT7JQCWYLTG43,500175300,Journal Import 2591655:,//SETTLEMENT,2,,,,,1294,0,Posted
19-09-2024,01.12102.000.0000.000.3706008.00000.000,eHIS,HIS_SETTLEMENT,NSK-OCS-470601 HIS_SETTLEMENT 3358005YT7JQCWYLTG43,500175405,Journal Import 2599930:,//SETTLEMENT,2,,,,,350,0,Posted
18-09-2024,01.12102.000.0000.000.3706008.00000.000,eHIS,HIS_SETTLEMENT,NSK-OCS-470602 HIS_SETTLEMENT 3358005YT7JQCWYLTG43,500175263,Journal Import 2591655:,//SETTLEMENT,2,,,,,100,0,Posted
18-09-2024,01.12102.000.0000.000.3706008.00000.000,eHIS,HIS_SETTLEMENT,NSK-OCS-470604 HIS_SETTLEMENT 3358005YT7JQCWYLTG43,500175261,Journal Import 2591655:,//SETTLEMENT,2,,,,,3500,0,Posted
18-09-2024,01.12102.000.0000.000.3706008.00000.000,eHIS,HIS_SETTLEMENT,NSK-OCS-470605 HIS_SETTLEMENT 3358005YT7JQCWYLTG43,500175275,Journal Import 2591655:,//SETTLEMENT,2,,,,,155,0,Posted
18-09-2024,01.12102.000.0000.000.3706008.00000.000,eHIS,HIS_SETTLEMENT,NSK-OCS-470606 HIS_SETTLEMENT 3358005YT7JQCWYLTG43,500175357,Journal Import 2591655:,//SETTLEMENT,2,,,,,6168,0,Posted
18-09-2024,01.12102.000.0000.000.3706008.00000.000,eHIS,HIS_SETTLEMENT,NSK-OCS-470607 HIS_SETTLEMENT 3358005YT7JQCWYLTG43,500175349,Journal Import 2591655:,//SETTLEMENT,2,,,,,500,0,Posted
18-09-2024,01.12102.000.0000.000.3706008.00000.000,eHIS,HIS_SETTLEMENT,NSK-OCS-470608 HIS_SETTLEMENT 3358005YT7JQCWYLTG43,500175264,Journal Import 2591655:,//SETTLEMENT,2,,,,,100,0,Posted
18-09-2024,01.12102.000.0000.000.3706008.00000.000,eHIS,HIS_SETTLEMENT,NSK-OCS-470609 HIS_SETTLEMENT 3358005YT7JQCWYLTG43,500175219,Journal Import 2591655:,//SETTLEMENT,2,,,,,800,0,Posted
18-09-2024,01.12102.000.0000.000.3706008.00000.000,eHIS,HIS_SETTLEMENT,NSK-OCS-470610 HIS_SETTLEMENT 3358005YT7JQCWYLTG43,500175286,Journal Import 2591655:,//SETTLEMENT,2,,,,,200,0,Posted
18-09-2024,01.12102.000.0000.000.3706008.00000.000,eHIS,HIS_SETTLEMENT,NSK-OCS-470611 HIS_SETTLEMENT 3358005YT7JQCWYLTG43,500175228,Journal Import 2591655:,//SETTLEMENT,2,,,,,1850,0,Posted
19-09-2024,01.12102.000.0000.000.3706008.00000.000,eHIS,HIS_SETTLEMENT,NSK-OCS-470612 HIS_SETTLEMENT 3358005YT7JQCWYLTG43,500176009,Journal Import 2591655:,//SETTLEMENT,2,,,,,900,0,Posted
19-09-2024,01.12102.000.0000.000.3706008.00000.000,eHIS,HIS_SETTLEMENT,NSK-OCS-470613 HIS_SETTLEMENT 3358005YT7JQCWYLTG43,500176010,Journal Import 2591655:,//SETTLEMENT,2,,,,,900,0,Posted
19-09-2024,01.12102.000.0000.000.3706008.00000.000,eHIS,HIS_SETTLEMENT,NSK-OCS-470614 HIS_SETTLEMENT 3358005YT7JQCWYLTG43,500176011,Journal Import 2591655:,//SETTLEMENT,2,,,,,900,0,Posted
19-09-2024,01.12102.000.0000.000.3706008.00000.000,eHIS,HIS_SETTLEMENT,NSK-OCS-470615 HIS_SETTLEMENT 3358005YT7JQCWYLTG43,500176012,Journal Import 2591655:,//SETTLEMENT,2,,,,,900,0,Posted
19-09-2024,01.12102.000.0000.000.3706008.00000.000,eHIS,HIS_SETTLEMENT,NSK-OCS-470616 HIS_SETTLEMENT 3358005YT7JQCWYLTG43,500176013,Journal Import 2591655:,//SETTLEMENT,2,,,,,900,0,Posted
19-09-2024,01.12102.000.0000.000.3706008.00000.000,eHIS,HIS_SETTLEMENT,NSK-OCS-470617 HIS_SETTLEMENT 3358005YT7JQCWYLTG43,500176193,Journal Import 2591655:,//SETTLEMENT,2,,,,,1000,0,Posted
19-09-2024,01.12102.000.0000.000.3706008.00000.000,eHIS,HIS_SETTLEMENT,NSK-OCS-470618 HIS_SETTLEMENT 3358005YT7JQCWYLTG43,500176191,Journal Import 2591655:,//SETTLEMENT,2,,,,,550,0,Posted
19-09-2024,01.12102.000.0000.000.3706008.00000.000,eHIS,HIS_SETTLEMENT,NSK-OCS-470619 HIS_SETTLEMENT 3358005YT7JQCWYLTG43,500176046,Journal Import 2591655:,//SETTLEMENT,2,,,,,1200,0,Posted
19-09-2024,01.12102.000.0000.000.3706008.00000.000,eHIS,HIS_SETTLEMENT,NSK-OCS-470620 HIS_SETTLEMENT 3358005YT7JQCWYLTG43,500176085,Journal Import 2591655:,//SETTLEMENT,2,,,,,1500,0,Posted
19-09-2024,01.12102.000.0000.000.3706008.00000.000,eHIS,HIS_SETTLEMENT,NSK-OCS-470621 HIS_SETTLEMENT 3358005YT7JQCWYLTG43,500176233,Journal Import 2591655:,//SETTLEMENT,2,,,,,3500,0,Posted
19-09-2024,01.12102.000.0000.000.3706008.00000.000,eHIS,HIS_SETTLEMENT,NSK-OCS-470622 HIS_SETTLEMENT 3358005YT7JQCWYLTG43,500176001,Journal Import 2591655:,//SETTLEMENT,2,,,,,1850,0,Posted
19-09-2024,01.12102.000.0000.000.3706008.00000.000,eHIS,HIS_SETTLEMENT,NSK-OCS-470623 HIS_SETTLEMENT 3358005YT7JQCWYLTG43,500176125,Journal Import 2591655:,//SETTLEMENT,2,,,,,700,0,Posted
19-09-2024,01.12102.000.0000.000.3706008.00000.000,eHIS,HIS_SETTLEMENT,NSK-OCS-470624 HIS_SETTLEMENT 3358005YT7JQCWYLTG43,500176047,Journal Import 2591655:,//SETTLEMENT,2,,,,,1200,0,Posted
19-09-2024,01.12102.000.0000.000.3706008.00000.000,eHIS,HIS_SETTLEMENT,NSK-OCS-470625 HIS_SETTLEMENT 3358005YT7JQCWYLTG43,500176126,Journal Import 2591655:,//SETTLEMENT,2,,,,,700,0,Posted
19-09-2024,01.12102.000.0000.000.3706008.00000.000,eHIS,HIS_SETTLEMENT,NSK-OCS-470626 HIS_SETTLEMENT 3358005YT7JQCWYLTG43,500176127,Journal Import 2591655:,//SETTLEMENT,2,,,,,700,0,Posted
19-09-2024,01.12102.000.0000.000.3706008.00000.000,eHIS,HIS_SETTLEMENT,NSK-OCS-470627 HIS_SETTLEMENT 3358005YT7JQCWYLTG43,500176048,Journal Import 2591655:,//SETTLEMENT,2,,,,,1200,0,Posted
19-09-2024,01.12102.000.0000.000.3706008.00000.000,eHIS,HIS_SETTLEMENT,NSK-OCS-470628 HIS_SETTLEMENT 3358005YT7JQCWYLTG43,500176112,Journal Import 2591655:,//SETTLEMENT,2,,,,,100,0,Posted
19-09-2024,01.12102.000.0000.000.3706008.00000.000,eHIS,HIS_SETTLEMENT,NSK-OCS-470629 HIS_SETTLEMENT 3358005YT7JQCWYLTG43,500176165,Journal Import 2591655:,//SETTLEMENT,2,,,,,200,0,Posted
19-09-2024,01.12102.000.0000.000.3706008.00000.000,eHIS,HIS_SETTLEMENT,NSK-OCS-470630 HIS_SETTLEMENT 3358005YT7JQCWYLTG43,500176128,Journal Import 2591655:,//SETTLEMENT,2,,,,,700,0,Posted
19-09-2024,01.12102.000.0000.000.3706008.00000.000,eHIS,HIS_SETTLEMENT,NSK-OCS-470631 HIS_SETTLEMENT 3358005YT7JQCWYLTG43,500176129,Journal Import 2591655:,//SETTLEMENT,2,,,,,700,0,Posted
19-09-2024,01.12102.000.0000.000.3706008.00000.000,eHIS,HIS_SETTLEMENT,NSK-OCS-470632 HIS_SETTLEMENT 3358005YT7JQCWYLTG43,500176113,Journal Import 2591655:,//SETTLEMENT,2,,,,,100,0,Posted
19-09-2024,01.12102.000.0000.000.3706008.00000.000,eHIS,HIS_SETTLEMENT,NSK-OCS-470633 HIS_SETTLEMENT 3358005YT7JQCWYLTG43,500176130,Journal Import 2591655:,//SETTLEMENT,2,,,,,700,0,Posted
19-09-2024,01.12102.000.0000.000.3706008.00000.000,eHIS,HIS_SETTLEMENT,NSK-OCS-470634 HIS_SETTLEMENT 3358005YT7JQCWYLTG43,500176131,Journal Import 2591655:,//SETTLEMENT,2,,,,,700,0,Posted
19-09-2024,01.12102.000.0000.000.3706008.00000.000,eHIS,HIS_SETTLEMENT,NSK-OCS-470635 HIS_SETTLEMENT 3358005YT7JQCWYLTG43,500176132,Journal Import 2591655:,//SETTLEMENT,2,,,,,700,0,Posted
19-09-2024,01.12102.000.0000.000.3706008.00000.000,eHIS,HIS_SETTLEMENT,NSK-OCS-470636 HIS_SETTLEMENT 3358005YT7JQCWYLTG43,500176133,Journal Import 2591655:,//SETTLEMENT,2,,,,,700,0,Posted
19-09-2024,01.12102.000.0000.000.3706008.00000.000,eHIS,HIS_SETTLEMENT,NSK-OCS-470637 HIS_SETTLEMENT 3358005YT7JQCWYLTG43,500176134,Journal Import 2591655:,//SETTLEMENT,2,,,,,700,0,Posted
19-09-2024,01.12102.000.0000.000.3706008.00000.000,eHIS,HIS_SETTLEMENT,NSK-OCS-470638 HIS_SETTLEMENT 3358005YT7JQCWYLTG43,500176135,Journal Import 2591655:,//SETTLEMENT,2,,,,,700,0,Posted
19-09-2024,01.12102.000.0000.000.3706008.00000.000,eHIS,HIS_SETTLEMENT,NSK-OCS-470639 HIS_SETTLEMENT 3358005YT7JQCWYLTG43,500176136,Journal Import 2591655:,//SETTLEMENT,2,,,,,700,0,Posted
19-09-2024,01.12102.000.0000.000.3706008.00000.000,eHIS,HIS_SETTLEMENT,NSK-OCS-470640 HIS_SETTLEMENT 3358005YT7JQCWYLTG43,500176148,Journal Import 2591655:,//SETTLEMENT,2,,,,,700,0,Posted
19-09-2024,01.12102.000.0000.000.3706008.00000.000,eHIS,HIS_SETTLEMENT,NSK-OCS-470641 HIS_SETTLEMENT 3358005YT7JQCWYLTG43,500176149,Journal Import 2591655:,//SETTLEMENT,2,,,,,700,0,Posted
19-09-2024,01.12102.000.0000.000.3706008.00000.000,eHIS,HIS_SETTLEMENT,NSK-OCS-470642 HIS_SETTLEMENT 3358005YT7JQCWYLTG43,500176150,Journal Import 2591655:,//SETTLEMENT,2,,,,,700,0,Posted
19-09-2024,01.12102.000.0000.000.3706008.00000.000,eHIS,HIS_SETTLEMENT,NSK-OCS-470643 HIS_SETTLEMENT 3358005YT7JQCWYLTG43,500176151,Journal Import 2591655:,//SETTLEMENT,2,,,,,700,0,Posted
19-09-2024,01.12102.000.0000.000.3706008.00000.000,eHIS,HIS_SETTLEMENT,NSK-OCS-470644 HIS_SETTLEMENT 3358005YT7JQCWYLTG43,500176152,Journal Import 2591655:,//SETTLEMENT,2,,,,,700,0,Posted
19-09-2024,01.12102.000.0000.000.3706008.00000.000,eHIS,HIS_SETTLEMENT,NSK-OCS-470645 HIS_SETTLEMENT 3358005YT7JQCWYLTG43,500176049,Journal Import 2591655:,//SETTLEMENT,2,,,,,1200,0,Posted
19-09-2024,01.12102.000.0000.000.3706008.00000.000,eHIS,HIS_SETTLEMENT,NSK-OCS-470646 HIS_SETTLEMENT 3358005YT7JQCWYLTG43,500176153,Journal Import 2591655:,//SETTLEMENT,2,,,,,700,0,Posted
19-09-2024,01.12102.000.0000.000.3706008.00000.000,eHIS,HIS_SETTLEMENT,NSK-OCS-470647 HIS_SETTLEMENT 3358005YT7JQCWYLTG43,500176154,Journal Import 2591655:,//SETTLEMENT,2,,,,,700,0,Posted
19-09-2024,01.12102.000.0000.000.3706008.00000.000,eHIS,HIS_SETTLEMENT,NSK-OCS-470648 HIS_SETTLEMENT 3358005YT7JQCWYLTG43,500176155,Journal Import 2591655:,//SETTLEMENT,2,,,,,700,0,Posted
19-09-2024,01.12102.000.0000.000.3706008.00000.000,eHIS,HIS_SETTLEMENT,NSK-OCS-470649 HIS_SETTLEMENT 3358005YT7JQCWYLTG43,500176156,Journal Import 2591655:,//SETTLEMENT,2,,,,,700,0,Posted
19-09-2024,01.12102.000.0000.000.3706008.00000.000,eHIS,HIS_SETTLEMENT,NSK-OCS-470650 HIS_SETTLEMENT 3358005YT7JQCWYLTG43,500176157,Journal Import 2591655:,//SETTLEMENT,2,,,,,700,0,Posted
19-09-2024,01.12102.000.0000.000.3706008.00000.000,eHIS,HIS_SETTLEMENT,NSK-OCS-470651 HIS_SETTLEMENT 3358005YT7JQCWYLTG43,500176158,Journal Import 2591655:,//SETTLEMENT,2,,,,,700,0,Posted
19-09-2024,01.12102.000.0000.000.3706008.00000.000,eHIS,HIS_SETTLEMENT,NSK-OCS-470652 HIS_SETTLEMENT 3358005YT7JQCWYLTG43,500176071,Journal Import 2591655:,//SETTLEMENT,2,,,,,300,0,Posted
19-09-2024,01.12102.000.0000.000.3706008.00000.000,eHIS,HIS_SETTLEMENT,NSK-OCS-470653 HIS_SETTLEMENT 3358005YT7JQCWYLTG43,500176072,Journal Import 2591655:,//SETTLEMENT,2,,,,,300,0,Posted
19-09-2024,01.12102.000.0000.000.3706008.00000.000,eHIS,HIS_SETTLEMENT,NSK-OCS-470654 HIS_SETTLEMENT 3358005YT7JQCWYLTG43,500176073,Journal Import 2591655:,//SETTLEMENT,2,,,,,300,0,Posted
19-09-2024,01.12102.000.0000.000.3706008.00000.000,eHIS,HIS_SETTLEMENT,NSK-OCS-470655 HIS_SETTLEMENT 3358005YT7JQCWYLTG43,500176074,Journal Import 2591655:,//SETTLEMENT,2,,,,,300,0,Posted
19-09-2024,01.12102.000.0000.000.3706008.00000.000,eHIS,HIS_SETTLEMENT,NSK-OCS-470656 HIS_SETTLEMENT 3358005YT7JQCWYLTG43,500176075,Journal Import 2591655:,//SETTLEMENT,2,,,,,300,0,Posted
19-09-2024,01.12102.000.0000.000.3706008.00000.000,eHIS,HIS_SETTLEMENT,NSK-OCS-470657 HIS_SETTLEMENT 3358005YT7JQCWYLTG43,500176076,Journal Import 2591655:,//SETTLEMENT,2,,,,,300,0,Posted
19-09-2024,01.12102.000.0000.000.3706008.00000.000,eHIS,HIS_SETTLEMENT,NSK-OCS-470658 HIS_SETTLEMENT 3358005YT7JQCWYLTG43,500176077,Journal Import 2591655:,//SETTLEMENT,2,,,,,300,0,Posted
19-09-2024,01.12102.000.0000.000.3706008.00000.000,eHIS,HIS_SETTLEMENT,NSK-OCS-470659 HIS_SETTLEMENT 3358005YT7JQCWYLTG43,500176078,Journal Import 2591655:,//SETTLEMENT,2,,,,,300,0,Posted
19-09-2024,01.12102.000.0000.000.3706008.00000.000,eHIS,HIS_SETTLEMENT,NSK-OCS-470660 HIS_SETTLEMENT 3358005YT7JQCWYLTG43,500176079,Journal Import 2591655:,//SETTLEMENT,2,,,,,300,0,Posted
19-09-2024,01.12102.000.0000.000.3706008.00000.000,eHIS,HIS_SETTLEMENT,NSK-OCS-470661 HIS_SETTLEMENT 3358005YT7JQCWYLTG43,500176080,Journal Import 2591655:,//SETTLEMENT,2,,,,,300,0,Posted
19-09-2024,01.12102.000.0000.000.3706008.00000.000,eHIS,HIS_SETTLEMENT,NSK-OCS-470662 HIS_SETTLEMENT 3358005YT7JQCWYLTG43,500176081,Journal Import 2591655:,//SETTLEMENT,2,,,,,300,0,Posted
19-09-2024,01.12102.000.0000.000.3706008.00000.000,eHIS,HIS_SETTLEMENT,NSK-OCS-470663 HIS_SETTLEMENT 3358005YT7JQCWYLTG43,500176082,Journal Import 2591655:,//SETTLEMENT,2,,,,,300,0,Posted
19-09-2024,01.12102.000.0000.000.3706008.00000.000,eHIS,HIS_SETTLEMENT,NSK-OCS-470664 HIS_SETTLEMENT 3358005YT7JQCWYLTG43,500176114,Journal Import 2591655:,//SETTLEMENT,2,,,,,100,0,Posted
19-09-2024,01.12102.000.0000.000.3706008.00000.000,eHIS,HIS_SETTLEMENT,NSK-OCS-470665 HIS_SETTLEMENT 3358005YT7JQCWYLTG43,500176188,Journal Import 2591655:,//SETTLEMENT,2,,,,,5888,0,Posted
19-09-2024,01.12102.000.0000.000.3706008.00000.000,eHIS,HIS_SETTLEMENT,NSK-OCS-470666 HIS_SETTLEMENT 3358005YT7JQCWYLTG43,500176189,Journal Import 2591655:,//SETTLEMENT,2,,,,,5888,0,Posted
19-09-2024,01.12102.000.0000.000.3706008.00000.000,eHIS,HIS_SETTLEMENT,NSK-OCS-470667 HIS_SETTLEMENT 3358005YT7JQCWYLTG43,500176115,Journal Import 2591655:,//SETTLEMENT,2,,,,,100,0,Posted
19-09-2024,01.12102.000.0000.000.3706008.00000.000,eHIS,HIS_SETTLEMENT,NSK-OCS-470668 HIS_SETTLEMENT 3358005YT7JQCWYLTG43,500176197,Journal Import 2591655:,//SETTLEMENT,2,,,,,6900,0,Posted
19-09-2024,01.12102.000.0000.000.3706008.00000.000,eHIS,HIS_SETTLEMENT,NSK-OCS-470669 HIS_SETTLEMENT 3358005YT7JQCWYLTG43,500176198,Journal Import 2591655:,//SETTLEMENT,2,,,,,6900,0,Posted
19-09-2024,01.12102.000.0000.000.3706008.00000.000,eHIS,HIS_SETTLEMENT,NSK-OCS-470670 HIS_SETTLEMENT 3358005YT7JQCWYLTG43,500176007,Journal Import 2591655:,//SETTLEMENT,3,,,,,860,0,Posted
19-09-2024,01.12102.000.0000.000.3706008.00000.000,eHIS,HIS_SETTLEMENT,NSK-OCS-470670 HIS_SETTLEMENT 3358005YT7JQCWYLTG43,500176007,Journal Import 2591655:,//SETTLEMENT,4,,,,,2000,0,Posted
19-09-2024,01.12102.000.0000.000.3706008.00000.000,eHIS,HIS_SETTLEMENT,NSK-OCS-470671 HIS_SETTLEMENT 3358005YT7JQCWYLTG43,500176234,Journal Import 2591655:,//SETTLEMENT,2,,,,,3500,0,Posted
19-09-2024,01.12102.000.0000.000.3706008.00000.000,eHIS,HIS_SETTLEMENT,NSK-OCS-470672 HIS_SETTLEMENT 3358005YT7JQCWYLTG43,500176235,Journal Import 2591655:,//SETTLEMENT,2,,,,,3500,0,Posted
19-09-2024,01.12102.000.0000.000.3706008.00000.000,eHIS,HIS_SETTLEMENT,NSK-OCS-470673 HIS_SETTLEMENT 3358005YT7JQCWYLTG43,500176116,Journal Import 2591655:,//SETTLEMENT,2,,,,,100,0,Posted
19-09-2024,01.12102.000.0000.000.3706008.00000.000,eHIS,HIS_SETTLEMENT,NSK-OCS-470674 HIS_SETTLEMENT 3358005YT7JQCWYLTG43,500176019,Journal Import 2591655:,//SETTLEMENT,2,,,,,2450,0,Posted
19-09-2024,01.12102.000.0000.000.3706008.00000.000,eHIS,HIS_SETTLEMENT,NSK-OCS-470675 HIS_SETTLEMENT 3358005YT7JQCWYLTG43,500176002,Journal Import 2591655:,//SETTLEMENT,2,,,,,1850,0,Posted
19-09-2024,01.12102.000.0000.000.3706008.00000.000,eHIS,HIS_SETTLEMENT,NSK-OCS-470676 HIS_SETTLEMENT 3358005YT7JQCWYLTG43,500176199,Journal Import 2591655:,//SETTLEMENT,2,,,,,6988,0,Posted
19-09-2024,01.12102.000.0000.000.3706008.00000.000,eHIS,HIS_SETTLEMENT,NSK-OCS-470678 HIS_SETTLEMENT 3358005YT7JQCWYLTG43,500176117,Journal Import 2591655:,//SETTLEMENT,2,,,,,100,0,Posted
19-09-2024,01.12102.000.0000.000.3706008.00000.000,eHIS,HIS_SETTLEMENT,NSK-OCS-470679 HIS_SETTLEMENT 3358005YT7JQCWYLTG43,500176232,Journal Import 2591655:,//SETTLEMENT,2,,,,,1080,0,Posted
19-09-2024,01.12102.000.0000.000.3706008.00000.000,eHIS,HIS_SETTLEMENT,NSK-OCS-470680 HIS_SETTLEMENT 3358005YT7JQCWYLTG43,500176003,Journal Import 2591655:,//SETTLEMENT,2,,,,,1850,0,Posted
19-09-2024,01.12102.000.0000.000.3706008.00000.000,eHIS,HIS_SETTLEMENT,NSK-OCS-470681 HIS_SETTLEMENT 3358005YT7JQCWYLTG43,500176163,Journal Import 2591655:,//SETTLEMENT,2,,,,,4500,0,Posted
19-09-2024,01.12102.000.0000.000.3706008.00000.000,eHIS,HIS_SETTLEMENT,NSK-OCS-470682 HIS_SETTLEMENT 3358005YT7JQCWYLTG43,500176102,Journal Import 2591655:,//SETTLEMENT,2,,,,,800,0,Posted
19-09-2024,01.12102.000.0000.000.3706008.00000.000,eHIS,HIS_SETTLEMENT,NSK-OCS-470683 HIS_SETTLEMENT 3358005YT7JQCWYLTG43,500176118,Journal Import 2591655:,//SETTLEMENT,2,,,,,100,0,Posted
19-09-2024,01.12102.000.0000.000.3706008.00000.000,eHIS,HIS_SETTLEMENT,NSK-OCS-470684 HIS_SETTLEMENT 3358005YT7JQCWYLTG43,500176271,Journal Import 2591655:,//SETTLEMENT,2,,,,,500,0,Posted
19-09-2024,01.12102.000.0000.000.3706008.00000.000,eHIS,HIS_SETTLEMENT,NSK-OCS-470685 HIS_SETTLEMENT 3358005YT7JQCWYLTG43,500176194,Journal Import 2591655:,//SETTLEMENT,2,,,,,1000,0,Posted
19-09-2024,01.12102.000.0000.000.3706008.00000.000,eHIS,HIS_SETTLEMENT,NSK-OCS-470686 HIS_SETTLEMENT 3358005YT7JQCWYLTG43,500176236,Journal Import 2591655:,//SETTLEMENT,2,,,,,3500,0,Posted
19-09-2024,01.12102.000.0000.000.3706008.00000.000,eHIS,HIS_SETTLEMENT,NSK-OCS-470687 HIS_SETTLEMENT 3358005YT7JQCWYLTG43,500176103,Journal Import 2591655:,//SETTLEMENT,2,,,,,800,0,Posted
19-09-2024,01.12102.000.0000.000.3706008.00000.000,eHIS,HIS_SETTLEMENT,NSK-OCS-470688 HIS_SETTLEMENT 3358005YT7JQCWYLTG43,500176237,Journal Import 2591655:,//SETTLEMENT,2,,,,,3500,0,Posted
19-09-2024,01.12102.000.0000.000.3706008.00000.000,eHIS,HIS_SETTLEMENT,NSK-OCS-470689 HIS_SETTLEMENT 3358005YT7JQCWYLTG43,500176272,Journal Import 2591655:,//SETTLEMENT,2,,,,,500,0,Posted
19-09-2024,01.12102.000.0000.000.3706008.00000.000,eHIS,HIS_SETTLEMENT,NSK-OCS-470690 HIS_SETTLEMENT 3358005YT7JQCWYLTG43,500176104,Journal Import 2591655:,//SETTLEMENT,2,,,,,800,0,Posted
19-09-2024,01.12102.000.0000.000.3706008.00000.000,eHIS,HIS_SETTLEMENT,NSK-OCS-470691 HIS_SETTLEMENT 3358005YT7JQCWYLTG43,500176098,Journal Import 2591655:,//SETTLEMENT,2,,,,,400,0,Posted
19-09-2024,01.12102.000.0000.000.3706008.00000.000,eHIS,HIS_SETTLEMENT,NSK-OCS-470692 HIS_SETTLEMENT 3358005YT7JQCWYLTG43,500176195,Journal Import 2591655:,//SETTLEMENT,2,,,,,1000,0,Posted
19-09-2024,01.12102.000.0000.000.3706008.00000.000,eHIS,HIS_SETTLEMENT,NSK-OCS-470693 HIS_SETTLEMENT 3358005YT7JQCWYLTG43,500176066,Journal Import 2591655:,//SETTLEMENT,2,,,,,1300,0,Posted
19-09-2024,01.12102.000.0000.000.3706008.00000.000,eHIS,HIS_SETTLEMENT,NSK-OCS-470694 HIS_SETTLEMENT 3358005YT7JQCWYLTG43,500176196,Journal Import 2591655:,//SETTLEMENT,2,,,,,1000,0,Posted
19-09-2024,01.12102.000.0000.000.3706008.00000.000,eHIS,HIS_SETTLEMENT,NSK-OCS-470695 HIS_SETTLEMENT 3358005YT7JQCWYLTG43,500176210,Journal Import 2591655:,//SETTLEMENT,2,,,,,1000,0,Posted
19-09-2024,01.12102.000.0000.000.3706008.00000.000,eHIS,HIS_SETTLEMENT,NSK-OCS-470696 HIS_SETTLEMENT 3358005YT7JQCWYLTG43,500176273,Journal Import 2591655:,//SETTLEMENT,2,,,,,500,0,Posted
19-09-2024,01.12102.000.0000.000.3706008.00000.000,eHIS,HIS_SETTLEMENT,NSK-OCS-470697 HIS_SETTLEMENT 3358005YT7JQCWYLTG43,500176094,Journal Import 2591655:,//SETTLEMENT,2,,,,,1700,0,Posted
19-09-2024,01.12102.000.0000.000.3706008.00000.000,eHIS,HIS_SETTLEMENT,NSK-OCS-470698 HIS_SETTLEMENT 3358005YT7JQCWYLTG43,500176274,Journal Import 2591655:,//SETTLEMENT,3,,,,,500,0,Posted
19-09-2024,01.12102.000.0000.000.3706008.00000.000,eHIS,HIS_SETTLEMENT,NSK-OCS-470698 HIS_SETTLEMENT 3358005YT7JQCWYLTG43,500176274,Journal Import 2591655:,//SETTLEMENT,4,,,,,950,0,Posted
19-09-2024,01.12102.000.0000.000.3706008.00000.000,eHIS,HIS_SETTLEMENT,NSK-OCS-470699 HIS_SETTLEMENT 3358005YT7JQCWYLTG43,500176099,Journal Import 2591655:,//SETTLEMENT,2,,,,,400,0,Posted
19-09-2024,01.12102.000.0000.000.3706008.00000.000,eHIS,HIS_SETTLEMENT,NSK-OCS-470700 HIS_SETTLEMENT 3358005YT7JQCWYLTG43,500176238,Journal Import 2591655:,//SETTLEMENT,2,,,,,650,0,Posted
19-09-2024,01.12102.000.0000.000.3706008.00000.000,eHIS,HIS_SETTLEMENT,NSK-OCS-470701 HIS_SETTLEMENT 3358005YT7JQCWYLTG43,500176014,Journal Import 2591655:,//SETTLEMENT,2,,,,,900,0,Posted
19-09-2024,01.12102.000.0000.000.3706008.00000.000,eHIS,HIS_SETTLEMENT,NSK-OCS-470702 HIS_SETTLEMENT 3358005YT7JQCWYLTG43,500176226,Journal Import 2591655:,//SETTLEMENT,2,,,,,10820,0,Posted
19-09-2024,01.12102.000.0000.000.3706008.00000.000,eHIS,HIS_SETTLEMENT,NSK-OCS-470703 HIS_SETTLEMENT 3358005YT7JQCWYLTG43,500176119,Journal Import 2591655:,//SETTLEMENT,2,,,,,100,0,Posted
19-09-2024,01.12102.000.0000.000.3706008.00000.000,eHIS,HIS_SETTLEMENT,NSK-OCS-470704 HIS_SETTLEMENT 3358005YT7JQCWYLTG43,500176105,Journal Import 2591655:,//SETTLEMENT,2,,,,,800,0,Posted
19-09-2024,01.12102.000.0000.000.3706008.00000.000,eHIS,HIS_SETTLEMENT,NSK-OCS-470705 HIS_SETTLEMENT 3358005YT7JQCWYLTG43,500176211,Journal Import 2591655:,//SETTLEMENT,2,,,,,1000,0,Posted
19-09-2024,01.12102.000.0000.000.3706008.00000.000,eHIS,HIS_SETTLEMENT,NSK-OCS-470706 HIS_SETTLEMENT 3358005YT7JQCWYLTG43,500176015,Journal Import 2591655:,//SETTLEMENT,2,,,,,900,0,Posted
19-09-2024,01.12102.000.0000.000.3706008.00000.000,eHIS,HIS_SETTLEMENT,NSK-OCS-470707 HIS_SETTLEMENT 3358005YT7JQCWYLTG43,500176159,Journal Import 2591655:,//SETTLEMENT,2,,,,,700,0,Posted
19-09-2024,01.12102.000.0000.000.3706008.00000.000,eHIS,HIS_SETTLEMENT,NSK-OCS-470708 HIS_SETTLEMENT 3358005YT7JQCWYLTG43,500176275,Journal Import 2591655:,//SETTLEMENT,2,,,,,500,0,Posted
19-09-2024,01.12102.000.0000.000.3706008.00000.000,eHIS,HIS_SETTLEMENT,NSK-OCS-470709 HIS_SETTLEMENT 3358005YT7JQCWYLTG43,500176106,Journal Import 2591655:,//SETTLEMENT,2,,,,,800,0,Posted
19-09-2024,01.12102.000.0000.000.3706008.00000.000,eHIS,HIS_SETTLEMENT,NSK-OCS-470710 HIS_SETTLEMENT 3358005YT7JQCWYLTG43,500176107,Journal Import 2591655:,//SETTLEMENT,2,,,,,800,0,Posted
19-09-2024,01.12102.000.0000.000.3706008.00000.000,eHIS,HIS_SETTLEMENT,NSK-OCS-470711 HIS_SETTLEMENT 3358005YT7JQCWYLTG43,500176298,Journal Import 2591655:,//SETTLEMENT,2,,,,,3157,0,Posted
19-09-2024,01.12102.000.0000.000.3706008.00000.000,eHIS,HIS_SETTLEMENT,NSK-OCS-470712 HIS_SETTLEMENT 3358005YT7JQCWYLTG43,500176004,Journal Import 2591655:,//SETTLEMENT,2,,,,,1850,0,Posted
19-09-2024,01.12102.000.0000.000.3706008.00000.000,eHIS,HIS_SETTLEMENT,NSK-OCS-470713 HIS_SETTLEMENT 3358005YT7JQCWYLTG43,500176108,Journal Import 2591655:,//SETTLEMENT,2,,,,,800,0,Posted
19-09-2024,01.12102.000.0000.000.3706008.00000.000,eHIS,HIS_SETTLEMENT,NSK-OCS-470714 HIS_SETTLEMENT 3358005YT7JQCWYLTG43,500176109,Journal Import 2591655:,//SETTLEMENT,2,,,,,800,0,Posted
19-09-2024,01.12102.000.0000.000.3706008.00000.000,eHIS,HIS_SETTLEMENT,NSK-OCS-470715 HIS_SETTLEMENT 3358005YT7JQCWYLTG43,500176086,Journal Import 2591655:,//SETTLEMENT,2,,,,,1620,0,Posted
19-09-2024,01.12102.000.0000.000.3706008.00000.000,eHIS,HIS_SETTLEMENT,NSK-OCS-470716 HIS_SETTLEMENT 3358005YT7JQCWYLTG43,500176056,Journal Import 2591655:,//SETTLEMENT,2,,,,,250,0,Posted
19-09-2024,01.12102.000.0000.000.3706008.00000.000,eHIS,HIS_SETTLEMENT,NSK-OCS-470717 HIS_SETTLEMENT 3358005YT7JQCWYLTG43,500176212,Journal Import 2591655:,//SETTLEMENT,2,,,,,1000,0,Posted
19-09-2024,01.12102.000.0000.000.3706008.00000.000,eHIS,HIS_SETTLEMENT,NSK-OCS-470718 HIS_SETTLEMENT 3358005YT7JQCWYLTG43,500176016,Journal Import 2591655:,//SETTLEMENT,2,,,,,900,0,Posted
19-09-2024,01.12102.000.0000.000.3706008.00000.000,eHIS,HIS_SETTLEMENT,NSK-OCS-470719 HIS_SETTLEMENT 3358005YT7JQCWYLTG43,500176057,Journal Import 2591655:,//SETTLEMENT,2,,,,,250,0,Posted
19-09-2024,01.12102.000.0000.000.3706008.00000.000,eHIS,HIS_SETTLEMENT,NSK-OCS-470720 HIS_SETTLEMENT 3358005YT7JQCWYLTG43,500175982,Journal Import 2591655:,//SETTLEMENT,2,,,,,800,0,Posted
19-09-2024,01.12102.000.0000.000.3706008.00000.000,eHIS,HIS_SETTLEMENT,NSK-OCS-470721 HIS_SETTLEMENT 3358005YT7JQCWYLTG43,500176120,Journal Import 2591655:,//SETTLEMENT,2,,,,,100,0,Posted
19-09-2024,01.12102.000.0000.000.3706008.00000.000,eHIS,HIS_SETTLEMENT,NSK-OCS-470722 HIS_SETTLEMENT 3358005YT7JQCWYLTG43,500176276,Journal Import 2591655:,//SETTLEMENT,2,,,,,500,0,Posted
19-09-2024,01.12102.000.0000.000.3706008.00000.000,eHIS,HIS_SETTLEMENT,NSK-OCS-470723 HIS_SETTLEMENT 3358005YT7JQCWYLTG43,500176121,Journal Import 2591655:,//SETTLEMENT,2,,,,,100,0,Posted
19-09-2024,01.12102.000.0000.000.3706008.00000.000,eHIS,HIS_SETTLEMENT,NSK-OCS-470724 HIS_SETTLEMENT 3358005YT7JQCWYLTG43,500176017,Journal Import 2591655:,//SETTLEMENT,2,,,,,900,0,Posted
19-09-2024,01.12102.000.0000.000.3706008.00000.000,eHIS,HIS_SETTLEMENT,NSK-OCS-470725 HIS_SETTLEMENT 3358005YT7JQCWYLTG43,500176095,Journal Import 2591655:,//SETTLEMENT,2,,,,,1700,0,Posted
19-09-2024,01.12102.000.0000.000.3706008.00000.000,eHIS,HIS_SETTLEMENT,NSK-OCS-470726 HIS_SETTLEMENT 3358005YT7JQCWYLTG43,500176277,Journal Import 2591655:,//SETTLEMENT,2,,,,,500,0,Posted
19-09-2024,01.12102.000.0000.000.3706008.00000.000,eHIS,HIS_SETTLEMENT,NSK-OCS-470727 HIS_SETTLEMENT 3358005YT7JQCWYLTG43,500176160,Journal Import 2591655:,//SETTLEMENT,2,,,,,700,0,Posted
19-09-2024,01.12102.000.0000.000.3706008.00000.000,eHIS,HIS_SETTLEMENT,NSK-OCS-470728 HIS_SETTLEMENT 3358005YT7JQCWYLTG43,500176278,Journal Import 2591655:,//SETTLEMENT,2,,,,,500,0,Posted
19-09-2024,01.12102.000.0000.000.3706008.00000.000,eHIS,HIS_SETTLEMENT,NSK-OCS-470729 HIS_SETTLEMENT 3358005YT7JQCWYLTG43,500176145,Journal Import 2591655:,//SETTLEMENT,2,,,,,3630,0,Posted
19-09-2024,01.12102.000.0000.000.3706008.00000.000,eHIS,HIS_SETTLEMENT,NSK-OCS-470730 HIS_SETTLEMENT 3358005YT7JQCWYLTG43,500176279,Journal Import 2591655:,//SETTLEMENT,2,,,,,500,0,Posted
19-09-2024,01.12102.000.0000.000.3706008.00000.000,eHIS,HIS_SETTLEMENT,NSK-OCS-470731 HIS_SETTLEMENT 3358005YT7JQCWYLTG43,500176050,Journal Import 2591655:,//SETTLEMENT,2,,,,,1200,0,Posted
19-09-2024,01.12102.000.0000.000.3706008.00000.000,eHIS,HIS_SETTLEMENT,NSK-OCS-470732 HIS_SETTLEMENT 3358005YT7JQCWYLTG43,500176088,Journal Import 2591655:,//SETTLEMENT,2,,,,,350,0,Posted
19-09-2024,01.12102.000.0000.000.3706008.00000.000,eHIS,HIS_SETTLEMENT,NSK-OCS-470733 HIS_SETTLEMENT 3358005YT7JQCWYLTG43,500176280,Journal Import 2591655:,//SETTLEMENT,2,,,,,500,0,Posted
19-09-2024,01.12102.000.0000.000.3706008.00000.000,eHIS,HIS_SETTLEMENT,NSK-OCS-470734 HIS_SETTLEMENT 3358005YT7JQCWYLTG43,500176170,Journal Import 2591655:,//SETTLEMENT,2,,,,,750,0,Posted
19-09-2024,01.12102.000.0000.000.3706008.00000.000,eHIS,HIS_SETTLEMENT,NSK-OCS-470735 HIS_SETTLEMENT 3358005YT7JQCWYLTG43,500175983,Journal Import 2591655:,//SETTLEMENT,2,,,,,800,0,Posted
19-09-2024,01.12102.000.0000.000.3706008.00000.000,eHIS,HIS_SETTLEMENT,NSK-OCS-470736 HIS_SETTLEMENT 3358005YT7JQCWYLTG43,500176138,Journal Import 2591655:,//SETTLEMENT,2,,,,,1100,0,Posted
19-09-2024,01.12102.000.0000.000.3706008.00000.000,eHIS,HIS_SETTLEMENT,NSK-OCS-470737 HIS_SETTLEMENT 3358005YT7JQCWYLTG43,500176213,Journal Import 2591655:,//SETTLEMENT,2,,,,,1000,0,Posted
19-09-2024,01.12102.000.0000.000.3706008.00000.000,eHIS,HIS_SETTLEMENT,NSK-OCS-470738 HIS_SETTLEMENT 3358005YT7JQCWYLTG43,500175984,Journal Import 2591655:,//SETTLEMENT,2,,,,,800,0,Posted
19-09-2024,01.12102.000.0000.000.3706008.00000.000,eHIS,HIS_SETTLEMENT,NSK-OCS-470739 HIS_SETTLEMENT 3358005YT7JQCWYLTG43,500176239,Journal Import 2591655:,//SETTLEMENT,2,,,,,650,0,Posted
19-09-2024,01.12102.000.0000.000.3706008.00000.000,eHIS,HIS_SETTLEMENT,NSK-OCS-470740 HIS_SETTLEMENT 3358005YT7JQCWYLTG43,500176281,Journal Import 2591655:,//SETTLEMENT,2,,,,,500,0,Posted
19-09-2024,01.12102.000.0000.000.3706008.00000.000,eHIS,HIS_SETTLEMENT,NSK-OCS-470741 HIS_SETTLEMENT 3358005YT7JQCWYLTG43,500176171,Journal Import 2591655:,//SETTLEMENT,2,,,,,750,0,Posted
19-09-2024,01.12102.000.0000.000.3706008.00000.000,eHIS,HIS_SETTLEMENT,NSK-OCS-470742 HIS_SETTLEMENT 3358005YT7JQCWYLTG43,500176051,Journal Import 2591655:,//SETTLEMENT,2,,,,,1200,0,Posted
19-09-2024,01.12102.000.0000.000.3706008.00000.000,eHIS,HIS_SETTLEMENT,NSK-OCS-470743 HIS_SETTLEMENT 3358005YT7JQCWYLTG43,500175985,Journal Import 2591655:,//SETTLEMENT,2,,,,,800,0,Posted
19-09-2024,01.12102.000.0000.000.3706008.00000.000,eHIS,HIS_SETTLEMENT,NSK-OCS-470744 HIS_SETTLEMENT 3358005YT7JQCWYLTG43,500176058,Journal Import 2591655:,//SETTLEMENT,2,,,,,250,0,Posted
19-09-2024,01.12102.000.0000.000.3706008.00000.000,eHIS,HIS_SETTLEMENT,NSK-OCS-470745 HIS_SETTLEMENT 3358005YT7JQCWYLTG43,500176084,Journal Import 2591655:,//SETTLEMENT,2,,,,,1450,0,Posted
19-09-2024,01.12102.000.0000.000.3706008.00000.000,eHIS,HIS_SETTLEMENT,NSK-OCS-470746 HIS_SETTLEMENT 3358005YT7JQCWYLTG43,500176067,Journal Import 2591655:,//SETTLEMENT,2,,,,,1300,0,Posted
19-09-2024,01.12102.000.0000.000.3706008.00000.000,eHIS,HIS_SETTLEMENT,NSK-OCS-470747 HIS_SETTLEMENT 3358005YT7JQCWYLTG43,500176282,Journal Import 2591655:,//SETTLEMENT,2,,,,,500,0,Posted
19-09-2024,01.12102.000.0000.000.3706008.00000.000,eHIS,HIS_SETTLEMENT,NSK-OCS-470748 HIS_SETTLEMENT 3358005YT7JQCWYLTG43,500176283,Journal Import 2591655:,//SETTLEMENT,2,,,,,500,0,Posted
19-09-2024,01.12102.000.0000.000.3706008.00000.000,eHIS,HIS_SETTLEMENT,NSK-OCS-470749 HIS_SETTLEMENT 3358005YT7JQCWYLTG43,500176175,Journal Import 2591655:,//SETTLEMENT,2,,,,,500,0,Posted
19-09-2024,01.12102.000.0000.000.3706008.00000.000,eHIS,HIS_SETTLEMENT,NSK-OCS-470750 HIS_SETTLEMENT 3358005YT7JQCWYLTG43,500176202,Journal Import 2591655:,//SETTLEMENT,2,,,,,600,0,Posted
19-09-2024,01.12102.000.0000.000.3706008.00000.000,eHIS,HIS_SETTLEMENT,NSK-OCS-470751 HIS_SETTLEMENT 3358005YT7JQCWYLTG43,500176122,Journal Import 2591655:,//SETTLEMENT,2,,,,,100,0,Posted
19-09-2024,01.12102.000.0000.000.3706008.00000.000,eHIS,HIS_SETTLEMENT,NSK-OCS-470752 HIS_SETTLEMENT 3358005YT7JQCWYLTG43,500176176,Journal Import 2591655:,//SETTLEMENT,2,,,,,500,0,Posted
19-09-2024,01.12102.000.0000.000.3706008.00000.000,eHIS,HIS_SETTLEMENT,NSK-OCS-470753 HIS_SETTLEMENT 3358005YT7JQCWYLTG43,500176055,Journal Import 2591655:,//SETTLEMENT,2,,,,,5000,0,Posted
19-09-2024,01.12102.000.0000.000.3706008.00000.000,eHIS,HIS_SETTLEMENT,NSK-OCS-470754 HIS_SETTLEMENT 3358005YT7JQCWYLTG43,500176284,Journal Import 2591655:,//SETTLEMENT,2,,,,,900,0,Posted
19-09-2024,01.12102.000.0000.000.3706008.00000.000,eHIS,HIS_SETTLEMENT,NSK-OCS-470755 HIS_SETTLEMENT 3358005YT7JQCWYLTG43,500176005,Journal Import 2591655:,//SETTLEMENT,2,,,,,1850,0,Posted
19-09-2024,01.12102.000.0000.000.3706008.00000.000,eHIS,HIS_SETTLEMENT,NSK-OCS-470756 HIS_SETTLEMENT 3358005YT7JQCWYLTG43,500176059,Journal Import 2591655:,//SETTLEMENT,2,,,,,250,0,Posted
19-09-2024,01.12102.000.0000.000.3706008.00000.000,eHIS,HIS_SETTLEMENT,NSK-OCS-470757 HIS_SETTLEMENT 3358005YT7JQCWYLTG43,500175986,Journal Import 2591655:,//SETTLEMENT,2,,,,,800,0,Posted
19-09-2024,01.12102.000.0000.000.3706008.00000.000,eHIS,HIS_SETTLEMENT,NSK-OCS-470758 HIS_SETTLEMENT 3358005YT7JQCWYLTG43,500176243,Journal Import 2591655:,//SETTLEMENT,2,,,,,2000,0,Posted
19-09-2024,01.12102.000.0000.000.3706008.00000.000,eHIS,HIS_SETTLEMENT,NSK-OCS-470759 HIS_SETTLEMENT 3358005YT7JQCWYLTG43,500175987,Journal Import 2591655:,//SETTLEMENT,2,,,,,800,0,Posted
19-09-2024,01.12102.000.0000.000.3706008.00000.000,eHIS,HIS_SETTLEMENT,NSK-OCS-470760 HIS_SETTLEMENT 3358005YT7JQCWYLTG43,500175992,Journal Import 2591655:,//SETTLEMENT,3,,,,,495,0,Posted
19-09-2024,01.12102.000.0000.000.3706008.00000.000,eHIS,HIS_SETTLEMENT,NSK-OCS-470760 HIS_SETTLEMENT 3358005YT7JQCWYLTG43,500175992,Journal Import 2591655:,//SETTLEMENT,4,,,,,3000,0,Posted
20-09-2024,01.12102.000.0000.000.3706008.00000.000,eHIS,HIS_SETTLEMENT,NSK-OCS-470761 HIS_SETTLEMENT 3358005YT7JQCWYLTG43,500176314,Journal Import 2599930:,//SETTLEMENT,2,,,,,1569,0,Posted
19-09-2024,01.12102.000.0000.000.3706008.00000.000,eHIS,HIS_SETTLEMENT,NSK-OCS-470762 HIS_SETTLEMENT 3358005YT7JQCWYLTG43,500175988,Journal Import 2591655:,//SETTLEMENT,2,,,,,800,0,Posted
19-09-2024,01.12102.000.0000.000.3706008.00000.000,eHIS,HIS_SETTLEMENT,NSK-OCS-470763 HIS_SETTLEMENT 3358005YT7JQCWYLTG43,500176092,Journal Import 2591655:,//SETTLEMENT,2,,,,,375,0,Posted
19-09-2024,01.12102.000.0000.000.3706008.00000.000,eHIS,HIS_SETTLEMENT,NSK-OCS-470764 HIS_SETTLEMENT 3358005YT7JQCWYLTG43,500175989,Journal Import 2591655:,//SETTLEMENT,2,,,,,800,0,Posted
19-09-2024,01.12102.000.0000.000.3706008.00000.000,eHIS,HIS_SETTLEMENT,NSK-OCS-470766 HIS_SETTLEMENT 3358005YT7JQCWYLTG43,500176166,Journal Import 2591655:,//SETTLEMENT,2,,,,,200,0,Posted
19-09-2024,01.12102.000.0000.000.3706008.00000.000,eHIS,HIS_SETTLEMENT,NSK-OCS-470767 HIS_SETTLEMENT 3358005YT7JQCWYLTG43,500176293,Journal Import 2591655:,//SETTLEMENT,2,,,,,2650,0,Posted
19-09-2024,01.12102.000.0000.000.3706008.00000.000,eHIS,HIS_SETTLEMENT,NSK-OCS-470768 HIS_SETTLEMENT 3358005YT7JQCWYLTG43,500176060,Journal Import 2591655:,//SETTLEMENT,2,,,,,250,0,Posted
19-09-2024,01.12102.000.0000.000.3706008.00000.000,eHIS,HIS_SETTLEMENT,NSK-OCS-470769 HIS_SETTLEMENT 3358005YT7JQCWYLTG43,500176230,Journal Import 2591655:,//SETTLEMENT,2,,,,,15450,0,Posted
19-09-2024,01.12102.000.0000.000.3706008.00000.000,eHIS,HIS_SETTLEMENT,NSK-OCS-470770 HIS_SETTLEMENT 3358005YT7JQCWYLTG43,500175990,Journal Import 2591655:,//SETTLEMENT,2,,,,,800,0,Posted
19-09-2024,01.12102.000.0000.000.3706008.00000.000,eHIS,HIS_SETTLEMENT,NSK-OCS-470771 HIS_SETTLEMENT 3358005YT7JQCWYLTG43,500176139,Journal Import 2591655:,//SETTLEMENT,2,,,,,1100,0,Posted
19-09-2024,01.12102.000.0000.000.3706008.00000.000,eHIS,HIS_SETTLEMENT,NSK-OCS-470772 HIS_SETTLEMENT 3358005YT7JQCWYLTG43,500176177,Journal Import 2591655:,//SETTLEMENT,2,,,,,500,0,Posted
19-09-2024,01.12102.000.0000.000.3706008.00000.000,eHIS,HIS_SETTLEMENT,NSK-OCS-470773 HIS_SETTLEMENT 3358005YT7JQCWYLTG43,500176061,Journal Import 2591655:,//SETTLEMENT,2,,,,,250,0,Posted
19-09-2024,01.12102.000.0000.000.3706008.00000.000,eHIS,HIS_SETTLEMENT,NSK-OCS-470774 HIS_SETTLEMENT 3358005YT7JQCWYLTG43,500176052,Journal Import 2591655:,//SETTLEMENT,2,,,,,1200,0,Posted
19-09-2024,01.12102.000.0000.000.3706008.00000.000,eHIS,HIS_SETTLEMENT,NSK-OCS-470775 HIS_SETTLEMENT 3358005YT7JQCWYLTG43,500175991,Journal Import 2591655:,//SETTLEMENT,2,,,,,800,0,Posted
19-09-2024,01.12102.000.0000.000.3706008.00000.000,eHIS,HIS_SETTLEMENT,NSK-OCS-470776 HIS_SETTLEMENT 3358005YT7JQCWYLTG43,500176214,Journal Import 2591655:,//SETTLEMENT,2,,,,,1000,0,Posted
19-09-2024,01.12102.000.0000.000.3706008.00000.000,eHIS,HIS_SETTLEMENT,NSK-OCS-470777 HIS_SETTLEMENT 3358005YT7JQCWYLTG43,500176164,Journal Import 2591655:,//SETTLEMENT,3,,,,,4500,0,Posted
19-09-2024,01.12102.000.0000.000.3706008.00000.000,eHIS,HIS_SETTLEMENT,NSK-OCS-470777 HIS_SETTLEMENT 3358005YT7JQCWYLTG43,500176164,Journal Import 2591655:,//SETTLEMENT,4,,,,,4880,0,Posted
19-09-2024,01.12102.000.0000.000.3706008.00000.000,eHIS,HIS_SETTLEMENT,NSK-OCS-470778 HIS_SETTLEMENT 3358005YT7JQCWYLTG43,500175993,Journal Import 2591655:,//SETTLEMENT,2,,,,,800,0,Posted
19-09-2024,01.12102.000.0000.000.3706008.00000.000,eHIS,HIS_SETTLEMENT,NSK-OCS-470779 HIS_SETTLEMENT 3358005YT7JQCWYLTG43,500176053,Journal Import 2591655:,//SETTLEMENT,2,,,,,1200,0,Posted
19-09-2024,01.12102.000.0000.000.3706008.00000.000,eHIS,HIS_SETTLEMENT,NSK-OCS-470780 HIS_SETTLEMENT 3358005YT7JQCWYLTG43,500176068,Journal Import 2591655:,//SETTLEMENT,2,,,,,1300,0,Posted
19-09-2024,01.12102.000.0000.000.3706008.00000.000,eHIS,HIS_SETTLEMENT,NSK-OCS-470781 HIS_SETTLEMENT 3358005YT7JQCWYLTG43,500176140,Journal Import 2591655:,//SETTLEMENT,2,,,,,1100,0,Posted
19-09-2024,01.12102.000.0000.000.3706008.00000.000,eHIS,HIS_SETTLEMENT,NSK-OCS-470782 HIS_SETTLEMENT 3358005YT7JQCWYLTG43,500176178,Journal Import 2591655:,//SETTLEMENT,2,,,,,500,0,Posted
19-09-2024,01.12102.000.0000.000.3706008.00000.000,eHIS,HIS_SETTLEMENT,NSK-OCS-470783 HIS_SETTLEMENT 3358005YT7JQCWYLTG43,500176215,Journal Import 2591655:,//SETTLEMENT,2,,,,,1000,0,Posted
19-09-2024,01.12102.000.0000.000.3706008.00000.000,eHIS,HIS_SETTLEMENT,NSK-OCS-470784 HIS_SETTLEMENT 3358005YT7JQCWYLTG43,500176216,Journal Import 2591655:,//SETTLEMENT,2,,,,,1000,0,Posted
19-09-2024,01.12102.000.0000.000.3706008.00000.000,eHIS,HIS_SETTLEMENT,NSK-OCS-470785 HIS_SETTLEMENT 3358005YT7JQCWYLTG43,500176054,Journal Import 2591655:,//SETTLEMENT,2,,,,,1200,0,Posted
19-09-2024,01.12102.000.0000.000.3706008.00000.000,eHIS,HIS_SETTLEMENT,NSK-OCS-470786 HIS_SETTLEMENT 3358005YT7JQCWYLTG43,500176179,Journal Import 2591655:,//SETTLEMENT,2,,,,,500,0,Posted
19-09-2024,01.12102.000.0000.000.3706008.00000.000,eHIS,HIS_SETTLEMENT,NSK-OCS-470787 HIS_SETTLEMENT 3358005YT7JQCWYLTG43,500176123,Journal Import 2591655:,//SETTLEMENT,2,,,,,100,0,Posted
19-09-2024,01.12102.000.0000.000.3706008.00000.000,eHIS,HIS_SETTLEMENT,NSK-OCS-470788 HIS_SETTLEMENT 3358005YT7JQCWYLTG43,500176285,Journal Import 2591655:,//SETTLEMENT,2,,,,,900,0,Posted
19-09-2024,01.12102.000.0000.000.3706008.00000.000,eHIS,HIS_SETTLEMENT,NSK-OCS-470789 HIS_SETTLEMENT 3358005YT7JQCWYLTG43,500176172,Journal Import 2591655:,//SETTLEMENT,2,,,,,750,0,Posted
19-09-2024,01.12102.000.0000.000.3706008.00000.000,eHIS,HIS_SETTLEMENT,NSK-OCS-470790 HIS_SETTLEMENT 3358005YT7JQCWYLTG43,500176217,Journal Import 2591655:,//SETTLEMENT,2,,,,,1000,0,Posted
19-09-2024,01.12102.000.0000.000.3706008.00000.000,eHIS,HIS_SETTLEMENT,NSK-OCS-470791 HIS_SETTLEMENT 3358005YT7JQCWYLTG43,500176218,Journal Import 2591655:,//SETTLEMENT,2,,,,,1000,0,Posted
19-09-2024,01.12102.000.0000.000.3706008.00000.000,eHIS,HIS_SETTLEMENT,NSK-OCS-470792 HIS_SETTLEMENT 3358005YT7JQCWYLTG43,500176063,Journal Import 2591655:,//SETTLEMENT,2,,,,,1200,0,Posted
19-09-2024,01.12102.000.0000.000.3706008.00000.000,eHIS,HIS_SETTLEMENT,NSK-OCS-470793 HIS_SETTLEMENT 3358005YT7JQCWYLTG43,500176219,Journal Import 2591655:,//SETTLEMENT,2,,,,,1000,0,Posted
19-09-2024,01.12102.000.0000.000.3706008.00000.000,eHIS,HIS_SETTLEMENT,NSK-OCS-470794 HIS_SETTLEMENT 3358005YT7JQCWYLTG43,500176180,Journal Import 2591655:,//SETTLEMENT,2,,,,,500,0,Posted
19-09-2024,01.12102.000.0000.000.3706008.00000.000,eHIS,HIS_SETTLEMENT,NSK-OCS-470795 HIS_SETTLEMENT 3358005YT7JQCWYLTG43,500176141,Journal Import 2591655:,//SETTLEMENT,2,,,,,1100,0,Posted
19-09-2024,01.12102.000.0000.000.3706008.00000.000,eHIS,HIS_SETTLEMENT,NSK-OCS-470796 HIS_SETTLEMENT 3358005YT7JQCWYLTG43,500176220,Journal Import 2591655:,//SETTLEMENT,2,,,,,1000,0,Posted
19-09-2024,01.12102.000.0000.000.3706008.00000.000,eHIS,HIS_SETTLEMENT,NSK-OCS-470797 HIS_SETTLEMENT 3358005YT7JQCWYLTG43,500176093,Journal Import 2591655:,//SETTLEMENT,2,,,,,375,0,Posted
19-09-2024,01.12102.000.0000.000.3706008.00000.000,eHIS,HIS_SETTLEMENT,NSK-OCS-470798 HIS_SETTLEMENT 3358005YT7JQCWYLTG43,500176062,Journal Import 2591655:,//SETTLEMENT,2,,,,,250,0,Posted
19-09-2024,01.12102.000.0000.000.3706008.00000.000,eHIS,HIS_SETTLEMENT,NSK-OCS-470799 HIS_SETTLEMENT 3358005YT7JQCWYLTG43,500176018,Journal Import 2591655:,//SETTLEMENT,2,,,,,2320,0,Posted
19-09-2024,01.12102.000.0000.000.3706008.00000.000,eHIS,HIS_SETTLEMENT,NSK-OCS-470800 HIS_SETTLEMENT 3358005YT7JQCWYLTG43,500176221,Journal Import 2591655:,//SETTLEMENT,2,,,,,1000,0,Posted
19-09-2024,01.12102.000.0000.000.3706008.00000.000,eHIS,HIS_SETTLEMENT,NSK-OCS-470801 HIS_SETTLEMENT 3358005YT7JQCWYLTG43,500176162,Journal Import 2591655:,//SETTLEMENT,2,,,,,4230,0,Posted
19-09-2024,01.12102.000.0000.000.3706008.00000.000,eHIS,HIS_SETTLEMENT,NSK-OCS-470802 HIS_SETTLEMENT 3358005YT7JQCWYLTG43,500175994,Journal Import 2591655:,//SETTLEMENT,2,,,,,800,0,Posted
19-09-2024,01.12102.000.0000.000.3706008.00000.000,eHIS,HIS_SETTLEMENT,NSK-OCS-470803 HIS_SETTLEMENT 3358005YT7JQCWYLTG43,500176069,Journal Import 2591655:,//SETTLEMENT,2,,,,,1300,0,Posted
19-09-2024,01.12102.000.0000.000.3706008.00000.000,eHIS,HIS_SETTLEMENT,NSK-OCS-470804 HIS_SETTLEMENT 3358005YT7JQCWYLTG43,500176142,Journal Import 2591655:,//SETTLEMENT,2,,,,,1100,0,Posted
19-09-2024,01.12102.000.0000.000.3706008.00000.000,eHIS,HIS_SETTLEMENT,NSK-OCS-470805 HIS_SETTLEMENT 3358005YT7JQCWYLTG43,500176064,Journal Import 2591655:,//SETTLEMENT,2,,,,,1200,0,Posted
19-09-2024,01.12102.000.0000.000.3706008.00000.000,eHIS,HIS_SETTLEMENT,NSK-OCS-470806 HIS_SETTLEMENT 3358005YT7JQCWYLTG43,500176222,Journal Import 2591655:,//SETTLEMENT,2,,,,,1000,0,Posted
19-09-2024,01.12102.000.0000.000.3706008.00000.000,eHIS,HIS_SETTLEMENT,NSK-OCS-470807 HIS_SETTLEMENT 3358005YT7JQCWYLTG43,500176286,Journal Import 2591655:,//SETTLEMENT,2,,,,,900,0,Posted
19-09-2024,01.12102.000.0000.000.3706008.00000.000,eHIS,HIS_SETTLEMENT,NSK-OCS-470808 HIS_SETTLEMENT 3358005YT7JQCWYLTG43,500175995,Journal Import 2591655:,//SETTLEMENT,2,,,,,800,0,Posted
19-09-2024,01.12102.000.0000.000.3706008.00000.000,eHIS,HIS_SETTLEMENT,NSK-OCS-470809 HIS_SETTLEMENT 3358005YT7JQCWYLTG43,500176065,Journal Import 2591655:,//SETTLEMENT,2,,,,,1200,0,Posted
19-09-2024,01.12102.000.0000.000.3706008.00000.000,eHIS,HIS_SETTLEMENT,NSK-OCS-470810 HIS_SETTLEMENT 3358005YT7JQCWYLTG43,500176181,Journal Import 2591655:,//SETTLEMENT,2,,,,,500,0,Posted
19-09-2024,01.12102.000.0000.000.3706008.00000.000,eHIS,HIS_SETTLEMENT,NSK-OCS-470811 HIS_SETTLEMENT 3358005YT7JQCWYLTG43,500176203,Journal Import 2591655:,//SETTLEMENT,2,,,,,600,0,Posted
19-09-2024,01.12102.000.0000.000.3706008.00000.000,eHIS,HIS_SETTLEMENT,NSK-OCS-470812 HIS_SETTLEMENT 3358005YT7JQCWYLTG43,500176100,Journal Import 2591655:,//SETTLEMENT,2,,,,,400,0,Posted
19-09-2024,01.12102.000.0000.000.3706008.00000.000,eHIS,HIS_SETTLEMENT,NSK-OCS-470813 HIS_SETTLEMENT 3358005YT7JQCWYLTG43,500176295,Journal Import 2591655:,//SETTLEMENT,2,,,,,2880,0,Posted
19-09-2024,01.12102.000.0000.000.3706008.00000.000,eHIS,HIS_SETTLEMENT,NSK-OCS-470814 HIS_SETTLEMENT 3358005YT7JQCWYLTG43,500176204,Journal Import 2591655:,//SETTLEMENT,2,,,,,600,0,Posted
19-09-2024,01.12102.000.0000.000.3706008.00000.000,eHIS,HIS_SETTLEMENT,NSK-OCS-470815 HIS_SETTLEMENT 3358005YT7JQCWYLTG43,500175996,Journal Import 2591655:,//SETTLEMENT,2,,,,,800,0,Posted
19-09-2024,01.12102.000.0000.000.3706008.00000.000,eHIS,HIS_SETTLEMENT,NSK-OCS-470816 HIS_SETTLEMENT 3358005YT7JQCWYLTG43,500176173,Journal Import 2591655:,//SETTLEMENT,2,,,,,750,0,Posted
19-09-2024,01.12102.000.0000.000.3706008.00000.000,eHIS,HIS_SETTLEMENT,NSK-OCS-470817 HIS_SETTLEMENT 3358005YT7JQCWYLTG43,500176205,Journal Import 2591655:,//SETTLEMENT,2,,,,,600,0,Posted
19-09-2024,01.12102.000.0000.000.3706008.00000.000,eHIS,HIS_SETTLEMENT,NSK-OCS-470818 HIS_SETTLEMENT 3358005YT7JQCWYLTG43,500176182,Journal Import 2591655:,//SETTLEMENT,2,,,,,500,0,Posted
19-09-2024,01.12102.000.0000.000.3706008.00000.000,eHIS,HIS_SETTLEMENT,NSK-OCS-470819 HIS_SETTLEMENT 3358005YT7JQCWYLTG43,500176167,Journal Import 2591655:,//SETTLEMENT,2,,,,,200,0,Posted
19-09-2024,01.12102.000.0000.000.3706008.00000.000,eHIS,HIS_SETTLEMENT,NSK-OCS-470820 HIS_SETTLEMENT 3358005YT7JQCWYLTG43,500176287,Journal Import 2591655:,//SETTLEMENT,2,,,,,900,0,Posted
19-09-2024,01.12102.000.0000.000.3706008.00000.000,eHIS,HIS_SETTLEMENT,NSK-OCS-470821 HIS_SETTLEMENT 3358005YT7JQCWYLTG43,500175997,Journal Import 2591655:,//SETTLEMENT,2,,,,,800,0,Posted
19-09-2024,01.12102.000.0000.000.3706008.00000.000,eHIS,HIS_SETTLEMENT,NSK-OCS-470822 HIS_SETTLEMENT 3358005YT7JQCWYLTG43,500176296,Journal Import 2591655:,//SETTLEMENT,3,,,,,3000,0,Posted
19-09-2024,01.12102.000.0000.000.3706008.00000.000,eHIS,HIS_SETTLEMENT,NSK-OCS-470822 HIS_SETTLEMENT 3358005YT7JQCWYLTG43,500176296,Journal Import 2591655:,//SETTLEMENT,4,,,,,4300,0,Posted
19-09-2024,01.12102.000.0000.000.3706008.00000.000,eHIS,HIS_SETTLEMENT,NSK-OCS-470823 HIS_SETTLEMENT 3358005YT7JQCWYLTG43,500176183,Journal Import 2591655:,//SETTLEMENT,2,,,,,500,0,Posted
19-09-2024,01.12102.000.0000.000.3706008.00000.000,eHIS,HIS_SETTLEMENT,NSK-OCS-470824 HIS_SETTLEMENT 3358005YT7JQCWYLTG43,500176223,Journal Import 2591655:,//SETTLEMENT,2,,,,,1000,0,Posted
19-09-2024,01.12102.000.0000.000.3706008.00000.000,eHIS,HIS_SETTLEMENT,NSK-OCS-470825 HIS_SETTLEMENT 3358005YT7JQCWYLTG43,500176288,Journal Import 2591655:,//SETTLEMENT,2,,,,,900,0,Posted
19-09-2024,01.12102.000.0000.000.3706008.00000.000,eHIS,HIS_SETTLEMENT,NSK-OCS-470826 HIS_SETTLEMENT 3358005YT7JQCWYLTG43,500176240,Journal Import 2591655:,//SETTLEMENT,2,,,,,650,0,Posted
19-09-2024,01.12102.000.0000.000.3706008.00000.000,eHIS,HIS_SETTLEMENT,NSK-OCS-470827 HIS_SETTLEMENT 3358005YT7JQCWYLTG43,500175998,Journal Import 2591655:,//SETTLEMENT,2,,,,,800,0,Posted
19-09-2024,01.12102.000.0000.000.3706008.00000.000,eHIS,HIS_SETTLEMENT,NSK-OCS-470828 HIS_SETTLEMENT 3358005YT7JQCWYLTG43,500176070,Journal Import 2591655:,//SETTLEMENT,2,,,,,1300,0,Posted
19-09-2024,01.12102.000.0000.000.3706008.00000.000,eHIS,HIS_SETTLEMENT,NSK-OCS-470829 HIS_SETTLEMENT 3358005YT7JQCWYLTG43,500176224,Journal Import 2591655:,//SETTLEMENT,2,,,,,1000,0,Posted
19-09-2024,01.12102.000.0000.000.3706008.00000.000,eHIS,HIS_SETTLEMENT,NSK-OCS-470830 HIS_SETTLEMENT 3358005YT7JQCWYLTG43,500176208,Journal Import 2591655:,//SETTLEMENT,2,,,,,620,0,Posted
19-09-2024,01.12102.000.0000.000.3706008.00000.000,eHIS,HIS_SETTLEMENT,NSK-OCS-470831 HIS_SETTLEMENT 3358005YT7JQCWYLTG43,500176168,Journal Import 2591655:,//SETTLEMENT,2,,,,,200,0,Posted
19-09-2024,01.12102.000.0000.000.3706008.00000.000,eHIS,HIS_SETTLEMENT,NSK-OCS-470832 HIS_SETTLEMENT 3358005YT7JQCWYLTG43,500176289,Journal Import 2591655:,//SETTLEMENT,2,,,,,900,0,Posted
19-09-2024,01.12102.000.0000.000.3706008.00000.000,eHIS,HIS_SETTLEMENT,NSK-OCS-470833 HIS_SETTLEMENT 3358005YT7JQCWYLTG43,500175999,Journal Import 2591655:,//SETTLEMENT,2,,,,,800,0,Posted
19-09-2024,01.12102.000.0000.000.3706008.00000.000,eHIS,HIS_SETTLEMENT,NSK-OCS-470834 HIS_SETTLEMENT 3358005YT7JQCWYLTG43,500176184,Journal Import 2591655:,//SETTLEMENT,2,,,,,500,0,Posted
19-09-2024,01.12102.000.0000.000.3706008.00000.000,eHIS,HIS_SETTLEMENT,NSK-OCS-470835 HIS_SETTLEMENT 3358005YT7JQCWYLTG43,500176143,Journal Import 2591655:,//SETTLEMENT,2,,,,,1100,0,Posted
19-09-2024,01.12102.000.0000.000.3706008.00000.000,eHIS,HIS_SETTLEMENT,NSK-OCS-470836 HIS_SETTLEMENT 3358005YT7JQCWYLTG43,500176185,Journal Import 2591655:,//SETTLEMENT,2,,,,,500,0,Posted
19-09-2024,01.12102.000.0000.000.3706008.00000.000,eHIS,HIS_SETTLEMENT,NSK-OCS-470837 HIS_SETTLEMENT 3358005YT7JQCWYLTG43,500176290,Journal Import 2591655:,//SETTLEMENT,2,,,,,900,0,Posted
19-09-2024,01.12102.000.0000.000.3706008.00000.000,eHIS,HIS_SETTLEMENT,NSK-OCS-470838 HIS_SETTLEMENT 3358005YT7JQCWYLTG43,500176241,Journal Import 2591655:,//SETTLEMENT,2,,,,,650,0,Posted
19-09-2024,01.12102.000.0000.000.3706008.00000.000,eHIS,HIS_SETTLEMENT,NSK-OCS-470839 HIS_SETTLEMENT 3358005YT7JQCWYLTG43,500176169,Journal Import 2591655:,//SETTLEMENT,2,,,,,200,0,Posted
19-09-2024,01.12102.000.0000.000.3706008.00000.000,eHIS,HIS_SETTLEMENT,NSK-OCS-470840 HIS_SETTLEMENT 3358005YT7JQCWYLTG43,500176089,Journal Import 2591655:,//SETTLEMENT,2,,,,,350,0,Posted
19-09-2024,01.12102.000.0000.000.3706008.00000.000,eHIS,HIS_SETTLEMENT,NSK-OCS-470841 HIS_SETTLEMENT 3358005YT7JQCWYLTG43,500176000,Journal Import 2591655:,//SETTLEMENT,2,,,,,800,0,Posted
19-09-2024,01.12102.000.0000.000.3706008.00000.000,eHIS,HIS_SETTLEMENT,NSK-OCS-470842 HIS_SETTLEMENT 3358005YT7JQCWYLTG43,500176144,Journal Import 2591655:,//SETTLEMENT,2,,,,,1100,0,Posted
19-09-2024,01.12102.000.0000.000.3706008.00000.000,eHIS,HIS_SETTLEMENT,NSK-OCS-470843 HIS_SETTLEMENT 3358005YT7JQCWYLTG43,500176110,Journal Import 2591655:,//SETTLEMENT,2,,,,,3500,0,Posted
19-09-2024,01.12102.000.0000.000.3706008.00000.000,eHIS,HIS_SETTLEMENT,NSK-OCS-470844 HIS_SETTLEMENT 3358005YT7JQCWYLTG43,500176297,Journal Import 2591655:,//SETTLEMENT,2,,,,,3000,0,Posted
19-09-2024,01.12102.000.0000.000.3706008.00000.000,eHIS,HIS_SETTLEMENT,NSK-OCS-470845 HIS_SETTLEMENT 3358005YT7JQCWYLTG43,500176006,Journal Import 2591655:,//SETTLEMENT,2,,,,,1850,0,Posted
19-09-2024,01.12102.000.0000.000.3706008.00000.000,eHIS,HIS_SETTLEMENT,NSK-OCS-470846 HIS_SETTLEMENT 3358005YT7JQCWYLTG43,500176101,Journal Import 2591655:,//SETTLEMENT,2,,,,,400,0,Posted
19-09-2024,01.12102.000.0000.000.3706008.00000.000,eHIS,HIS_SETTLEMENT,NSK-OCS-470847 HIS_SETTLEMENT 3358005YT7JQCWYLTG43,500176186,Journal Import 2591655:,//SETTLEMENT,2,,,,,500,0,Posted
19-09-2024,01.12102.000.0000.000.3706008.00000.000,eHIS,HIS_SETTLEMENT,NSK-OCS-470848 HIS_SETTLEMENT 3358005YT7JQCWYLTG43,500176090,Journal Import 2591655:,//SETTLEMENT,2,,,,,350,0,Posted
20-09-2024,01.12102.000.0000.000.3706008.00000.000,eHIS,HIS_SETTLEMENT,NSK-OCS-470849 HIS_SETTLEMENT 3358005YT7JQCWYLTG43,500176320,Journal Import 2599930:,//SETTLEMENT,2,,,,,350,0,Posted
19-09-2024,01.12102.000.0000.000.3706008.00000.000,eHIS,HIS_SETTLEMENT,NSK-OCS-470850 HIS_SETTLEMENT 3358005YT7JQCWYLTG43,500176291,Journal Import 2591655:,//SETTLEMENT,2,,,,,900,0,Posted
19-09-2024,01.12102.000.0000.000.3706008.00000.000,eHIS,HIS_SETTLEMENT,NSK-OCS-470851 HIS_SETTLEMENT 3358005YT7JQCWYLTG43,500176161,Journal Import 2591655:,//SETTLEMENT,2,,,,,1140,0,Posted
19-09-2024,01.12102.000.0000.000.3706008.00000.000,eHIS,HIS_SETTLEMENT,NSK-OCS-470852 HIS_SETTLEMENT 3358005YT7JQCWYLTG43,500176008,Journal Import 2591655:,//SETTLEMENT,2,,,,,885,0,Posted
19-09-2024,01.12102.000.0000.000.3706008.00000.000,eHIS,HIS_SETTLEMENT,NSK-OCS-470853 HIS_SETTLEMENT 3358005YT7JQCWYLTG43,500176225,Journal Import 2591655:,//SETTLEMENT,2,,,,,1000,0,Posted
19-09-2024,01.12102.000.0000.000.3706008.00000.000,eHIS,HIS_SETTLEMENT,NSK-OCS-470854 HIS_SETTLEMENT 3358005YT7JQCWYLTG43,500176187,Journal Import 2591655:,//SETTLEMENT,2,,,,,500,0,Posted
20-09-2024,01.12102.000.0000.000.3706008.00000.000,eHIS,HIS_SETTLEMENT,NSK-OCS-470855 HIS_SETTLEMENT 3358005YT7JQCWYLTG43,500176313,Journal Import 2599930:,//SETTLEMENT,2,,,,,675,0,Posted
19-09-2024,01.12102.000.0000.000.3706008.00000.000,eHIS,HIS_SETTLEMENT,NSK-OCS-470856 HIS_SETTLEMENT 3358005YT7JQCWYLTG43,500176206,Journal Import 2591655:,//SETTLEMENT,3,,,,,600,0,Posted
19-09-2024,01.12102.000.0000.000.3706008.00000.000,eHIS,HIS_SETTLEMENT,NSK-OCS-470856 HIS_SETTLEMENT 3358005YT7JQCWYLTG43,500176206,Journal Import 2591655:,//SETTLEMENT,4,,,,,1250,0,Posted
19-09-2024,01.12102.000.0000.000.3706008.00000.000,eHIS,HIS_SETTLEMENT,NSK-OCS-470857 HIS_SETTLEMENT 3358005YT7JQCWYLTG43,500176083,Journal Import 2591655:,//SETTLEMENT,2,,,,,300,0,Posted
19-09-2024,01.12102.000.0000.000.3706008.00000.000,eHIS,HIS_SETTLEMENT,NSK-OCS-470858 HIS_SETTLEMENT 3358005YT7JQCWYLTG43,500176091,Journal Import 2591655:,//SETTLEMENT,2,,,,,350,0,Posted
19-09-2024,01.12102.000.0000.000.3706008.00000.000,eHIS,HIS_SETTLEMENT,NSK-OCS-470859 HIS_SETTLEMENT 3358005YT7JQCWYLTG43,500176124,Journal Import 2591655:,//SETTLEMENT,2,,,,,100,0,Posted
19-09-2024,01.12102.000.0000.000.3706008.00000.000,eHIS,HIS_SETTLEMENT,NSK-OCS-470860 HIS_SETTLEMENT 3358005YT7JQCWYLTG43,500176292,Journal Import 2591655:,//SETTLEMENT,2,,,,,900,0,Posted
20-09-2024,01.12102.000.0000.000.3706008.00000.000,eHIS,HIS_SETTLEMENT,NSK-OCS-470861 HIS_SETTLEMENT 3358005YT7JQCWYLTG43,500176319,Journal Import 2599930:,//SETTLEMENT,2,,,,,270,0,Posted
19-09-2024,01.12102.000.0000.000.3706008.00000.000,eHIS,HIS_SETTLEMENT,NSK-OCS-470862 HIS_SETTLEMENT 3358005YT7JQCWYLTG43,500176111,Journal Import 2591655:,//SETTLEMENT,2,,,,,3500,0,Posted
20-09-2024,01.12102.000.0000.000.3706008.00000.000,eHIS,HIS_SETTLEMENT,NSK-OCS-470863 HIS_SETTLEMENT 3358005YT7JQCWYLTG43,500176887,Journal Import 2591655:,//SETTLEMENT,2,,,,,100,0,Posted
20-09-2024,01.12102.000.0000.000.3706008.00000.000,eHIS,HIS_SETTLEMENT,NSK-OCS-470864 HIS_SETTLEMENT 3358005YT7JQCWYLTG43,500176718,Journal Import 2591655:,//SETTLEMENT,2,,,,,1850,0,Posted
20-09-2024,01.12102.000.0000.000.3706008.00000.000,eHIS,HIS_SETTLEMENT,NSK-OCS-470865 HIS_SETTLEMENT 3358005YT7JQCWYLTG43,500176888,Journal Import 2591655:,//SETTLEMENT,2,,,,,100,0,Posted
20-09-2024,01.12102.000.0000.000.3706008.00000.000,eHIS,HIS_SETTLEMENT,NSK-OCS-470866 HIS_SETTLEMENT 3358005YT7JQCWYLTG43,500176719,Journal Import 2591655:,//SETTLEMENT,2,,,,,1850,0,Posted
20-09-2024,01.12102.000.0000.000.3706008.00000.000,eHIS,HIS_SETTLEMENT,NSK-OCS-470867 HIS_SETTLEMENT 3358005YT7JQCWYLTG43,500176737,Journal Import 2591655:,//SETTLEMENT,2,,,,,2480,0,Posted
20-09-2024,01.12102.000.0000.000.3706008.00000.000,eHIS,HIS_SETTLEMENT,NSK-OCS-470868 HIS_SETTLEMENT 3358005YT7JQCWYLTG43,500176889,Journal Import 2591655:,//SETTLEMENT,2,,,,,100,0,Posted
20-09-2024,01.12102.000.0000.000.3706008.00000.000,eHIS,HIS_SETTLEMENT,NSK-OCS-470869 HIS_SETTLEMENT 3358005YT7JQCWYLTG43,500176826,Journal Import 2591655:,//SETTLEMENT,2,,,,,1450,0,Posted
20-09-2024,01.12102.000.0000.000.3706008.00000.000,eHIS,HIS_SETTLEMENT,NSK-OCS-470870 HIS_SETTLEMENT 3358005YT7JQCWYLTG43,500176898,Journal Import 2591655:,//SETTLEMENT,2,,,,,100,0,Posted
20-09-2024,01.12102.000.0000.000.3706008.00000.000,eHIS,HIS_SETTLEMENT,NSK-OCS-470871 HIS_SETTLEMENT 3358005YT7JQCWYLTG43,500176736,Journal Import 2591655:,//SETTLEMENT,2,,,,,2300,0,Posted
20-09-2024,01.12102.000.0000.000.3706008.00000.000,eHIS,HIS_SETTLEMENT,NSK-OCS-470872 HIS_SETTLEMENT 3358005YT7JQCWYLTG43,500176738,Journal Import 2591655:,//SETTLEMENT,2,,,,,2600,0,Posted
20-09-2024,01.12102.000.0000.000.3706008.00000.000,eHIS,HIS_SETTLEMENT,NSK-OCS-470873 HIS_SETTLEMENT 3358005YT7JQCWYLTG43,500176897,Journal Import 2591655:,//SETTLEMENT,2,,,,,4000,0,Posted
20-09-2024,01.12102.000.0000.000.3706008.00000.000,eHIS,HIS_SETTLEMENT,NSK-OCS-470874 HIS_SETTLEMENT 3358005YT7JQCWYLTG43,500176720,Journal Import 2591655:,//SETTLEMENT,2,,,,,1850,0,Posted
20-09-2024,01.12102.000.0000.000.3706008.00000.000,eHIS,HIS_SETTLEMENT,NSK-OCS-470875 HIS_SETTLEMENT 3358005YT7JQCWYLTG43,500176846,Journal Import 2591655:,//SETTLEMENT,2,,,,,5888,0,Posted
20-09-2024,01.12102.000.0000.000.3706008.00000.000,eHIS,HIS_SETTLEMENT,NSK-OCS-470876 HIS_SETTLEMENT 3358005YT7JQCWYLTG43,500176847,Journal Import 2591655:,//SETTLEMENT,2,,,,,5888,0,Posted
20-09-2024,01.12102.000.0000.000.3706008.00000.000,eHIS,HIS_SETTLEMENT,NSK-OCS-470877 HIS_SETTLEMENT 3358005YT7JQCWYLTG43,500176735,Journal Import 2591655:,//SETTLEMENT,3,,,,,888,0,Posted
20-09-2024,01.12102.000.0000.000.3706008.00000.000,eHIS,HIS_SETTLEMENT,NSK-OCS-470877 HIS_SETTLEMENT 3358005YT7JQCWYLTG43,500176735,Journal Import 2591655:,//SETTLEMENT,4,,,,,5000,0,Posted
20-09-2024,01.12102.000.0000.000.3706008.00000.000,eHIS,HIS_SETTLEMENT,NSK-OCS-470878 HIS_SETTLEMENT 3358005YT7JQCWYLTG43,500176721,Journal Import 2591655:,//SETTLEMENT,2,,,,,1850,0,Posted
20-09-2024,01.12102.000.0000.000.3706008.00000.000,eHIS,HIS_SETTLEMENT,NSK-OCS-470879 HIS_SETTLEMENT 3358005YT7JQCWYLTG43,500176951,Journal Import 2591655:,//SETTLEMENT,2,,,,,900,0,Posted
20-09-2024,01.12102.000.0000.000.3706008.00000.000,eHIS,HIS_SETTLEMENT,NSK-OCS-470880 HIS_SETTLEMENT 3358005YT7JQCWYLTG43,500176952,Journal Import 2591655:,//SETTLEMENT,2,,,,,900,0,Posted
20-09-2024,01.12102.000.0000.000.3706008.00000.000,eHIS,HIS_SETTLEMENT,NSK-OCS-470881 HIS_SETTLEMENT 3358005YT7JQCWYLTG43,500176883,Journal Import 2591655:,//SETTLEMENT,2,,,,,3500,0,Posted
20-09-2024,01.12102.000.0000.000.3706008.00000.000,eHIS,HIS_SETTLEMENT,NSK-OCS-470882 HIS_SETTLEMENT 3358005YT7JQCWYLTG43,500176830,Journal Import 2591655:,//SETTLEMENT,2,,,,,1650,0,Posted
20-09-2024,01.12102.000.0000.000.3706008.00000.000,eHIS,HIS_SETTLEMENT,NSK-OCS-470883 HIS_SETTLEMENT 3358005YT7JQCWYLTG43,500176899,Journal Import 2591655:,//SETTLEMENT,2,,,,,650,0,Posted
20-09-2024,01.12102.000.0000.000.3706008.00000.000,eHIS,HIS_SETTLEMENT,NSK-OCS-470884 HIS_SETTLEMENT 3358005YT7JQCWYLTG43,500176827,Journal Import 2591655:,//SETTLEMENT,2,,,,,1550,0,Posted
20-09-2024,01.12102.000.0000.000.3706008.00000.000,eHIS,HIS_SETTLEMENT,NSK-OCS-470885 HIS_SETTLEMENT 3358005YT7JQCWYLTG43,500176783,Journal Import 2591655:,//SETTLEMENT,2,,,,,1130,0,Posted
20-09-2024,01.12102.000.0000.000.3706008.00000.000,eHIS,HIS_SETTLEMENT,NSK-OCS-470887 HIS_SETTLEMENT 3358005YT7JQCWYLTG43,500176836,Journal Import 2591655:,//SETTLEMENT,2,,,,,500,0,Posted
20-09-2024,01.12102.000.0000.000.3706008.00000.000,eHIS,HIS_SETTLEMENT,NSK-OCS-470888 HIS_SETTLEMENT 3358005YT7JQCWYLTG43,500176884,Journal Import 2591655:,//SETTLEMENT,2,,,,,3500,0,Posted
20-09-2024,01.12102.000.0000.000.3706008.00000.000,eHIS,HIS_SETTLEMENT,NSK-OCS-470889 HIS_SETTLEMENT 3358005YT7JQCWYLTG43,500176845,Journal Import 2591655:,//SETTLEMENT,2,,,,,5800,0,Posted
21-09-2024,01.12102.000.0000.000.3706008.00000.000,eHIS,HIS_SETTLEMENT,NSK-OCS-470890 HIS_SETTLEMENT 3358005YT7JQCWYLTG43,500176969,Journal Import 2599930:,//SETTLEMENT,2,,,,,800,0,Posted
20-09-2024,01.12102.000.0000.000.3706008.00000.000,eHIS,HIS_SETTLEMENT,NSK-OCS-470891 HIS_SETTLEMENT 3358005YT7JQCWYLTG43,500176953,Journal Import 2591655:,//SETTLEMENT,2,,,,,900,0,Posted
21-09-2024,01.12102.000.0000.000.3706008.00000.000,eHIS,HIS_SETTLEMENT,NSK-OCS-470892 HIS_SETTLEMENT 3358005YT7JQCWYLTG43,500176970,Journal Import 2599930:,//SETTLEMENT,2,,,,,900,0,Posted
20-09-2024,01.12102.000.0000.000.3706008.00000.000,eHIS,HIS_SETTLEMENT,NSK-OCS-470893 HIS_SETTLEMENT 3358005YT7JQCWYLTG43,500176707,Journal Import 2591655:,//SETTLEMENT,2,,,,,800,0,Posted
20-09-2024,01.12102.000.0000.000.3706008.00000.000,eHIS,HIS_SETTLEMENT,NSK-OCS-470894 HIS_SETTLEMENT 3358005YT7JQCWYLTG43,500176771,Journal Import 2591655:,//SETTLEMENT,2,,,,,100,0,Posted
20-09-2024,01.12102.000.0000.000.3706008.00000.000,eHIS,HIS_SETTLEMENT,NSK-OCS-470895 HIS_SETTLEMENT 3358005YT7JQCWYLTG43,500176772,Journal Import 2591655:,//SETTLEMENT,2,,,,,100,0,Posted
20-09-2024,01.12102.000.0000.000.3706008.00000.000,eHIS,HIS_SETTLEMENT,NSK-OCS-470896 HIS_SETTLEMENT 3358005YT7JQCWYLTG43,500176837,Journal Import 2591655:,//SETTLEMENT,2,,,,,500,0,Posted
20-09-2024,01.12102.000.0000.000.3706008.00000.000,eHIS,HIS_SETTLEMENT,NSK-OCS-470897 HIS_SETTLEMENT 3358005YT7JQCWYLTG43,500176838,Journal Import 2591655:,//SETTLEMENT,2,,,,,500,0,Posted
20-09-2024,01.12102.000.0000.000.3706008.00000.000,eHIS,HIS_SETTLEMENT,NSK-OCS-470898 HIS_SETTLEMENT 3358005YT7JQCWYLTG43,500176773,Journal Import 2591655:,//SETTLEMENT,2,,,,,100,0,Posted
20-09-2024,01.12102.000.0000.000.3706008.00000.000,eHIS,HIS_SETTLEMENT,NSK-OCS-470899 HIS_SETTLEMENT 3358005YT7JQCWYLTG43,500176722,Journal Import 2591655:,//SETTLEMENT,2,,,,,1850,0,Posted
20-09-2024,01.12102.000.0000.000.3706008.00000.000,eHIS,HIS_SETTLEMENT,NSK-OCS-470900 HIS_SETTLEMENT 3358005YT7JQCWYLTG43,500176708,Journal Import 2591655:,//SETTLEMENT,2,,,,,800,0,Posted
20-09-2024,01.12102.000.0000.000.3706008.00000.000,eHIS,HIS_SETTLEMENT,NSK-OCS-470901 HIS_SETTLEMENT 3358005YT7JQCWYLTG43,500176954,Journal Import 2591655:,//SETTLEMENT,2,,,,,900,0,Posted
20-09-2024,01.12102.000.0000.000.3706008.00000.000,eHIS,HIS_SETTLEMENT,NSK-OCS-470902 HIS_SETTLEMENT 3358005YT7JQCWYLTG43,500176839,Journal Import 2591655:,//SETTLEMENT,2,,,,,500,0,Posted
20-09-2024,01.12102.000.0000.000.3706008.00000.000,eHIS,HIS_SETTLEMENT,NSK-OCS-470903 HIS_SETTLEMENT 3358005YT7JQCWYLTG43,500176789,Journal Import 2591655:,//SETTLEMENT,2,,,,,750,0,Posted
20-09-2024,01.12102.000.0000.000.3706008.00000.000,eHIS,HIS_SETTLEMENT,NSK-OCS-470904 HIS_SETTLEMENT 3358005YT7JQCWYLTG43,500176955,Journal Import 2591655:,//SETTLEMENT,2,,,,,900,0,Posted
20-09-2024,01.12102.000.0000.000.3706008.00000.000,eHIS,HIS_SETTLEMENT,NSK-OCS-470905 HIS_SETTLEMENT 3358005YT7JQCWYLTG43,500176817,Journal Import 2591655:,//SETTLEMENT,2,,,,,300,0,Posted
20-09-2024,01.12102.000.0000.000.3706008.00000.000,eHIS,HIS_SETTLEMENT,NSK-OCS-470906 HIS_SETTLEMENT 3358005YT7JQCWYLTG43,500176840,Journal Import 2591655:,//SETTLEMENT,2,,,,,500,0,Posted
20-09-2024,01.12102.000.0000.000.3706008.00000.000,eHIS,HIS_SETTLEMENT,NSK-OCS-470907 HIS_SETTLEMENT 3358005YT7JQCWYLTG43,500176774,Journal Import 2591655:,//SETTLEMENT,2,,,,,100,0,Posted
21-09-2024,01.12102.000.0000.000.3706008.00000.000,eHIS,HIS_SETTLEMENT,NSK-OCS-470908 HIS_SETTLEMENT 3358005YT7JQCWYLTG43,500176978,Journal Import 2599930:,//SETTLEMENT,2,,,,,350,0,Posted
20-09-2024,01.12102.000.0000.000.3706008.00000.000,eHIS,HIS_SETTLEMENT,NSK-OCS-470909 HIS_SETTLEMENT 3358005YT7JQCWYLTG43,500176780,Journal Import 2591655:,//SETTLEMENT,2,,,,,700,0,Posted
20-09-2024,01.12102.000.0000.000.3706008.00000.000,eHIS,HIS_SETTLEMENT,NSK-OCS-470910 HIS_SETTLEMENT 3358005YT7JQCWYLTG43,500176905,Journal Import 2591655:,//SETTLEMENT,2,,,,,2070,0,Posted
20-09-2024,01.12102.000.0000.000.3706008.00000.000,eHIS,HIS_SETTLEMENT,NSK-OCS-470911 HIS_SETTLEMENT 3358005YT7JQCWYLTG43,500176841,Journal Import 2591655:,//SETTLEMENT,2,,,,,500,0,Posted
20-09-2024,01.12102.000.0000.000.3706008.00000.000,eHIS,HIS_SETTLEMENT,NSK-OCS-470912 HIS_SETTLEMENT 3358005YT7JQCWYLTG43,500176850,Journal Import 2591655:,//SETTLEMENT,2,,,,,500,0,Posted
20-09-2024,01.12102.000.0000.000.3706008.00000.000,eHIS,HIS_SETTLEMENT,NSK-OCS-470913 HIS_SETTLEMENT 3358005YT7JQCWYLTG43,500176803,Journal Import 2591655:,//SETTLEMENT,2,,,,,250,0,Posted
20-09-2024,01.12102.000.0000.000.3706008.00000.000,eHIS,HIS_SETTLEMENT,NSK-OCS-470914 HIS_SETTLEMENT 3358005YT7JQCWYLTG43,500176870,Journal Import 2591655:,//SETTLEMENT,2,,,,,1000,0,Posted
20-09-2024,01.12102.000.0000.000.3706008.00000.000,eHIS,HIS_SETTLEMENT,NSK-OCS-470915 HIS_SETTLEMENT 3358005YT7JQCWYLTG43,500176790,Journal Import 2591655:,//SETTLEMENT,2,,,,,750,0,Posted
20-09-2024,01.12102.000.0000.000.3706008.00000.000,eHIS,HIS_SETTLEMENT,NSK-OCS-470916 HIS_SETTLEMENT 3358005YT7JQCWYLTG43,500176709,Journal Import 2591655:,//SETTLEMENT,2,,,,,800,0,Posted
20-09-2024,01.12102.000.0000.000.3706008.00000.000,eHIS,HIS_SETTLEMENT,NSK-OCS-470917 HIS_SETTLEMENT 3358005YT7JQCWYLTG43,500176723,Journal Import 2591655:,//SETTLEMENT,2,,,,,1850,0,Posted
20-09-2024,01.12102.000.0000.000.3706008.00000.000,eHIS,HIS_SETTLEMENT,NSK-OCS-470918 HIS_SETTLEMENT 3358005YT7JQCWYLTG43,500176724,Journal Import 2591655:,//SETTLEMENT,2,,,,,1850,0,Posted
20-09-2024,01.12102.000.0000.000.3706008.00000.000,eHIS,HIS_SETTLEMENT,NSK-OCS-470919 HIS_SETTLEMENT 3358005YT7JQCWYLTG43,500176871,Journal Import 2591655:,//SETTLEMENT,2,,,,,1000,0,Posted
20-09-2024,01.12102.000.0000.000.3706008.00000.000,eHIS,HIS_SETTLEMENT,NSK-OCS-470920 HIS_SETTLEMENT 3358005YT7JQCWYLTG43,500176872,Journal Import 2591655:,//SETTLEMENT,2,,,,,1000,0,Posted
20-09-2024,01.12102.000.0000.000.3706008.00000.000,eHIS,HIS_SETTLEMENT,NSK-OCS-470921 HIS_SETTLEMENT 3358005YT7JQCWYLTG43,500176710,Journal Import 2591655:,//SETTLEMENT,2,,,,,800,0,Posted
20-09-2024,01.12102.000.0000.000.3706008.00000.000,eHIS,HIS_SETTLEMENT,NSK-OCS-470922 HIS_SETTLEMENT 3358005YT7JQCWYLTG43,500176902,Journal Import 2591655:,//SETTLEMENT,2,,,,,1000,0,Posted
20-09-2024,01.12102.000.0000.000.3706008.00000.000,eHIS,HIS_SETTLEMENT,NSK-OCS-470923 HIS_SETTLEMENT 3358005YT7JQCWYLTG43,500176711,Journal Import 2591655:,//SETTLEMENT,2,,,,,800,0,Posted
20-09-2024,01.12102.000.0000.000.3706008.00000.000,eHIS,HIS_SETTLEMENT,NSK-OCS-470924 HIS_SETTLEMENT 3358005YT7JQCWYLTG43,500176885,Journal Import 2591655:,//SETTLEMENT,2,,,,,3500,0,Posted
20-09-2024,01.12102.000.0000.000.3706008.00000.000,eHIS,HIS_SETTLEMENT,NSK-OCS-470925 HIS_SETTLEMENT 3358005YT7JQCWYLTG43,500176867,Journal Import 2591655:,//SETTLEMENT,2,,,,,600,0,Posted
20-09-2024,01.12102.000.0000.000.3706008.00000.000,eHIS,HIS_SETTLEMENT,NSK-OCS-470926 HIS_SETTLEMENT 3358005YT7JQCWYLTG43,500176903,Journal Import 2591655:,//SETTLEMENT,2,,,,,1000,0,Posted
20-09-2024,01.12102.000.0000.000.3706008.00000.000,eHIS,HIS_SETTLEMENT,NSK-OCS-470927 HIS_SETTLEMENT 3358005YT7JQCWYLTG43,500176849,Journal Import 2591655:,//SETTLEMENT,2,,,,,6570,0,Posted
20-09-2024,01.12102.000.0000.000.3706008.00000.000,eHIS,HIS_SETTLEMENT,NSK-OCS-470928 HIS_SETTLEMENT 3358005YT7JQCWYLTG43,500176956,Journal Import 2591655:,//SETTLEMENT,2,,,,,900,0,Posted
20-09-2024,01.12102.000.0000.000.3706008.00000.000,eHIS,HIS_SETTLEMENT,NSK-OCS-470929 HIS_SETTLEMENT 3358005YT7JQCWYLTG43,500176851,Journal Import 2591655:,//SETTLEMENT,2,,,,,500,0,Posted
20-09-2024,01.12102.000.0000.000.3706008.00000.000,eHIS,HIS_SETTLEMENT,NSK-OCS-470930 HIS_SETTLEMENT 3358005YT7JQCWYLTG43,500176804,Journal Import 2591655:,//SETTLEMENT,2,,,,,250,0,Posted
20-09-2024,01.12102.000.0000.000.3706008.00000.000,eHIS,HIS_SETTLEMENT,NSK-OCS-470931 HIS_SETTLEMENT 3358005YT7JQCWYLTG43,500176775,Journal Import 2591655:,//SETTLEMENT,2,,,,,100,0,Posted
20-09-2024,01.12102.000.0000.000.3706008.00000.000,eHIS,HIS_SETTLEMENT,NSK-OCS-470932 HIS_SETTLEMENT 3358005YT7JQCWYLTG43,500176815,Journal Import 2591655:,//SETTLEMENT,2,,,,,1300,0,Posted
20-09-2024,01.12102.000.0000.000.3706008.00000.000,eHIS,HIS_SETTLEMENT,NSK-OCS-470933 HIS_SETTLEMENT 3358005YT7JQCWYLTG43,500176785,Journal Import 2591655:,//SETTLEMENT,3,,,,,200,0,Posted
20-09-2024,01.12102.000.0000.000.3706008.00000.000,eHIS,HIS_SETTLEMENT,NSK-OCS-470933 HIS_SETTLEMENT 3358005YT7JQCWYLTG43,500176785,Journal Import 2591655:,//SETTLEMENT,4,,,,,1000,0,Posted
20-09-2024,01.12102.000.0000.000.3706008.00000.000,eHIS,HIS_SETTLEMENT,NSK-OCS-470934 HIS_SETTLEMENT 3358005YT7JQCWYLTG43,500176852,Journal Import 2591655:,//SETTLEMENT,2,,,,,500,0,Posted
20-09-2024,01.12102.000.0000.000.3706008.00000.000,eHIS,HIS_SETTLEMENT,NSK-OCS-470935 HIS_SETTLEMENT 3358005YT7JQCWYLTG43,500176805,Journal Import 2591655:,//SETTLEMENT,2,,,,,250,0,Posted
20-09-2024,01.12102.000.0000.000.3706008.00000.000,eHIS,HIS_SETTLEMENT,NSK-OCS-470936 HIS_SETTLEMENT 3358005YT7JQCWYLTG43,500176877,Journal Import 2591655:,//SETTLEMENT,2,,,,,1000,0,Posted
20-09-2024,01.12102.000.0000.000.3706008.00000.000,eHIS,HIS_SETTLEMENT,NSK-OCS-470937 HIS_SETTLEMENT 3358005YT7JQCWYLTG43,500176895,Journal Import 2591655:,//SETTLEMENT,2,,,,,3700,0,Posted
20-09-2024,01.12102.000.0000.000.3706008.00000.000,eHIS,HIS_SETTLEMENT,NSK-OCS-470938 HIS_SETTLEMENT 3358005YT7JQCWYLTG43,500176712,Journal Import 2591655:,//SETTLEMENT,2,,,,,800,0,Posted
20-09-2024,01.12102.000.0000.000.3706008.00000.000,eHIS,HIS_SETTLEMENT,NSK-OCS-470939 HIS_SETTLEMENT 3358005YT7JQCWYLTG43,500176806,Journal Import 2591655:,//SETTLEMENT,2,,,,,250,0,Posted
21-09-2024,01.12102.000.0000.000.3706008.00000.000,eHIS,HIS_SETTLEMENT,NSK-OCS-470939 HIS_SETTLEMENT 3358005YT7JQCWYLTG43,500176977,Journal Import 2599930:,//SETTLEMENT,2,,,,,100,0,Posted
20-09-2024,01.12102.000.0000.000.3706008.00000.000,eHIS,HIS_SETTLEMENT,NSK-OCS-470940 HIS_SETTLEMENT 3358005YT7JQCWYLTG43,500176853,Journal Import 2591655:,//SETTLEMENT,2,,,,,500,0,Posted
20-09-2024,01.12102.000.0000.000.3706008.00000.000,eHIS,HIS_SETTLEMENT,NSK-OCS-470941 HIS_SETTLEMENT 3358005YT7JQCWYLTG43,500176776,Journal Import 2591655:,//SETTLEMENT,3,,,,,100,0,Posted
20-09-2024,01.12102.000.0000.000.3706008.00000.000,eHIS,HIS_SETTLEMENT,NSK-OCS-470941 HIS_SETTLEMENT 3358005YT7JQCWYLTG43,500176776,Journal Import 2591655:,//SETTLEMENT,4,,,,,550,0,Posted
20-09-2024,01.12102.000.0000.000.3706008.00000.000,eHIS,HIS_SETTLEMENT,NSK-OCS-470942 HIS_SETTLEMENT 3358005YT7JQCWYLTG43,500176791,Journal Import 2591655:,//SETTLEMENT,2,,,,,750,0,Posted
20-09-2024,01.12102.000.0000.000.3706008.00000.000,eHIS,HIS_SETTLEMENT,NSK-OCS-470943 HIS_SETTLEMENT 3358005YT7JQCWYLTG43,500176854,Journal Import 2591655:,//SETTLEMENT,2,,,,,500,0,Posted
20-09-2024,01.12102.000.0000.000.3706008.00000.000,eHIS,HIS_SETTLEMENT,NSK-OCS-470944 HIS_SETTLEMENT 3358005YT7JQCWYLTG43,500176833,Journal Import 2591655:,//SETTLEMENT,2,,,,,450,0,Posted
20-09-2024,01.12102.000.0000.000.3706008.00000.000,eHIS,HIS_SETTLEMENT,NSK-OCS-470945 HIS_SETTLEMENT 3358005YT7JQCWYLTG43,500176890,Journal Import 2591655:,//SETTLEMENT,2,,,,,1100,0,Posted
20-09-2024,01.12102.000.0000.000.3706008.00000.000,eHIS,HIS_SETTLEMENT,NSK-OCS-470946 HIS_SETTLEMENT 3358005YT7JQCWYLTG43,500176855,Journal Import 2591655:,//SETTLEMENT,2,,,,,500,0,Posted
20-09-2024,01.12102.000.0000.000.3706008.00000.000,eHIS,HIS_SETTLEMENT,NSK-OCS-470947 HIS_SETTLEMENT 3358005YT7JQCWYLTG43,500176856,Journal Import 2591655:,//SETTLEMENT,2,,,,,500,0,Posted
20-09-2024,01.12102.000.0000.000.3706008.00000.000,eHIS,HIS_SETTLEMENT,NSK-OCS-470948 HIS_SETTLEMENT 3358005YT7JQCWYLTG43,500176795,Journal Import 2591655:,//SETTLEMENT,2,,,,,1200,0,Posted
20-09-2024,01.12102.000.0000.000.3706008.00000.000,eHIS,HIS_SETTLEMENT,NSK-OCS-470949 HIS_SETTLEMENT 3358005YT7JQCWYLTG43,500176834,Journal Import 2591655:,//SETTLEMENT,2,,,,,450,0,Posted
20-09-2024,01.12102.000.0000.000.3706008.00000.000,eHIS,HIS_SETTLEMENT,NSK-OCS-470950 HIS_SETTLEMENT 3358005YT7JQCWYLTG43,500176713,Journal Import 2591655:,//SETTLEMENT,2,,,,,800,0,Posted
20-09-2024,01.12102.000.0000.000.3706008.00000.000,eHIS,HIS_SETTLEMENT,NSK-OCS-470951 HIS_SETTLEMENT 3358005YT7JQCWYLTG43,500176714,Journal Import 2591655:,//SETTLEMENT,2,,,,,800,0,Posted
20-09-2024,01.12102.000.0000.000.3706008.00000.000,eHIS,HIS_SETTLEMENT,NSK-OCS-470952 HIS_SETTLEMENT 3358005YT7JQCWYLTG43,500176725,Journal Import 2591655:,//SETTLEMENT,2,,,,,1850,0,Posted
20-09-2024,01.12102.000.0000.000.3706008.00000.000,eHIS,HIS_SETTLEMENT,NSK-OCS-470953 HIS_SETTLEMENT 3358005YT7JQCWYLTG43,500176891,Journal Import 2591655:,//SETTLEMENT,2,,,,,1100,0,Posted
20-09-2024,01.12102.000.0000.000.3706008.00000.000,eHIS,HIS_SETTLEMENT,NSK-OCS-470954 HIS_SETTLEMENT 3358005YT7JQCWYLTG43,500176957,Journal Import 2591655:,//SETTLEMENT,2,,,,,900,0,Posted
20-09-2024,01.12102.000.0000.000.3706008.00000.000,eHIS,HIS_SETTLEMENT,NSK-OCS-470955 HIS_SETTLEMENT 3358005YT7JQCWYLTG43,500176816,Journal Import 2591655:,//SETTLEMENT,2,,,,,1300,0,Posted
20-09-2024,01.12102.000.0000.000.3706008.00000.000,eHIS,HIS_SETTLEMENT,NSK-OCS-470956 HIS_SETTLEMENT 3358005YT7JQCWYLTG43,500176807,Journal Import 2591655:,//SETTLEMENT,2,,,,,250,0,Posted
20-09-2024,01.12102.000.0000.000.3706008.00000.000,eHIS,HIS_SETTLEMENT,NSK-OCS-470957 HIS_SETTLEMENT 3358005YT7JQCWYLTG43,500176857,Journal Import 2591655:,//SETTLEMENT,2,,,,,500,0,Posted
20-09-2024,01.12102.000.0000.000.3706008.00000.000,eHIS,HIS_SETTLEMENT,NSK-OCS-470958 HIS_SETTLEMENT 3358005YT7JQCWYLTG43,500176715,Journal Import 2591655:,//SETTLEMENT,2,,,,,800,0,Posted
20-09-2024,01.12102.000.0000.000.3706008.00000.000,eHIS,HIS_SETTLEMENT,NSK-OCS-470959 HIS_SETTLEMENT 3358005YT7JQCWYLTG43,500176868,Journal Import 2591655:,//SETTLEMENT,2,,,,,600,0,Posted
20-09-2024,01.12102.000.0000.000.3706008.00000.000,eHIS,HIS_SETTLEMENT,NSK-OCS-470960 HIS_SETTLEMENT 3358005YT7JQCWYLTG43,500176716,Journal Import 2591655:,//SETTLEMENT,2,,,,,800,0,Posted
20-09-2024,01.12102.000.0000.000.3706008.00000.000,eHIS,HIS_SETTLEMENT,NSK-OCS-470961 HIS_SETTLEMENT 3358005YT7JQCWYLTG43,500176784,Journal Import 2591655:,//SETTLEMENT,2,,,,,4300,0,Posted
20-09-2024,01.12102.000.0000.000.3706008.00000.000,eHIS,HIS_SETTLEMENT,NSK-OCS-470962 HIS_SETTLEMENT 3358005YT7JQCWYLTG43,500176808,Journal Import 2591655:,//SETTLEMENT,2,,,,,250,0,Posted
20-09-2024,01.12102.000.0000.000.3706008.00000.000,eHIS,HIS_SETTLEMENT,NSK-OCS-470963 HIS_SETTLEMENT 3358005YT7JQCWYLTG43,500176734,Journal Import 2591655:,//SETTLEMENT,2,,,,,825,0,Posted
20-09-2024,01.12102.000.0000.000.3706008.00000.000,eHIS,HIS_SETTLEMENT,NSK-OCS-470964 HIS_SETTLEMENT 3358005YT7JQCWYLTG43,500176717,Journal Import 2591655:,//SETTLEMENT,2,,,,,800,0,Posted
20-09-2024,01.12102.000.0000.000.3706008.00000.000,eHIS,HIS_SETTLEMENT,NSK-OCS-470965 HIS_SETTLEMENT 3358005YT7JQCWYLTG43,500176811,Journal Import 2591655:,//SETTLEMENT,2,,,,,299,0,Posted
20-09-2024,01.12102.000.0000.000.3706008.00000.000,eHIS,HIS_SETTLEMENT,NSK-OCS-470966 HIS_SETTLEMENT 3358005YT7JQCWYLTG43,500176906,Journal Import 2591655:,//SETTLEMENT,2,,,,,2100,0,Posted
20-09-2024,01.12102.000.0000.000.3706008.00000.000,eHIS,HIS_SETTLEMENT,NSK-OCS-470967 HIS_SETTLEMENT 3358005YT7JQCWYLTG43,500176962,Journal Import 2591655:,//SETTLEMENT,2,,,,,3300,0,Posted
20-09-2024,01.12102.000.0000.000.3706008.00000.000,eHIS,HIS_SETTLEMENT,NSK-OCS-470968 HIS_SETTLEMENT 3358005YT7JQCWYLTG43,500176878,Journal Import 2591655:,//SETTLEMENT,2,,,,,1000,0,Posted
20-09-2024,01.12102.000.0000.000.3706008.00000.000,eHIS,HIS_SETTLEMENT,NSK-OCS-470969 HIS_SETTLEMENT 3358005YT7JQCWYLTG43,500176858,Journal Import 2591655:,//SETTLEMENT,2,,,,,500,0,Posted
20-09-2024,01.12102.000.0000.000.3706008.00000.000,eHIS,HIS_SETTLEMENT,NSK-OCS-470970 HIS_SETTLEMENT 3358005YT7JQCWYLTG43,500176821,Journal Import 2591655:,//SETTLEMENT,2,,,,,1300,0,Posted
20-09-2024,01.12102.000.0000.000.3706008.00000.000,eHIS,HIS_SETTLEMENT,NSK-OCS-470971 HIS_SETTLEMENT 3358005YT7JQCWYLTG43,500176792,Journal Import 2591655:,//SETTLEMENT,2,,,,,4900,0,Posted
20-09-2024,01.12102.000.0000.000.3706008.00000.000,eHIS,HIS_SETTLEMENT,NSK-OCS-470972 HIS_SETTLEMENT 3358005YT7JQCWYLTG43,500176879,Journal Import 2591655:,//SETTLEMENT,2,,,,,1000,0,Posted
20-09-2024,01.12102.000.0000.000.3706008.00000.000,eHIS,HIS_SETTLEMENT,NSK-OCS-470973 HIS_SETTLEMENT 3358005YT7JQCWYLTG43,500176859,Journal Import 2591655:,//SETTLEMENT,2,,,,,500,0,Posted
20-09-2024,01.12102.000.0000.000.3706008.00000.000,eHIS,HIS_SETTLEMENT,NSK-OCS-470974 HIS_SETTLEMENT 3358005YT7JQCWYLTG43,500176828,Journal Import 2591655:,//SETTLEMENT,2,,,,,350,0,Posted
20-09-2024,01.12102.000.0000.000.3706008.00000.000,eHIS,HIS_SETTLEMENT,NSK-OCS-470975 HIS_SETTLEMENT 3358005YT7JQCWYLTG43,500176818,Journal Import 2591655:,//SETTLEMENT,2,,,,,300,0,Posted
20-09-2024,01.12102.000.0000.000.3706008.00000.000,eHIS,HIS_SETTLEMENT,NSK-OCS-470976 HIS_SETTLEMENT 3358005YT7JQCWYLTG43,500176829,Journal Import 2591655:,//SETTLEMENT,2,,,,,350,0,Posted
20-09-2024,01.12102.000.0000.000.3706008.00000.000,eHIS,HIS_SETTLEMENT,NSK-OCS-470977 HIS_SETTLEMENT 3358005YT7JQCWYLTG43,500176809,Journal Import 2591655:,//SETTLEMENT,2,,,,,250,0,Posted
20-09-2024,01.12102.000.0000.000.3706008.00000.000,eHIS,HIS_SETTLEMENT,NSK-OCS-470978 HIS_SETTLEMENT 3358005YT7JQCWYLTG43,500176819,Journal Import 2591655:,//SETTLEMENT,2,,,,,300,0,Posted
20-09-2024,01.12102.000.0000.000.3706008.00000.000,eHIS,HIS_SETTLEMENT,NSK-OCS-470979 HIS_SETTLEMENT 3358005YT7JQCWYLTG43,500176866,Journal Import 2591655:,//SETTLEMENT,2,,,,,8200,0,Posted
20-09-2024,01.12102.000.0000.000.3706008.00000.000,eHIS,HIS_SETTLEMENT,NSK-OCS-470980 HIS_SETTLEMENT 3358005YT7JQCWYLTG43,500176880,Journal Import 2591655:,//SETTLEMENT,2,,,,,1000,0,Posted
20-09-2024,01.12102.000.0000.000.3706008.00000.000,eHIS,HIS_SETTLEMENT,NSK-OCS-470981 HIS_SETTLEMENT 3358005YT7JQCWYLTG43,500176961,Journal Import 2591655:,//SETTLEMENT,2,,,,,3000,0,Posted
20-09-2024,01.12102.000.0000.000.3706008.00000.000,eHIS,HIS_SETTLEMENT,NSK-OCS-470982 HIS_SETTLEMENT 3358005YT7JQCWYLTG43,500176822,Journal Import 2591655:,//SETTLEMENT,2,,,,,1300,0,Posted
20-09-2024,01.12102.000.0000.000.3706008.00000.000,eHIS,HIS_SETTLEMENT,NSK-OCS-470983 HIS_SETTLEMENT 3358005YT7JQCWYLTG43,500176892,Journal Import 2591655:,//SETTLEMENT,2,,,,,1100,0,Posted
20-09-2024,01.12102.000.0000.000.3706008.00000.000,eHIS,HIS_SETTLEMENT,NSK-OCS-470984 HIS_SETTLEMENT 3358005YT7JQCWYLTG43,500176730,Journal Import 2591655:,//SETTLEMENT,2,,,,,800,0,Posted
20-09-2024,01.12102.000.0000.000.3706008.00000.000,eHIS,HIS_SETTLEMENT,NSK-OCS-470985 HIS_SETTLEMENT 3358005YT7JQCWYLTG43,500176781,Journal Import 2591655:,//SETTLEMENT,2,,,,,1100,0,Posted
20-09-2024,01.12102.000.0000.000.3706008.00000.000,eHIS,HIS_SETTLEMENT,NSK-OCS-470986 HIS_SETTLEMENT 3358005YT7JQCWYLTG43,500176823,Journal Import 2591655:,//SETTLEMENT,2,,,,,1300,0,Posted
20-09-2024,01.12102.000.0000.000.3706008.00000.000,eHIS,HIS_SETTLEMENT,NSK-OCS-470987 HIS_SETTLEMENT 3358005YT7JQCWYLTG43,500176782,Journal Import 2591655:,//SETTLEMENT,2,,,,,1100,0,Posted
20-09-2024,01.12102.000.0000.000.3706008.00000.000,eHIS,HIS_SETTLEMENT,NSK-OCS-470988 HIS_SETTLEMENT 3358005YT7JQCWYLTG43,500176796,Journal Import 2591655:,//SETTLEMENT,2,,,,,1200,0,Posted
20-09-2024,01.12102.000.0000.000.3706008.00000.000,eHIS,HIS_SETTLEMENT,NSK-OCS-470989 HIS_SETTLEMENT 3358005YT7JQCWYLTG43,500176958,Journal Import 2591655:,//SETTLEMENT,2,,,,,900,0,Posted
20-09-2024,01.12102.000.0000.000.3706008.00000.000,eHIS,HIS_SETTLEMENT,NSK-OCS-470990 HIS_SETTLEMENT 3358005YT7JQCWYLTG43,500176793,Journal Import 2591655:,//SETTLEMENT,2,,,,,4900,0,Posted
20-09-2024,01.12102.000.0000.000.3706008.00000.000,eHIS,HIS_SETTLEMENT,NSK-OCS-470991 HIS_SETTLEMENT 3358005YT7JQCWYLTG43,500176731,Journal Import 2591655:,//SETTLEMENT,2,,,,,800,0,Posted
20-09-2024,01.12102.000.0000.000.3706008.00000.000,eHIS,HIS_SETTLEMENT,NSK-OCS-470992 HIS_SETTLEMENT 3358005YT7JQCWYLTG43,500176881,Journal Import 2591655:,//SETTLEMENT,2,,,,,1000,0,Posted
20-09-2024,01.12102.000.0000.000.3706008.00000.000,eHIS,HIS_SETTLEMENT,NSK-OCS-470993 HIS_SETTLEMENT 3358005YT7JQCWYLTG43,500176797,Journal Import 2591655:,//SETTLEMENT,2,,,,,1200,0,Posted
20-09-2024,01.12102.000.0000.000.3706008.00000.000,eHIS,HIS_SETTLEMENT,NSK-OCS-470994 HIS_SETTLEMENT 3358005YT7JQCWYLTG43,500176900,Journal Import 2591655:,//SETTLEMENT,2,,,,,650,0,Posted
20-09-2024,01.12102.000.0000.000.3706008.00000.000,eHIS,HIS_SETTLEMENT,NSK-OCS-470995 HIS_SETTLEMENT 3358005YT7JQCWYLTG43,500176904,Journal Import 2591655:,//SETTLEMENT,2,,,,,2000,0,Posted
20-09-2024,01.12102.000.0000.000.3706008.00000.000,eHIS,HIS_SETTLEMENT,NSK-OCS-470996 HIS_SETTLEMENT 3358005YT7JQCWYLTG43,500176875,Journal Import 2591655:,//SETTLEMENT,2,,,,,15850,0,Posted
20-09-2024,01.12102.000.0000.000.3706008.00000.000,eHIS,HIS_SETTLEMENT,NSK-OCS-470997 HIS_SETTLEMENT 3358005YT7JQCWYLTG43,500176777,Journal Import 2591655:,//SETTLEMENT,2,,,,,100,0,Posted
20-09-2024,01.12102.000.0000.000.3706008.00000.000,eHIS,HIS_SETTLEMENT,NSK-OCS-470998 HIS_SETTLEMENT 3358005YT7JQCWYLTG43,500176778,Journal Import 2591655:,//SETTLEMENT,2,,,,,100,0,Posted
20-09-2024,01.12102.000.0000.000.3706008.00000.000,eHIS,HIS_SETTLEMENT,NSK-OCS-470999 HIS_SETTLEMENT 3358005YT7JQCWYLTG43,500176869,Journal Import 2591655:,//SETTLEMENT,2,,,,,600,0,Posted
20-09-2024,01.12102.000.0000.000.3706008.00000.000,eHIS,HIS_SETTLEMENT,NSK-OCS-471000 HIS_SETTLEMENT 3358005YT7JQCWYLTG43,500176798,Journal Import 2591655:,//SETTLEMENT,2,,,,,1200,0,Posted
20-09-2024,01.12102.000.0000.000.3706008.00000.000,eHIS,HIS_SETTLEMENT,NSK-OCS-471001 HIS_SETTLEMENT 3358005YT7JQCWYLTG43,500176824,Journal Import 2591655:,//SETTLEMENT,2,,,,,1300,0,Posted
20-09-2024,01.12102.000.0000.000.3706008.00000.000,eHIS,HIS_SETTLEMENT,NSK-OCS-471002 HIS_SETTLEMENT 3358005YT7JQCWYLTG43,500176726,Journal Import 2591655:,//SETTLEMENT,2,,,,,1850,0,Posted
20-09-2024,01.12102.000.0000.000.3706008.00000.000,eHIS,HIS_SETTLEMENT,NSK-OCS-471003 HIS_SETTLEMENT 3358005YT7JQCWYLTG43,500176901,Journal Import 2591655:,//SETTLEMENT,2,,,,,675,0,Posted
20-09-2024,01.12102.000.0000.000.3706008.00000.000,eHIS,HIS_SETTLEMENT,NSK-OCS-471004 HIS_SETTLEMENT 3358005YT7JQCWYLTG43,500176860,Journal Import 2591655:,//SETTLEMENT,2,,,,,500,0,Posted
20-09-2024,01.12102.000.0000.000.3706008.00000.000,eHIS,HIS_SETTLEMENT,NSK-OCS-471005 HIS_SETTLEMENT 3358005YT7JQCWYLTG43,500176732,Journal Import 2591655:,//SETTLEMENT,2,,,,,800,0,Posted
20-09-2024,01.12102.000.0000.000.3706008.00000.000,eHIS,HIS_SETTLEMENT,NSK-OCS-471006 HIS_SETTLEMENT 3358005YT7JQCWYLTG43,500176812,Journal Import 2591655:,//SETTLEMENT,2,,,,,299,0,Posted
20-09-2024,01.12102.000.0000.000.3706008.00000.000,eHIS,HIS_SETTLEMENT,NSK-OCS-471007 HIS_SETTLEMENT 3358005YT7JQCWYLTG43,500176813,Journal Import 2591655:,//SETTLEMENT,2,,,,,299,0,Posted
20-09-2024,01.12102.000.0000.000.3706008.00000.000,eHIS,HIS_SETTLEMENT,NSK-OCS-471008 HIS_SETTLEMENT 3358005YT7JQCWYLTG43,500176959,Journal Import 2591655:,//SETTLEMENT,2,,,,,900,0,Posted
20-09-2024,01.12102.000.0000.000.3706008.00000.000,eHIS,HIS_SETTLEMENT,NSK-OCS-471009 HIS_SETTLEMENT 3358005YT7JQCWYLTG43,500176960,Journal Import 2591655:,//SETTLEMENT,2,,,,,900,0,Posted
20-09-2024,01.12102.000.0000.000.3706008.00000.000,eHIS,HIS_SETTLEMENT,NSK-OCS-471010 HIS_SETTLEMENT 3358005YT7JQCWYLTG43,500176814,Journal Import 2591655:,//SETTLEMENT,2,,,,,299,0,Posted
20-09-2024,01.12102.000.0000.000.3706008.00000.000,eHIS,HIS_SETTLEMENT,NSK-OCS-471011 HIS_SETTLEMENT 3358005YT7JQCWYLTG43,500176810,Journal Import 2591655:,//SETTLEMENT,2,,,,,250,0,Posted
20-09-2024,01.12102.000.0000.000.3706008.00000.000,eHIS,HIS_SETTLEMENT,NSK-OCS-471012 HIS_SETTLEMENT 3358005YT7JQCWYLTG43,500176779,Journal Import 2591655:,//SETTLEMENT,2,,,,,100,0,Posted
20-09-2024,01.12102.000.0000.000.3706008.00000.000,eHIS,HIS_SETTLEMENT,NSK-OCS-471013 HIS_SETTLEMENT 3358005YT7JQCWYLTG43,500176733,Journal Import 2591655:,//SETTLEMENT,2,,,,,800,0,Posted
20-09-2024,01.12102.000.0000.000.3706008.00000.000,eHIS,HIS_SETTLEMENT,NSK-OCS-471014 HIS_SETTLEMENT 3358005YT7JQCWYLTG43,500176786,Journal Import 2591655:,//SETTLEMENT,2,,,,,200,0,Posted
21-09-2024,01.12102.000.0000.000.3706008.00000.000,eHIS,HIS_SETTLEMENT,NSK-OCS-471015 HIS_SETTLEMENT 3358005YT7JQCWYLTG43,500176979,Journal Import 2599930:,//SETTLEMENT,2,,,,,350,0,Posted
20-09-2024,01.12102.000.0000.000.3706008.00000.000,eHIS,HIS_SETTLEMENT,NSK-OCS-471016 HIS_SETTLEMENT 3358005YT7JQCWYLTG43,500176799,Journal Import 2591655:,//SETTLEMENT,2,,,,,1200,0,Posted
20-09-2024,01.12102.000.0000.000.3706008.00000.000,eHIS,HIS_SETTLEMENT,NSK-OCS-471017 HIS_SETTLEMENT 3358005YT7JQCWYLTG43,500176787,Journal Import 2591655:,//SETTLEMENT,2,,,,,200,0,Posted
20-09-2024,01.12102.000.0000.000.3706008.00000.000,eHIS,HIS_SETTLEMENT,NSK-OCS-471018 HIS_SETTLEMENT 3358005YT7JQCWYLTG43,500176820,Journal Import 2591655:,//SETTLEMENT,2,,,,,325,0,Posted
20-09-2024,01.12102.000.0000.000.3706008.00000.000,eHIS,HIS_SETTLEMENT,NSK-OCS-471019 HIS_SETTLEMENT 3358005YT7JQCWYLTG43,500176861,Journal Import 2591655:,//SETTLEMENT,2,,,,,500,0,Posted
20-09-2024,01.12102.000.0000.000.3706008.00000.000,eHIS,HIS_SETTLEMENT,NSK-OCS-471020 HIS_SETTLEMENT 3358005YT7JQCWYLTG43,500176864,Journal Import 2591655:,//SETTLEMENT,2,,,,,7300,0,Posted
20-09-2024,01.12102.000.0000.000.3706008.00000.000,eHIS,HIS_SETTLEMENT,NSK-OCS-471021 HIS_SETTLEMENT 3358005YT7JQCWYLTG43,500176882,Journal Import 2591655:,//SETTLEMENT,2,,,,,1000,0,Posted
20-09-2024,01.12102.000.0000.000.3706008.00000.000,eHIS,HIS_SETTLEMENT,NSK-OCS-471022 HIS_SETTLEMENT 3358005YT7JQCWYLTG43,500176800,Journal Import 2591655:,//SETTLEMENT,2,,,,,1200,0,Posted
20-09-2024,01.12102.000.0000.000.3706008.00000.000,eHIS,HIS_SETTLEMENT,NSK-OCS-471023 HIS_SETTLEMENT 3358005YT7JQCWYLTG43,500176788,Journal Import 2591655:,//SETTLEMENT,2,,,,,200,0,Posted
21-09-2024,01.12102.000.0000.000.3706008.00000.000,eHIS,HIS_SETTLEMENT,NSK-OCS-471024 HIS_SETTLEMENT 3358005YT7JQCWYLTG43,500176968,Journal Import 2599930:,//SETTLEMENT,2,,,,,420,0,Posted
20-09-2024,01.12102.000.0000.000.3706008.00000.000,eHIS,HIS_SETTLEMENT,NSK-OCS-471025 HIS_SETTLEMENT 3358005YT7JQCWYLTG43,500176727,Journal Import 2591655:,//SETTLEMENT,2,,,,,1850,0,Posted
20-09-2024,01.12102.000.0000.000.3706008.00000.000,eHIS,HIS_SETTLEMENT,NSK-OCS-471026 HIS_SETTLEMENT 3358005YT7JQCWYLTG43,500176842,Journal Import 2591655:,//SETTLEMENT,2,,,,,900,0,Posted
20-09-2024,01.12102.000.0000.000.3706008.00000.000,eHIS,HIS_SETTLEMENT,NSK-OCS-471027 HIS_SETTLEMENT 3358005YT7JQCWYLTG43,500176728,Journal Import 2591655:,//SETTLEMENT,2,,,,,1850,0,Posted
20-09-2024,01.12102.000.0000.000.3706008.00000.000,eHIS,HIS_SETTLEMENT,NSK-OCS-471028 HIS_SETTLEMENT 3358005YT7JQCWYLTG43,500176801,Journal Import 2591655:,//SETTLEMENT,2,,,,,1200,0,Posted
20-09-2024,01.12102.000.0000.000.3706008.00000.000,eHIS,HIS_SETTLEMENT,NSK-OCS-471029 HIS_SETTLEMENT 3358005YT7JQCWYLTG43,500176794,Journal Import 2591655:,//SETTLEMENT,2,,,,,4900,0,Posted
20-09-2024,01.12102.000.0000.000.3706008.00000.000,eHIS,HIS_SETTLEMENT,NSK-OCS-471030 HIS_SETTLEMENT 3358005YT7JQCWYLTG43,500176886,Journal Import 2591655:,//SETTLEMENT,2,,,,,3500,0,Posted
20-09-2024,01.12102.000.0000.000.3706008.00000.000,eHIS,HIS_SETTLEMENT,NSK-OCS-471031 HIS_SETTLEMENT 3358005YT7JQCWYLTG43,500176843,Journal Import 2591655:,//SETTLEMENT,2,,,,,900,0,Posted
20-09-2024,01.12102.000.0000.000.3706008.00000.000,eHIS,HIS_SETTLEMENT,NSK-OCS-471032 HIS_SETTLEMENT 3358005YT7JQCWYLTG43,500176844,Journal Import 2591655:,//SETTLEMENT,2,,,,,900,0,Posted
20-09-2024,01.12102.000.0000.000.3706008.00000.000,eHIS,HIS_SETTLEMENT,NSK-OCS-471033 HIS_SETTLEMENT 3358005YT7JQCWYLTG43,500176862,Journal Import 2591655:,//SETTLEMENT,2,,,,,500,0,Posted
20-09-2024,01.12102.000.0000.000.3706008.00000.000,eHIS,HIS_SETTLEMENT,NSK-OCS-471034 HIS_SETTLEMENT 3358005YT7JQCWYLTG43,500176729,Journal Import 2591655:,//SETTLEMENT,2,,,,,1850,0,Posted
20-09-2024,01.12102.000.0000.000.3706008.00000.000,eHIS,HIS_SETTLEMENT,NSK-OCS-471035 HIS_SETTLEMENT 3358005YT7JQCWYLTG43,500176832,Journal Import 2591655:,//SETTLEMENT,2,,,,,400,0,Posted
21-09-2024,01.12102.000.0000.000.3706008.00000.000,eHIS,HIS_SETTLEMENT,NSK-OCS-471036 HIS_SETTLEMENT 3358005YT7JQCWYLTG43,500177251,Journal Import 2591655:,//SETTLEMENT,2,,,,,100,0,Posted
21-09-2024,01.12102.000.0000.000.3706008.00000.000,eHIS,HIS_SETTLEMENT,NSK-OCS-471037 HIS_SETTLEMENT 3358005YT7JQCWYLTG43,500177252,Journal Import 2591655:,//SETTLEMENT,2,,,,,100,0,Posted
21-09-2024,01.12102.000.0000.000.3706008.00000.000,eHIS,HIS_SETTLEMENT,NSK-OCS-471038 HIS_SETTLEMENT 3358005YT7JQCWYLTG43,500177515,Journal Import 2591676:,//SETTLEMENT,2,,,,,1000,0,Posted
21-09-2024,01.12102.000.0000.000.3706008.00000.000,eHIS,HIS_SETTLEMENT,NSK-OCS-471039 HIS_SETTLEMENT 3358005YT7JQCWYLTG43,500177468,Journal Import 2591676:,//SETTLEMENT,2,,,,,650,0,Posted
21-09-2024,01.12102.000.0000.000.3706008.00000.000,eHIS,HIS_SETTLEMENT,NSK-OCS-471040 HIS_SETTLEMENT 3358005YT7JQCWYLTG43,500177476,Journal Import 2591676:,//SETTLEMENT,2,,,,,10299,0,Posted
21-09-2024,01.12102.000.0000.000.3706008.00000.000,eHIS,HIS_SETTLEMENT,NSK-OCS-471041 HIS_SETTLEMENT 3358005YT7JQCWYLTG43,500177436,Journal Import 2591676:,//SETTLEMENT,2,,,,,5888,0,Posted
21-09-2024,01.12102.000.0000.000.3706008.00000.000,eHIS,HIS_SETTLEMENT,NSK-OCS-471042 HIS_SETTLEMENT 3358005YT7JQCWYLTG43,500177449,Journal Import 2591676:,//SETTLEMENT,2,,,,,1200,0,Posted
21-09-2024,01.12102.000.0000.000.3706008.00000.000,eHIS,HIS_SETTLEMENT,NSK-OCS-471043 HIS_SETTLEMENT 3358005YT7JQCWYLTG43,500177469,Journal Import 2591676:,//SETTLEMENT,2,,,,,650,0,Posted
21-09-2024,01.12102.000.0000.000.3706008.00000.000,eHIS,HIS_SETTLEMENT,NSK-OCS-471045 HIS_SETTLEMENT 3358005YT7JQCWYLTG43,500177597,Journal Import 2591676:,//SETTLEMENT,2,,,,,2499,0,Posted
21-09-2024,01.12102.000.0000.000.3706008.00000.000,eHIS,HIS_SETTLEMENT,NSK-OCS-471046 HIS_SETTLEMENT 3358005YT7JQCWYLTG43,500177598,Journal Import 2591676:,//SETTLEMENT,2,,,,,2499,0,Posted
21-09-2024,01.12102.000.0000.000.3706008.00000.000,eHIS,HIS_SETTLEMENT,NSK-OCS-471047 HIS_SETTLEMENT 3358005YT7JQCWYLTG43,500177312,Journal Import 2591676:,//SETTLEMENT,2,,,,,104,0,Posted
21-09-2024,01.12102.000.0000.000.3706008.00000.000,eHIS,HIS_SETTLEMENT,NSK-OCS-471048 HIS_SETTLEMENT 3358005YT7JQCWYLTG43,500177599,Journal Import 2591676:,//SETTLEMENT,2,,,,,2499,0,Posted
22-09-2024,01.12102.000.0000.000.3706008.00000.000,eHIS,HIS_SETTLEMENT,NSK-OCS-471049 HIS_SETTLEMENT 3358005YT7JQCWYLTG43,500177624,Journal Import 2599930:,//SETTLEMENT,2,,,,,2000,0,Posted
21-09-2024,01.12102.000.0000.000.3706008.00000.000,eHIS,HIS_SETTLEMENT,NSK-OCS-471050 HIS_SETTLEMENT 3358005YT7JQCWYLTG43,500177610,Journal Import 2591676:,//SETTLEMENT,2,,,,,3045,0,Posted
21-09-2024,01.12102.000.0000.000.3706008.00000.000,eHIS,HIS_SETTLEMENT,NSK-OCS-471051 HIS_SETTLEMENT 3358005YT7JQCWYLTG43,500177389,Journal Import 2591676:,//SETTLEMENT,2,,,,,1480,0,Posted
21-09-2024,01.12102.000.0000.000.3706008.00000.000,eHIS,HIS_SETTLEMENT,NSK-OCS-471052 HIS_SETTLEMENT 3358005YT7JQCWYLTG43,500177438,Journal Import 2591676:,//SETTLEMENT,2,,,,,6900,0,Posted
21-09-2024,01.12102.000.0000.000.3706008.00000.000,eHIS,HIS_SETTLEMENT,NSK-OCS-471053 HIS_SETTLEMENT 3358005YT7JQCWYLTG43,500177477,Journal Import 2591676:,//SETTLEMENT,2,,,,,10299,0,Posted
21-09-2024,01.12102.000.0000.000.3706008.00000.000,eHIS,HIS_SETTLEMENT,NSK-OCS-471054 HIS_SETTLEMENT 3358005YT7JQCWYLTG43,500177551,Journal Import 2591676:,//SETTLEMENT,2,,,,,4500,0,Posted
21-09-2024,01.12102.000.0000.000.3706008.00000.000,eHIS,HIS_SETTLEMENT,NSK-OCS-471055 HIS_SETTLEMENT 3358005YT7JQCWYLTG43,500177470,Journal Import 2591676:,//SETTLEMENT,2,,,,,650,0,Posted
21-09-2024,01.12102.000.0000.000.3706008.00000.000,eHIS,HIS_SETTLEMENT,NSK-OCS-471056 HIS_SETTLEMENT 3358005YT7JQCWYLTG43,500177613,Journal Import 2591676:,//SETTLEMENT,2,,,,,3500,0,Posted
21-09-2024,01.12102.000.0000.000.3706008.00000.000,eHIS,HIS_SETTLEMENT,NSK-OCS-471057 HIS_SETTLEMENT 3358005YT7JQCWYLTG43,500177464,Journal Import 2591676:,//SETTLEMENT,2,,,,,100,0,Posted
21-09-2024,01.12102.000.0000.000.3706008.00000.000,eHIS,HIS_SETTLEMENT,NSK-OCS-471058 HIS_SETTLEMENT 3358005YT7JQCWYLTG43,500177604,Journal Import 2591676:,//SETTLEMENT,2,,,,,500,0,Posted
21-09-2024,01.12102.000.0000.000.3706008.00000.000,eHIS,HIS_SETTLEMENT,NSK-OCS-471059 HIS_SETTLEMENT 3358005YT7JQCWYLTG43,500177607,Journal Import 2591676:,//SETTLEMENT,2,,,,,930,0,Posted
21-09-2024,01.12102.000.0000.000.3706008.00000.000,eHIS,HIS_SETTLEMENT,NSK-OCS-471060 HIS_SETTLEMENT 3358005YT7JQCWYLTG43,500177465,Journal Import 2591676:,//SETTLEMENT,2,,,,,100,0,Posted
21-09-2024,01.12102.000.0000.000.3706008.00000.000,eHIS,HIS_SETTLEMENT,NSK-OCS-471061 HIS_SETTLEMENT 3358005YT7JQCWYLTG43,500177448,Journal Import 2591676:,//SETTLEMENT,2,,,,,600,0,Posted
21-09-2024,01.12102.000.0000.000.3706008.00000.000,eHIS,HIS_SETTLEMENT,NSK-OCS-471062 HIS_SETTLEMENT 3358005YT7JQCWYLTG43,500177237,Journal Import 2591676:,//SETTLEMENT,2,,,,,900,0,Posted
21-09-2024,01.12102.000.0000.000.3706008.00000.000,eHIS,HIS_SETTLEMENT,NSK-OCS-471063 HIS_SETTLEMENT 3358005YT7JQCWYLTG43,500177408,Journal Import 2591676:,//SETTLEMENT,2,,,,,800,0,Posted
21-09-2024,01.12102.000.0000.000.3706008.00000.000,eHIS,HIS_SETTLEMENT,NSK-OCS-471064 HIS_SETTLEMENT 3358005YT7JQCWYLTG43,500177466,Journal Import 2591676:,//SETTLEMENT,2,,,,,100,0,Posted
21-09-2024,01.12102.000.0000.000.3706008.00000.000,eHIS,HIS_SETTLEMENT,NSK-OCS-471065 HIS_SETTLEMENT 3358005YT7JQCWYLTG43,500177450,Journal Import 2591676:,//SETTLEMENT,2,,,,,1200,0,Posted
21-09-2024,01.12102.000.0000.000.3706008.00000.000,eHIS,HIS_SETTLEMENT,NSK-OCS-471066 HIS_SETTLEMENT 3358005YT7JQCWYLTG43,500177467,Journal Import 2591676:,//SETTLEMENT,2,,,,,100,0,Posted
21-09-2024,01.12102.000.0000.000.3706008.00000.000,eHIS,HIS_SETTLEMENT,NSK-OCS-471067 HIS_SETTLEMENT 3358005YT7JQCWYLTG43,500177608,Journal Import 2591676:,//SETTLEMENT,2,,,,,2950,0,Posted
21-09-2024,01.12102.000.0000.000.3706008.00000.000,eHIS,HIS_SETTLEMENT,NSK-OCS-471068 HIS_SETTLEMENT 3358005YT7JQCWYLTG43,500177451,Journal Import 2591676:,//SETTLEMENT,2,,,,,1200,0,Posted
21-09-2024,01.12102.000.0000.000.3706008.00000.000,eHIS,HIS_SETTLEMENT,NSK-OCS-471069 HIS_SETTLEMENT 3358005YT7JQCWYLTG43,500177314,Journal Import 2591676:,//SETTLEMENT,2,,,,,180,0,Posted
21-09-2024,01.12102.000.0000.000.3706008.00000.000,eHIS,HIS_SETTLEMENT,NSK-OCS-471070 HIS_SETTLEMENT 3358005YT7JQCWYLTG43,500177390,Journal Import 2591676:,//SETTLEMENT,2,,,,,1500,0,Posted
21-09-2024,01.12102.000.0000.000.3706008.00000.000,eHIS,HIS_SETTLEMENT,NSK-OCS-471071 HIS_SETTLEMENT 3358005YT7JQCWYLTG43,500177361,Journal Import 2591676:,//SETTLEMENT,3,,,,,350,0,Posted
21-09-2024,01.12102.000.0000.000.3706008.00000.000,eHIS,HIS_SETTLEMENT,NSK-OCS-471071 HIS_SETTLEMENT 3358005YT7JQCWYLTG43,500177361,Journal Import 2591676:,//SETTLEMENT,4,,,,,1500,0,Posted
21-09-2024,01.12102.000.0000.000.3706008.00000.000,eHIS,HIS_SETTLEMENT,NSK-OCS-471072 HIS_SETTLEMENT 3358005YT7JQCWYLTG43,500177424,Journal Import 2591676:,//SETTLEMENT,2,,,,,1850,0,Posted
21-09-2024,01.12102.000.0000.000.3706008.00000.000,eHIS,HIS_SETTLEMENT,NSK-OCS-471073 HIS_SETTLEMENT 3358005YT7JQCWYLTG43,500177605,Journal Import 2591676:,//SETTLEMENT,2,,,,,500,0,Posted
21-09-2024,01.12102.000.0000.000.3706008.00000.000,eHIS,HIS_SETTLEMENT,NSK-OCS-471074 HIS_SETTLEMENT 3358005YT7JQCWYLTG43,500177546,Journal Import 2591676:,//SETTLEMENT,2,,,,,1100,0,Posted
21-09-2024,01.12102.000.0000.000.3706008.00000.000,eHIS,HIS_SETTLEMENT,NSK-OCS-471075 HIS_SETTLEMENT 3358005YT7JQCWYLTG43,500177236,Journal Import 2591676:,//SETTLEMENT,2,,,,,850,0,Posted
21-09-2024,01.12102.000.0000.000.3706008.00000.000,eHIS,HIS_SETTLEMENT,NSK-OCS-471076 HIS_SETTLEMENT 3358005YT7JQCWYLTG43,500177422,Journal Import 2591676:,//SETTLEMENT,2,,,,,1800,0,Posted
21-09-2024,01.12102.000.0000.000.3706008.00000.000,eHIS,HIS_SETTLEMENT,NSK-OCS-471077 HIS_SETTLEMENT 3358005YT7JQCWYLTG43,500177606,Journal Import 2591676:,//SETTLEMENT,2,,,,,500,0,Posted
21-09-2024,01.12102.000.0000.000.3706008.00000.000,eHIS,HIS_SETTLEMENT,NSK-OCS-471078 HIS_SETTLEMENT 3358005YT7JQCWYLTG43,500177363,Journal Import 2591676:,//SETTLEMENT,2,,,,,375,0,Posted
21-09-2024,01.12102.000.0000.000.3706008.00000.000,eHIS,HIS_SETTLEMENT,NSK-OCS-471079 HIS_SETTLEMENT 3358005YT7JQCWYLTG43,500177364,Journal Import 2591676:,//SETTLEMENT,2,,,,,100,0,Posted
21-09-2024,01.12102.000.0000.000.3706008.00000.000,eHIS,HIS_SETTLEMENT,NSK-OCS-471080 HIS_SETTLEMENT 3358005YT7JQCWYLTG43,500177495,Journal Import 2591676:,//SETTLEMENT,2,,,,,500,0,Posted
21-09-2024,01.12102.000.0000.000.3706008.00000.000,eHIS,HIS_SETTLEMENT,NSK-OCS-471081 HIS_SETTLEMENT 3358005YT7JQCWYLTG43,500177318,Journal Import 2591676:,//SETTLEMENT,2,,,,,1850,0,Posted
21-09-2024,01.12102.000.0000.000.3706008.00000.000,eHIS,HIS_SETTLEMENT,NSK-OCS-471082 HIS_SETTLEMENT 3358005YT7JQCWYLTG43,500177496,Journal Import 2591676:,//SETTLEMENT,2,,,,,500,0,Posted
21-09-2024,01.12102.000.0000.000.3706008.00000.000,eHIS,HIS_SETTLEMENT,NSK-OCS-471083 HIS_SETTLEMENT 3358005YT7JQCWYLTG43,500177238,Journal Import 2591676:,//SETTLEMENT,2,,,,,900,0,Posted
21-09-2024,01.12102.000.0000.000.3706008.00000.000,eHIS,HIS_SETTLEMENT,NSK-OCS-471084 HIS_SETTLEMENT 3358005YT7JQCWYLTG43,500177497,Journal Import 2591676:,//SETTLEMENT,2,,,,,500,0,Posted
21-09-2024,01.12102.000.0000.000.3706008.00000.000,eHIS,HIS_SETTLEMENT,NSK-OCS-471085 HIS_SETTLEMENT 3358005YT7JQCWYLTG43,500177316,Journal Import 2591676:,//SETTLEMENT,3,,,,,200,0,Posted
21-09-2024,01.12102.000.0000.000.3706008.00000.000,eHIS,HIS_SETTLEMENT,NSK-OCS-471085 HIS_SETTLEMENT 3358005YT7JQCWYLTG43,500177316,Journal Import 2591676:,//SETTLEMENT,4,,,,,1000,0,Posted
21-09-2024,01.12102.000.0000.000.3706008.00000.000,eHIS,HIS_SETTLEMENT,NSK-OCS-471086 HIS_SETTLEMENT 3358005YT7JQCWYLTG43,500177545,Journal Import 2591676:,//SETTLEMENT,2,,,,,1080,0,Posted
21-09-2024,01.12102.000.0000.000.3706008.00000.000,eHIS,HIS_SETTLEMENT,NSK-OCS-471087 HIS_SETTLEMENT 3358005YT7JQCWYLTG43,500177600,Journal Import 2591676:,//SETTLEMENT,2,,,,,2790,0,Posted
21-09-2024,01.12102.000.0000.000.3706008.00000.000,eHIS,HIS_SETTLEMENT,NSK-OCS-471088 HIS_SETTLEMENT 3358005YT7JQCWYLTG43,500177319,Journal Import 2591676:,//SETTLEMENT,2,,,,,1850,0,Posted
21-09-2024,01.12102.000.0000.000.3706008.00000.000,eHIS,HIS_SETTLEMENT,NSK-OCS-471089 HIS_SETTLEMENT 3358005YT7JQCWYLTG43,500177547,Journal Import 2591676:,//SETTLEMENT,2,,,,,1100,0,Posted
21-09-2024,01.12102.000.0000.000.3706008.00000.000,eHIS,HIS_SETTLEMENT,NSK-OCS-471090 HIS_SETTLEMENT 3358005YT7JQCWYLTG43,500177516,Journal Import 2591676:,//SETTLEMENT,2,,,,,1000,0,Posted
21-09-2024,01.12102.000.0000.000.3706008.00000.000,eHIS,HIS_SETTLEMENT,NSK-OCS-471091 HIS_SETTLEMENT 3358005YT7JQCWYLTG43,500177498,Journal Import 2591676:,//SETTLEMENT,2,,,,,500,0,Posted
21-09-2024,01.12102.000.0000.000.3706008.00000.000,eHIS,HIS_SETTLEMENT,NSK-OCS-471092 HIS_SETTLEMENT 3358005YT7JQCWYLTG43,500177499,Journal Import 2591676:,//SETTLEMENT,2,,,,,500,0,Posted
21-09-2024,01.12102.000.0000.000.3706008.00000.000,eHIS,HIS_SETTLEMENT,NSK-OCS-471093 HIS_SETTLEMENT 3358005YT7JQCWYLTG43,500177330,Journal Import 2591676:,//SETTLEMENT,2,,,,,250,0,Posted
21-09-2024,01.12102.000.0000.000.3706008.00000.000,eHIS,HIS_SETTLEMENT,NSK-OCS-471094 HIS_SETTLEMENT 3358005YT7JQCWYLTG43,500177500,Journal Import 2591676:,//SETTLEMENT,2,,,,,500,0,Posted
21-09-2024,01.12102.000.0000.000.3706008.00000.000,eHIS,HIS_SETTLEMENT,NSK-OCS-471095 HIS_SETTLEMENT 3358005YT7JQCWYLTG43,500177365,Journal Import 2591676:,//SETTLEMENT,2,,,,,100,0,Posted
21-09-2024,01.12102.000.0000.000.3706008.00000.000,eHIS,HIS_SETTLEMENT,NSK-OCS-471096 HIS_SETTLEMENT 3358005YT7JQCWYLTG43,500177239,Journal Import 2591676:,//SETTLEMENT,2,,,,,900,0,Posted
21-09-2024,01.12102.000.0000.000.3706008.00000.000,eHIS,HIS_SETTLEMENT,NSK-OCS-471097 HIS_SETTLEMENT 3358005YT7JQCWYLTG43,500177331,Journal Import 2591676:,//SETTLEMENT,2,,,,,250,0,Posted
21-09-2024,01.12102.000.0000.000.3706008.00000.000,eHIS,HIS_SETTLEMENT,NSK-OCS-471098 HIS_SETTLEMENT 3358005YT7JQCWYLTG43,500177432,Journal Import 2591676:,//SETTLEMENT,2,,,,,1100,0,Posted
21-09-2024,01.12102.000.0000.000.3706008.00000.000,eHIS,HIS_SETTLEMENT,NSK-OCS-471099 HIS_SETTLEMENT 3358005YT7JQCWYLTG43,500177366,Journal Import 2591676:,//SETTLEMENT,2,,,,,100,0,Posted
21-09-2024,01.12102.000.0000.000.3706008.00000.000,eHIS,HIS_SETTLEMENT,NSK-OCS-471100 HIS_SETTLEMENT 3358005YT7JQCWYLTG43,500177501,Journal Import 2591676:,//SETTLEMENT,2,,,,,500,0,Posted
21-09-2024,01.12102.000.0000.000.3706008.00000.000,eHIS,HIS_SETTLEMENT,NSK-OCS-471101 HIS_SETTLEMENT 3358005YT7JQCWYLTG43,500177603,Journal Import 2591676:,//SETTLEMENT,2,,,,,450,0,Posted
21-09-2024,01.12102.000.0000.000.3706008.00000.000,eHIS,HIS_SETTLEMENT,NSK-OCS-471102 HIS_SETTLEMENT 3358005YT7JQCWYLTG43,500177452,Journal Import 2591676:,//SETTLEMENT,2,,,,,1200,0,Posted
21-09-2024,01.12102.000.0000.000.3706008.00000.000,eHIS,HIS_SETTLEMENT,NSK-OCS-471103 HIS_SETTLEMENT 3358005YT7JQCWYLTG43,500177502,Journal Import 2591676:,//SETTLEMENT,2,,,,,500,0,Posted
21-09-2024,01.12102.000.0000.000.3706008.00000.000,eHIS,HIS_SETTLEMENT,NSK-OCS-471104 HIS_SETTLEMENT 3358005YT7JQCWYLTG43,500177320,Journal Import 2591676:,//SETTLEMENT,2,,,,,1850,0,Posted
21-09-2024,01.12102.000.0000.000.3706008.00000.000,eHIS,HIS_SETTLEMENT,NSK-OCS-471105 HIS_SETTLEMENT 3358005YT7JQCWYLTG43,500177503,Journal Import 2591676:,//SETTLEMENT,2,,,,,500,0,Posted
21-09-2024,01.12102.000.0000.000.3706008.00000.000,eHIS,HIS_SETTLEMENT,NSK-OCS-471106 HIS_SETTLEMENT 3358005YT7JQCWYLTG43,500177611,Journal Import 2591676:,//SETTLEMENT,2,,,,,3080,0,Posted
21-09-2024,01.12102.000.0000.000.3706008.00000.000,eHIS,HIS_SETTLEMENT,NSK-OCS-471107 HIS_SETTLEMENT 3358005YT7JQCWYLTG43,500177504,Journal Import 2591676:,//SETTLEMENT,2,,,,,500,0,Posted
21-09-2024,01.12102.000.0000.000.3706008.00000.000,eHIS,HIS_SETTLEMENT,NSK-OCS-471108 HIS_SETTLEMENT 3358005YT7JQCWYLTG43,500177471,Journal Import 2591676:,//SETTLEMENT,2,,,,,650,0,Posted
21-09-2024,01.12102.000.0000.000.3706008.00000.000,eHIS,HIS_SETTLEMENT,NSK-OCS-471109 HIS_SETTLEMENT 3358005YT7JQCWYLTG43,500177433,Journal Import 2591676:,//SETTLEMENT,2,,,,,1100,0,Posted
21-09-2024,01.12102.000.0000.000.3706008.00000.000,eHIS,HIS_SETTLEMENT,NSK-OCS-471110 HIS_SETTLEMENT 3358005YT7JQCWYLTG43,500177612,Journal Import 2591676:,//SETTLEMENT,2,,,,,3410,0,Posted
22-09-2024,01.12102.000.0000.000.3706008.00000.000,eHIS,HIS_SETTLEMENT,NSK-OCS-471111 HIS_SETTLEMENT 3358005YT7JQCWYLTG43,500177623,Journal Import 2599930:,//SETTLEMENT,2,,,,,450,0,Posted
21-09-2024,01.12102.000.0000.000.3706008.00000.000,eHIS,HIS_SETTLEMENT,NSK-OCS-471112 HIS_SETTLEMENT 3358005YT7JQCWYLTG43,500177517,Journal Import 2591676:,//SETTLEMENT,2,,,,,1000,0,Posted
21-09-2024,01.12102.000.0000.000.3706008.00000.000,eHIS,HIS_SETTLEMENT,NSK-OCS-471113 HIS_SETTLEMENT 3358005YT7JQCWYLTG43,500177321,Journal Import 2591676:,//SETTLEMENT,2,,,,,1850,0,Posted
21-09-2024,01.12102.000.0000.000.3706008.00000.000,eHIS,HIS_SETTLEMENT,NSK-OCS-471114 HIS_SETTLEMENT 3358005YT7JQCWYLTG43,500177564,Journal Import 2591676:,//SETTLEMENT,2,,,,,1300,0,Posted
21-09-2024,01.12102.000.0000.000.3706008.00000.000,eHIS,HIS_SETTLEMENT,NSK-OCS-471115 HIS_SETTLEMENT 3358005YT7JQCWYLTG43,500177421,Journal Import 2591676:,//SETTLEMENT,2,,,,,1500,0,Posted
21-09-2024,01.12102.000.0000.000.3706008.00000.000,eHIS,HIS_SETTLEMENT,NSK-OCS-471116 HIS_SETTLEMENT 3358005YT7JQCWYLTG43,500177409,Journal Import 2591676:,//SETTLEMENT,2,,,,,800,0,Posted
21-09-2024,01.12102.000.0000.000.3706008.00000.000,eHIS,HIS_SETTLEMENT,NSK-OCS-471117 HIS_SETTLEMENT 3358005YT7JQCWYLTG43,500177434,Journal Import 2591676:,//SETTLEMENT,2,,,,,1100,0,Posted
21-09-2024,01.12102.000.0000.000.3706008.00000.000,eHIS,HIS_SETTLEMENT,NSK-OCS-471118 HIS_SETTLEMENT 3358005YT7JQCWYLTG43,500177410,Journal Import 2591676:,//SETTLEMENT,2,,,,,800,0,Posted
21-09-2024,01.12102.000.0000.000.3706008.00000.000,eHIS,HIS_SETTLEMENT,NSK-OCS-471119 HIS_SETTLEMENT 3358005YT7JQCWYLTG43,500177563,Journal Import 2591676:,//SETTLEMENT,2,,,,,750,0,Posted
21-09-2024,01.12102.000.0000.000.3706008.00000.000,eHIS,HIS_SETTLEMENT,NSK-OCS-471120 HIS_SETTLEMENT 3358005YT7JQCWYLTG43,500177240,Journal Import 2591676:,//SETTLEMENT,2,,,,,900,0,Posted
21-09-2024,01.12102.000.0000.000.3706008.00000.000,eHIS,HIS_SETTLEMENT,NSK-OCS-471121 HIS_SETTLEMENT 3358005YT7JQCWYLTG43,500177609,Journal Import 2591676:,//SETTLEMENT,2,,,,,3000,0,Posted
21-09-2024,01.12102.000.0000.000.3706008.00000.000,eHIS,HIS_SETTLEMENT,NSK-OCS-471122 HIS_SETTLEMENT 3358005YT7JQCWYLTG43,500177411,Journal Import 2591676:,//SETTLEMENT,2,,,,,800,0,Posted
21-09-2024,01.12102.000.0000.000.3706008.00000.000,eHIS,HIS_SETTLEMENT,NSK-OCS-471123 HIS_SETTLEMENT 3358005YT7JQCWYLTG43,500177412,Journal Import 2591676:,//SETTLEMENT,2,,,,,800,0,Posted
21-09-2024,01.12102.000.0000.000.3706008.00000.000,eHIS,HIS_SETTLEMENT,NSK-OCS-471124 HIS_SETTLEMENT 3358005YT7JQCWYLTG43,500177526,Journal Import 2591676:,//SETTLEMENT,2,,,,,3640,0,Posted
21-09-2024,01.12102.000.0000.000.3706008.00000.000,eHIS,HIS_SETTLEMENT,NSK-OCS-471125 HIS_SETTLEMENT 3358005YT7JQCWYLTG43,500177413,Journal Import 2591676:,//SETTLEMENT,2,,,,,800,0,Posted
21-09-2024,01.12102.000.0000.000.3706008.00000.000,eHIS,HIS_SETTLEMENT,NSK-OCS-471126 HIS_SETTLEMENT 3358005YT7JQCWYLTG43,500177414,Journal Import 2591676:,//SETTLEMENT,2,,,,,800,0,Posted
21-09-2024,01.12102.000.0000.000.3706008.00000.000,eHIS,HIS_SETTLEMENT,NSK-OCS-471127 HIS_SETTLEMENT 3358005YT7JQCWYLTG43,500177435,Journal Import 2591676:,//SETTLEMENT,2,,,,,5700,0,Posted
21-09-2024,01.12102.000.0000.000.3706008.00000.000,eHIS,HIS_SETTLEMENT,NSK-OCS-471128 HIS_SETTLEMENT 3358005YT7JQCWYLTG43,500177556,Journal Import 2591676:,//SETTLEMENT,2,,,,,1100,0,Posted
21-09-2024,01.12102.000.0000.000.3706008.00000.000,eHIS,HIS_SETTLEMENT,NSK-OCS-471129 HIS_SETTLEMENT 3358005YT7JQCWYLTG43,500177505,Journal Import 2591676:,//SETTLEMENT,2,,,,,500,0,Posted
21-09-2024,01.12102.000.0000.000.3706008.00000.000,eHIS,HIS_SETTLEMENT,NSK-OCS-471130 HIS_SETTLEMENT 3358005YT7JQCWYLTG43,500177373,Journal Import 2591676:,//SETTLEMENT,2,,,,,1300,0,Posted
21-09-2024,01.12102.000.0000.000.3706008.00000.000,eHIS,HIS_SETTLEMENT,NSK-OCS-471131 HIS_SETTLEMENT 3358005YT7JQCWYLTG43,500177518,Journal Import 2591676:,//SETTLEMENT,2,,,,,1000,0,Posted
21-09-2024,01.12102.000.0000.000.3706008.00000.000,eHIS,HIS_SETTLEMENT,NSK-OCS-471132 HIS_SETTLEMENT 3358005YT7JQCWYLTG43,500177472,Journal Import 2591676:,//SETTLEMENT,2,,,,,650,0,Posted
22-09-2024,01.12102.000.0000.000.3706008.00000.000,eHIS,HIS_SETTLEMENT,NSK-OCS-471133 HIS_SETTLEMENT 3358005YT7JQCWYLTG43,500177626,Journal Import 2599930:,//SETTLEMENT,2,,,,,4426,0,Posted
21-09-2024,01.12102.000.0000.000.3706008.00000.000,eHIS,HIS_SETTLEMENT,NSK-OCS-471134 HIS_SETTLEMENT 3358005YT7JQCWYLTG43,500177332,Journal Import 2591676:,//SETTLEMENT,2,,,,,250,0,Posted
21-09-2024,01.12102.000.0000.000.3706008.00000.000,eHIS,HIS_SETTLEMENT,NSK-OCS-471135 HIS_SETTLEMENT 3358005YT7JQCWYLTG43,500177437,Journal Import 2591676:,//SETTLEMENT,2,,,,,6200,0,Posted
21-09-2024,01.12102.000.0000.000.3706008.00000.000,eHIS,HIS_SETTLEMENT,NSK-OCS-471136 HIS_SETTLEMENT 3358005YT7JQCWYLTG43,500177415,Journal Import 2591676:,//SETTLEMENT,2,,,,,800,0,Posted
21-09-2024,01.12102.000.0000.000.3706008.00000.000,eHIS,HIS_SETTLEMENT,NSK-OCS-471137 HIS_SETTLEMENT 3358005YT7JQCWYLTG43,500177453,Journal Import 2591676:,//SETTLEMENT,2,,,,,1200,0,Posted
21-09-2024,01.12102.000.0000.000.3706008.00000.000,eHIS,HIS_SETTLEMENT,NSK-OCS-471138 HIS_SETTLEMENT 3358005YT7JQCWYLTG43,500177416,Journal Import 2591676:,//SETTLEMENT,2,,,,,800,0,Posted
21-09-2024,01.12102.000.0000.000.3706008.00000.000,eHIS,HIS_SETTLEMENT,NSK-OCS-471139 HIS_SETTLEMENT 3358005YT7JQCWYLTG43,500177241,Journal Import 2591676:,//SETTLEMENT,2,,,,,900,0,Posted
21-09-2024,01.12102.000.0000.000.3706008.00000.000,eHIS,HIS_SETTLEMENT,NSK-OCS-471140 HIS_SETTLEMENT 3358005YT7JQCWYLTG43,500177367,Journal Import 2591676:,//SETTLEMENT,2,,,,,100,0,Posted
21-09-2024,01.12102.000.0000.000.3706008.00000.000,eHIS,HIS_SETTLEMENT,NSK-OCS-471141 HIS_SETTLEMENT 3358005YT7JQCWYLTG43,500177374,Journal Import 2591676:,//SETTLEMENT,2,,,,,1300,0,Posted
22-09-2024,01.12102.000.0000.000.3706008.00000.000,eHIS,HIS_SETTLEMENT,NSK-OCS-471142 HIS_SETTLEMENT 3358005YT7JQCWYLTG43,500177625,Journal Import 2599930:,//SETTLEMENT,2,,,,,2888,0,Posted
21-09-2024,01.12102.000.0000.000.3706008.00000.000,eHIS,HIS_SETTLEMENT,NSK-OCS-471143 HIS_SETTLEMENT 3358005YT7JQCWYLTG43,500177506,Journal Import 2591676:,//SETTLEMENT,2,,,,,500,0,Posted
21-09-2024,01.12102.000.0000.000.3706008.00000.000,eHIS,HIS_SETTLEMENT,NSK-OCS-471144 HIS_SETTLEMENT 3358005YT7JQCWYLTG43,500177454,Journal Import 2591676:,//SETTLEMENT,2,,,,,1200,0,Posted
21-09-2024,01.12102.000.0000.000.3706008.00000.000,eHIS,HIS_SETTLEMENT,NSK-OCS-471145 HIS_SETTLEMENT 3358005YT7JQCWYLTG43,500177519,Journal Import 2591676:,//SETTLEMENT,2,,,,,1000,0,Posted
21-09-2024,01.12102.000.0000.000.3706008.00000.000,eHIS,HIS_SETTLEMENT,NSK-OCS-471146 HIS_SETTLEMENT 3358005YT7JQCWYLTG43,500177507,Journal Import 2591676:,//SETTLEMENT,2,,,,,500,0,Posted
21-09-2024,01.12102.000.0000.000.3706008.00000.000,eHIS,HIS_SETTLEMENT,NSK-OCS-471147 HIS_SETTLEMENT 3358005YT7JQCWYLTG43,500177508,Journal Import 2591676:,//SETTLEMENT,2,,,,,500,0,Posted
21-09-2024,01.12102.000.0000.000.3706008.00000.000,eHIS,HIS_SETTLEMENT,NSK-OCS-471148 HIS_SETTLEMENT 3358005YT7JQCWYLTG43,500177509,Journal Import 2591676:,//SETTLEMENT,2,,,,,500,0,Posted
21-09-2024,01.12102.000.0000.000.3706008.00000.000,eHIS,HIS_SETTLEMENT,NSK-OCS-471149 HIS_SETTLEMENT 3358005YT7JQCWYLTG43,500177423,Journal Import 2591676:,//SETTLEMENT,2,,,,,1800,0,Posted
21-09-2024,01.12102.000.0000.000.3706008.00000.000,eHIS,HIS_SETTLEMENT,NSK-OCS-471150 HIS_SETTLEMENT 3358005YT7JQCWYLTG43,500177510,Journal Import 2591676:,//SETTLEMENT,2,,,,,500,0,Posted
21-09-2024,01.12102.000.0000.000.3706008.00000.000,eHIS,HIS_SETTLEMENT,NSK-OCS-471151 HIS_SETTLEMENT 3358005YT7JQCWYLTG43,500177322,Journal Import 2591676:,//SETTLEMENT,2,,,,,1850,0,Posted
21-09-2024,01.12102.000.0000.000.3706008.00000.000,eHIS,HIS_SETTLEMENT,NSK-OCS-471152 HIS_SETTLEMENT 3358005YT7JQCWYLTG43,500177455,Journal Import 2591676:,//SETTLEMENT,2,,,,,1200,0,Posted
21-09-2024,01.12102.000.0000.000.3706008.00000.000,eHIS,HIS_SETTLEMENT,NSK-OCS-471153 HIS_SETTLEMENT 3358005YT7JQCWYLTG43,500177511,Journal Import 2591676:,//SETTLEMENT,2,,,,,500,0,Posted
21-09-2024,01.12102.000.0000.000.3706008.00000.000,eHIS,HIS_SETTLEMENT,NSK-OCS-471154 HIS_SETTLEMENT 3358005YT7JQCWYLTG43,500177242,Journal Import 2591676:,//SETTLEMENT,2,,,,,900,0,Posted
21-09-2024,01.12102.000.0000.000.3706008.00000.000,eHIS,HIS_SETTLEMENT,NSK-OCS-471155 HIS_SETTLEMENT 3358005YT7JQCWYLTG43,500177417,Journal Import 2591676:,//SETTLEMENT,2,,,,,800,0,Posted
21-09-2024,01.12102.000.0000.000.3706008.00000.000,eHIS,HIS_SETTLEMENT,NSK-OCS-471156 HIS_SETTLEMENT 3358005YT7JQCWYLTG43,500177512,Journal Import 2591676:,//SETTLEMENT,2,,,,,500,0,Posted
21-09-2024,01.12102.000.0000.000.3706008.00000.000,eHIS,HIS_SETTLEMENT,NSK-OCS-471157 HIS_SETTLEMENT 3358005YT7JQCWYLTG43,500177388,Journal Import 2591676:,//SETTLEMENT,2,,,,,1400,0,Posted
21-09-2024,01.12102.000.0000.000.3706008.00000.000,eHIS,HIS_SETTLEMENT,NSK-OCS-471158 HIS_SETTLEMENT 3358005YT7JQCWYLTG43,500177368,Journal Import 2591676:,//SETTLEMENT,2,,,,,100,0,Posted
21-09-2024,01.12102.000.0000.000.3706008.00000.000,eHIS,HIS_SETTLEMENT,NSK-OCS-471159 HIS_SETTLEMENT 3358005YT7JQCWYLTG43,500177557,Journal Import 2591676:,//SETTLEMENT,2,,,,,1100,0,Posted
21-09-2024,01.12102.000.0000.000.3706008.00000.000,eHIS,HIS_SETTLEMENT,NSK-OCS-471160 HIS_SETTLEMENT 3358005YT7JQCWYLTG43,500177243,Journal Import 2591676:,//SETTLEMENT,2,,,,,900,0,Posted
21-09-2024,01.12102.000.0000.000.3706008.00000.000,eHIS,HIS_SETTLEMENT,NSK-OCS-471161 HIS_SETTLEMENT 3358005YT7JQCWYLTG43,500177418,Journal Import 2591676:,//SETTLEMENT,2,,,,,800,0,Posted
21-09-2024,01.12102.000.0000.000.3706008.00000.000,eHIS,HIS_SETTLEMENT,NSK-OCS-471162 HIS_SETTLEMENT 3358005YT7JQCWYLTG43,500177520,Journal Import 2591676:,//SETTLEMENT,2,,,,,1000,0,Posted
21-09-2024,01.12102.000.0000.000.3706008.00000.000,eHIS,HIS_SETTLEMENT,NSK-OCS-471163 HIS_SETTLEMENT 3358005YT7JQCWYLTG43,500177384,Journal Import 2591676:,//SETTLEMENT,2,,,,,750,0,Posted
21-09-2024,01.12102.000.0000.000.3706008.00000.000,eHIS,HIS_SETTLEMENT,NSK-OCS-471164 HIS_SETTLEMENT 3358005YT7JQCWYLTG43,500177456,Journal Import 2591676:,//SETTLEMENT,2,,,,,1200,0,Posted
21-09-2024,01.12102.000.0000.000.3706008.00000.000,eHIS,HIS_SETTLEMENT,NSK-OCS-471165 HIS_SETTLEMENT 3358005YT7JQCWYLTG43,500177244,Journal Import 2591676:,//SETTLEMENT,2,,,,,900,0,Posted
21-09-2024,01.12102.000.0000.000.3706008.00000.000,eHIS,HIS_SETTLEMENT,NSK-OCS-471166 HIS_SETTLEMENT 3358005YT7JQCWYLTG43,500177315,Journal Import 2591676:,//SETTLEMENT,2,,,,,199,0,Posted
21-09-2024,01.12102.000.0000.000.3706008.00000.000,eHIS,HIS_SETTLEMENT,NSK-OCS-471167 HIS_SETTLEMENT 3358005YT7JQCWYLTG43,500177362,Journal Import 2591676:,//SETTLEMENT,2,,,,,350,0,Posted
21-09-2024,01.12102.000.0000.000.3706008.00000.000,eHIS,HIS_SETTLEMENT,NSK-OCS-471168 HIS_SETTLEMENT 3358005YT7JQCWYLTG43,500177369,Journal Import 2591676:,//SETTLEMENT,2,,,,,100,0,Posted
21-09-2024,01.12102.000.0000.000.3706008.00000.000,eHIS,HIS_SETTLEMENT,NSK-OCS-471169 HIS_SETTLEMENT 3358005YT7JQCWYLTG43,500177245,Journal Import 2591676:,//SETTLEMENT,2,,,,,900,0,Posted
21-09-2024,01.12102.000.0000.000.3706008.00000.000,eHIS,HIS_SETTLEMENT,NSK-OCS-471170 HIS_SETTLEMENT 3358005YT7JQCWYLTG43,500177246,Journal Import 2591676:,//SETTLEMENT,2,,,,,2000,0,Posted
21-09-2024,01.12102.000.0000.000.3706008.00000.000,eHIS,HIS_SETTLEMENT,NSK-OCS-471171 HIS_SETTLEMENT 3358005YT7JQCWYLTG43,500177593,Journal Import 2591676:,//SETTLEMENT,2,,,,,400,0,Posted
21-09-2024,01.12102.000.0000.000.3706008.00000.000,eHIS,HIS_SETTLEMENT,NSK-OCS-471172 HIS_SETTLEMENT 3358005YT7JQCWYLTG43,500177514,Journal Import 2591676:,//SETTLEMENT,2,,,,,950,0,Posted
21-09-2024,01.12102.000.0000.000.3706008.00000.000,eHIS,HIS_SETTLEMENT,NSK-OCS-471173 HIS_SETTLEMENT 3358005YT7JQCWYLTG43,500177247,Journal Import 2591676:,//SETTLEMENT,2,,,,,2000,0,Posted
21-09-2024,01.12102.000.0000.000.3706008.00000.000,eHIS,HIS_SETTLEMENT,NSK-OCS-471174 HIS_SETTLEMENT 3358005YT7JQCWYLTG43,500177457,Journal Import 2591676:,//SETTLEMENT,2,,,,,1200,0,Posted
21-09-2024,01.12102.000.0000.000.3706008.00000.000,eHIS,HIS_SETTLEMENT,NSK-OCS-471175 HIS_SETTLEMENT 3358005YT7JQCWYLTG43,500177458,Journal Import 2591676:,//SETTLEMENT,2,,,,,1200,0,Posted
21-09-2024,01.12102.000.0000.000.3706008.00000.000,eHIS,HIS_SETTLEMENT,NSK-OCS-471176 HIS_SETTLEMENT 3358005YT7JQCWYLTG43,500177560,Journal Import 2591676:,//SETTLEMENT,2,,,,,700,0,Posted
21-09-2024,01.12102.000.0000.000.3706008.00000.000,eHIS,HIS_SETTLEMENT,NSK-OCS-471177 HIS_SETTLEMENT 3358005YT7JQCWYLTG43,500177370,Journal Import 2591676:,//SETTLEMENT,2,,,,,100,0,Posted
21-09-2024,01.12102.000.0000.000.3706008.00000.000,eHIS,HIS_SETTLEMENT,NSK-OCS-471178 HIS_SETTLEMENT 3358005YT7JQCWYLTG43,500177558,Journal Import 2591676:,//SETTLEMENT,2,,,,,1100,0,Posted
21-09-2024,01.12102.000.0000.000.3706008.00000.000,eHIS,HIS_SETTLEMENT,NSK-OCS-471179 HIS_SETTLEMENT 3358005YT7JQCWYLTG43,500177371,Journal Import 2591676:,//SETTLEMENT,2,,,,,100,0,Posted
21-09-2024,01.12102.000.0000.000.3706008.00000.000,eHIS,HIS_SETTLEMENT,NSK-OCS-471180 HIS_SETTLEMENT 3358005YT7JQCWYLTG43,500177419,Journal Import 2591676:,//SETTLEMENT,2,,,,,800,0,Posted
21-09-2024,01.12102.000.0000.000.3706008.00000.000,eHIS,HIS_SETTLEMENT,NSK-OCS-471181 HIS_SETTLEMENT 3358005YT7JQCWYLTG43,500177375,Journal Import 2591676:,//SETTLEMENT,2,,,,,1300,0,Posted
21-09-2024,01.12102.000.0000.000.3706008.00000.000,eHIS,HIS_SETTLEMENT,NSK-OCS-471182 HIS_SETTLEMENT 3358005YT7JQCWYLTG43,500177513,Journal Import 2591676:,//SETTLEMENT,2,,,,,500,0,Posted
21-09-2024,01.12102.000.0000.000.3706008.00000.000,eHIS,HIS_SETTLEMENT,NSK-OCS-471183 HIS_SETTLEMENT 3358005YT7JQCWYLTG43,500177333,Journal Import 2591676:,//SETTLEMENT,2,,,,,250,0,Posted
21-09-2024,01.12102.000.0000.000.3706008.00000.000,eHIS,HIS_SETTLEMENT,NSK-OCS-471184 HIS_SETTLEMENT 3358005YT7JQCWYLTG43,500177355,Journal Import 2591676:,//SETTLEMENT,2,,,,,299,0,Posted
21-09-2024,01.12102.000.0000.000.3706008.00000.000,eHIS,HIS_SETTLEMENT,NSK-OCS-471185 HIS_SETTLEMENT 3358005YT7JQCWYLTG43,500177552,Journal Import 2591676:,//SETTLEMENT,2,,,,,4880,0,Posted
21-09-2024,01.12102.000.0000.000.3706008.00000.000,eHIS,HIS_SETTLEMENT,NSK-OCS-471186 HIS_SETTLEMENT 3358005YT7JQCWYLTG43,500177459,Journal Import 2591676:,//SETTLEMENT,2,,,,,1200,0,Posted
21-09-2024,01.12102.000.0000.000.3706008.00000.000,eHIS,HIS_SETTLEMENT,NSK-OCS-471187 HIS_SETTLEMENT 3358005YT7JQCWYLTG43,500177460,Journal Import 2591676:,//SETTLEMENT,2,,,,,1200,0,Posted
21-09-2024,01.12102.000.0000.000.3706008.00000.000,eHIS,HIS_SETTLEMENT,NSK-OCS-471188 HIS_SETTLEMENT 3358005YT7JQCWYLTG43,500177461,Journal Import 2591676:,//SETTLEMENT,2,,,,,1200,0,Posted
21-09-2024,01.12102.000.0000.000.3706008.00000.000,eHIS,HIS_SETTLEMENT,NSK-OCS-471189 HIS_SETTLEMENT 3358005YT7JQCWYLTG43,500177595,Journal Import 2591676:,//SETTLEMENT,2,,,,,410,0,Posted
21-09-2024,01.12102.000.0000.000.3706008.00000.000,eHIS,HIS_SETTLEMENT,NSK-OCS-471190 HIS_SETTLEMENT 3358005YT7JQCWYLTG43,500177420,Journal Import 2591676:,//SETTLEMENT,2,,,,,800,0,Posted
21-09-2024,01.12102.000.0000.000.3706008.00000.000,eHIS,HIS_SETTLEMENT,NSK-OCS-471191 HIS_SETTLEMENT 3358005YT7JQCWYLTG43,500177594,Journal Import 2591676:,//SETTLEMENT,2,,,,,400,0,Posted
21-09-2024,01.12102.000.0000.000.3706008.00000.000,eHIS,HIS_SETTLEMENT,NSK-OCS-471192 HIS_SETTLEMENT 3358005YT7JQCWYLTG43,500177385,Journal Import 2591676:,//SETTLEMENT,2,,,,,750,0,Posted
22-09-2024,01.12102.000.0000.000.3706008.00000.000,eHIS,HIS_SETTLEMENT,NSK-OCS-471193 HIS_SETTLEMENT 3358005YT7JQCWYLTG43,500177632,Journal Import 2599930:,//SETTLEMENT,2,,,,,175,0,Posted
21-09-2024,01.12102.000.0000.000.3706008.00000.000,eHIS,HIS_SETTLEMENT,NSK-OCS-471194 HIS_SETTLEMENT 3358005YT7JQCWYLTG43,500177372,Journal Import 2591676:,//SETTLEMENT,2,,,,,100,0,Posted
21-09-2024,01.12102.000.0000.000.3706008.00000.000,eHIS,HIS_SETTLEMENT,NSK-OCS-471195 HIS_SETTLEMENT 3358005YT7JQCWYLTG43,500177550,Journal Import 2591676:,//SETTLEMENT,2,,,,,4470,0,Posted
21-09-2024,01.12102.000.0000.000.3706008.00000.000,eHIS,HIS_SETTLEMENT,NSK-OCS-471196 HIS_SETTLEMENT 3358005YT7JQCWYLTG43,500177323,Journal Import 2591676:,//SETTLEMENT,2,,,,,1850,0,Posted
21-09-2024,01.12102.000.0000.000.3706008.00000.000,eHIS,HIS_SETTLEMENT,NSK-OCS-471197 HIS_SETTLEMENT 3358005YT7JQCWYLTG43,500177376,Journal Import 2591676:,//SETTLEMENT,2,,,,,1300,0,Posted
21-09-2024,01.12102.000.0000.000.3706008.00000.000,eHIS,HIS_SETTLEMENT,NSK-OCS-471198 HIS_SETTLEMENT 3358005YT7JQCWYLTG43,500177521,Journal Import 2591676:,//SETTLEMENT,2,,,,,1000,0,Posted
21-09-2024,01.12102.000.0000.000.3706008.00000.000,eHIS,HIS_SETTLEMENT,NSK-OCS-471199 HIS_SETTLEMENT 3358005YT7JQCWYLTG43,500177561,Journal Import 2591676:,//SETTLEMENT,2,,,,,700,0,Posted
21-09-2024,01.12102.000.0000.000.3706008.00000.000,eHIS,HIS_SETTLEMENT,NSK-OCS-471200 HIS_SETTLEMENT 3358005YT7JQCWYLTG43,500177522,Journal Import 2591676:,//SETTLEMENT,2,,,,,1000,0,Posted
21-09-2024,01.12102.000.0000.000.3706008.00000.000,eHIS,HIS_SETTLEMENT,NSK-OCS-471201 HIS_SETTLEMENT 3358005YT7JQCWYLTG43,500177317,Journal Import 2591676:,//SETTLEMENT,2,,,,,200,0,Posted
21-09-2024,01.12102.000.0000.000.3706008.00000.000,eHIS,HIS_SETTLEMENT,NSK-OCS-471202 HIS_SETTLEMENT 3358005YT7JQCWYLTG43,500177596,Journal Import 2591676:,//SETTLEMENT,2,,,,,2350,0,Posted
21-09-2024,01.12102.000.0000.000.3706008.00000.000,eHIS,HIS_SETTLEMENT,NSK-OCS-471203 HIS_SETTLEMENT 3358005YT7JQCWYLTG43,500177549,Journal Import 2591676:,//SETTLEMENT,2,,,,,4450,0,Posted
21-09-2024,01.12102.000.0000.000.3706008.00000.000,eHIS,HIS_SETTLEMENT,NSK-OCS-471204 HIS_SETTLEMENT 3358005YT7JQCWYLTG43,500177473,Journal Import 2591676:,//SETTLEMENT,2,,,,,650,0,Posted
21-09-2024,01.12102.000.0000.000.3706008.00000.000,eHIS,HIS_SETTLEMENT,NSK-OCS-471205 HIS_SETTLEMENT 3358005YT7JQCWYLTG43,500177562,Journal Import 2591676:,//SETTLEMENT,2,,,,,700,0,Posted
21-09-2024,01.12102.000.0000.000.3706008.00000.000,eHIS,HIS_SETTLEMENT,NSK-OCS-471206 HIS_SETTLEMENT 3358005YT7JQCWYLTG43,500177386,Journal Import 2591676:,//SETTLEMENT,2,,,,,750,0,Posted
21-09-2024,01.12102.000.0000.000.3706008.00000.000,eHIS,HIS_SETTLEMENT,NSK-OCS-471207 HIS_SETTLEMENT 3358005YT7JQCWYLTG43,500177559,Journal Import 2591676:,//SETTLEMENT,2,,,,,1100,0,Posted
21-09-2024,01.12102.000.0000.000.3706008.00000.000,eHIS,HIS_SETTLEMENT,NSK-OCS-471208 HIS_SETTLEMENT 3358005YT7JQCWYLTG43,500177463,Journal Import 2591676:,//SETTLEMENT,3,,,,,50,0,Posted
21-09-2024,01.12102.000.0000.000.3706008.00000.000,eHIS,HIS_SETTLEMENT,NSK-OCS-471208 HIS_SETTLEMENT 3358005YT7JQCWYLTG43,500177463,Journal Import 2591676:,//SETTLEMENT,4,,,,,1800,0,Posted
21-09-2024,01.12102.000.0000.000.3706008.00000.000,eHIS,HIS_SETTLEMENT,NSK-OCS-471209 HIS_SETTLEMENT 3358005YT7JQCWYLTG43,500177248,Journal Import 2591676:,//SETTLEMENT,2,,,,,2300,0,Posted
21-09-2024,01.12102.000.0000.000.3706008.00000.000,eHIS,HIS_SETTLEMENT,NSK-OCS-471210 HIS_SETTLEMENT 3358005YT7JQCWYLTG43,500177324,Journal Import 2591676:,//SETTLEMENT,2,,,,,1850,0,Posted
22-09-2024,01.12102.000.0000.000.3706008.00000.000,eHIS,HIS_SETTLEMENT,NSK-OCS-471211 HIS_SETTLEMENT 3358005YT7JQCWYLTG43,500177806,Journal Import 2591676:,//SETTLEMENT,2,,,,,450,0,Posted
22-09-2024,01.12102.000.0000.000.3706008.00000.000,eHIS,HIS_SETTLEMENT,NSK-OCS-471212 HIS_SETTLEMENT 3358005YT7JQCWYLTG43,500177807,Journal Import 2591676:,//SETTLEMENT,2,,,,,450,0,Posted
22-09-2024,01.12102.000.0000.000.3706008.00000.000,eHIS,HIS_SETTLEMENT,NSK-OCS-471213 HIS_SETTLEMENT 3358005YT7JQCWYLTG43,500177713,Journal Import 2591676:,//SETTLEMENT,2,,,,,550,0,Posted
22-09-2024,01.12102.000.0000.000.3706008.00000.000,eHIS,HIS_SETTLEMENT,NSK-OCS-471214 HIS_SETTLEMENT 3358005YT7JQCWYLTG43,500177736,Journal Import 2591676:,//SETTLEMENT,2,,,,,13900,0,Posted
22-09-2024,01.12102.000.0000.000.3706008.00000.000,eHIS,HIS_SETTLEMENT,NSK-OCS-471215 HIS_SETTLEMENT 3358005YT7JQCWYLTG43,500177727,Journal Import 2591676:,//SETTLEMENT,2,,,,,100,0,Posted
22-09-2024,01.12102.000.0000.000.3706008.00000.000,eHIS,HIS_SETTLEMENT,NSK-OCS-471216 HIS_SETTLEMENT 3358005YT7JQCWYLTG43,500177728,Journal Import 2591676:,//SETTLEMENT,2,,,,,100,0,Posted
22-09-2024,01.12102.000.0000.000.3706008.00000.000,eHIS,HIS_SETTLEMENT,NSK-OCS-471217 HIS_SETTLEMENT 3358005YT7JQCWYLTG43,500177729,Journal Import 2591676:,//SETTLEMENT,2,,,,,100,0,Posted
22-09-2024,01.12102.000.0000.000.3706008.00000.000,eHIS,HIS_SETTLEMENT,NSK-OCS-471218 HIS_SETTLEMENT 3358005YT7JQCWYLTG43,500177636,Journal Import 2591676:,//SETTLEMENT,2,,,,,1850,0,Posted
22-09-2024,01.12102.000.0000.000.3706008.00000.000,eHIS,HIS_SETTLEMENT,NSK-OCS-471219 HIS_SETTLEMENT 3358005YT7JQCWYLTG43,500177637,Journal Import 2591676:,//SETTLEMENT,2,,,,,1850,0,Posted
22-09-2024,01.12102.000.0000.000.3706008.00000.000,eHIS,HIS_SETTLEMENT,NSK-OCS-471220 HIS_SETTLEMENT 3358005YT7JQCWYLTG43,500177730,Journal Import 2591676:,//SETTLEMENT,2,,,,,100,0,Posted
22-09-2024,01.12102.000.0000.000.3706008.00000.000,eHIS,HIS_SETTLEMENT,NSK-OCS-471221 HIS_SETTLEMENT 3358005YT7JQCWYLTG43,500177638,Journal Import 2591676:,//SETTLEMENT,2,,,,,1850,0,Posted
22-09-2024,01.12102.000.0000.000.3706008.00000.000,eHIS,HIS_SETTLEMENT,NSK-OCS-471222 HIS_SETTLEMENT 3358005YT7JQCWYLTG43,500177667,Journal Import 2591676:,//SETTLEMENT,2,,,,,843,0,Posted
22-09-2024,01.12102.000.0000.000.3706008.00000.000,eHIS,HIS_SETTLEMENT,NSK-OCS-471223 HIS_SETTLEMENT 3358005YT7JQCWYLTG43,500177820,Journal Import 2591676:,//SETTLEMENT,2,,,,,3999,0,Posted
22-09-2024,01.12102.000.0000.000.3706008.00000.000,eHIS,HIS_SETTLEMENT,NSK-OCS-471224 HIS_SETTLEMENT 3358005YT7JQCWYLTG43,500177635,Journal Import 2591676:,//SETTLEMENT,2,,,,,200,0,Posted
22-09-2024,01.12102.000.0000.000.3706008.00000.000,eHIS,HIS_SETTLEMENT,NSK-OCS-471225 HIS_SETTLEMENT 3358005YT7JQCWYLTG43,500177639,Journal Import 2591676:,//SETTLEMENT,2,,,,,1850,0,Posted
22-09-2024,01.12102.000.0000.000.3706008.00000.000,eHIS,HIS_SETTLEMENT,NSK-OCS-471226 HIS_SETTLEMENT 3358005YT7JQCWYLTG43,500177731,Journal Import 2591676:,//SETTLEMENT,2,,,,,100,0,Posted
22-09-2024,01.12102.000.0000.000.3706008.00000.000,eHIS,HIS_SETTLEMENT,NSK-OCS-471227 HIS_SETTLEMENT 3358005YT7JQCWYLTG43,500177808,Journal Import 2591676:,//SETTLEMENT,2,,,,,450,0,Posted
22-09-2024,01.12102.000.0000.000.3706008.00000.000,eHIS,HIS_SETTLEMENT,NSK-OCS-471228 HIS_SETTLEMENT 3358005YT7JQCWYLTG43,500177640,Journal Import 2591676:,//SETTLEMENT,2,,,,,1850,0,Posted
22-09-2024,01.12102.000.0000.000.3706008.00000.000,eHIS,HIS_SETTLEMENT,NSK-OCS-471229 HIS_SETTLEMENT 3358005YT7JQCWYLTG43,500177766,Journal Import 2591676:,//SETTLEMENT,2,,,,,1850,0,Posted
22-09-2024,01.12102.000.0000.000.3706008.00000.000,eHIS,HIS_SETTLEMENT,NSK-OCS-471230 HIS_SETTLEMENT 3358005YT7JQCWYLTG43,500177767,Journal Import 2591676:,//SETTLEMENT,2,,,,,1850,0,Posted
22-09-2024,01.12102.000.0000.000.3706008.00000.000,eHIS,HIS_SETTLEMENT,NSK-OCS-471231 HIS_SETTLEMENT 3358005YT7JQCWYLTG43,500177768,Journal Import 2591676:,//SETTLEMENT,2,,,,,1850,0,Posted
22-09-2024,01.12102.000.0000.000.3706008.00000.000,eHIS,HIS_SETTLEMENT,NSK-OCS-471232 HIS_SETTLEMENT 3358005YT7JQCWYLTG43,500177784,Journal Import 2591676:,//SETTLEMENT,2,,,,,410,0,Posted
22-09-2024,01.12102.000.0000.000.3706008.00000.000,eHIS,HIS_SETTLEMENT,NSK-OCS-471233 HIS_SETTLEMENT 3358005YT7JQCWYLTG43,500177744,Journal Import 2591676:,//SETTLEMENT,2,,,,,750,0,Posted
22-09-2024,01.12102.000.0000.000.3706008.00000.000,eHIS,HIS_SETTLEMENT,NSK-OCS-471234 HIS_SETTLEMENT 3358005YT7JQCWYLTG43,500177732,Journal Import 2591676:,//SETTLEMENT,2,,,,,100,0,Posted
23-09-2024,01.12102.000.0000.000.3706008.00000.000,eHIS,HIS_SETTLEMENT,NSK-OCS-471235 HIS_SETTLEMENT 3358005YT7JQCWYLTG43,500177851,Journal Import 2599930:,//SETTLEMENT,2,,,,,255,0,Posted
22-09-2024,01.12102.000.0000.000.3706008.00000.000,eHIS,HIS_SETTLEMENT,NSK-OCS-471236 HIS_SETTLEMENT 3358005YT7JQCWYLTG43,500177810,Journal Import 2591676:,//SETTLEMENT,2,,,,,3500,0,Posted
22-09-2024,01.12102.000.0000.000.3706008.00000.000,eHIS,HIS_SETTLEMENT,NSK-OCS-471238 HIS_SETTLEMENT 3358005YT7JQCWYLTG43,500177697,Journal Import 2591676:,//SETTLEMENT,2,,,,,4375,0,Posted
22-09-2024,01.12102.000.0000.000.3706008.00000.000,eHIS,HIS_SETTLEMENT,NSK-OCS-471239 HIS_SETTLEMENT 3358005YT7JQCWYLTG43,500177814,Journal Import 2591676:,//SETTLEMENT,2,,,,,3500,0,Posted
22-09-2024,01.12102.000.0000.000.3706008.00000.000,eHIS,HIS_SETTLEMENT,NSK-OCS-471240 HIS_SETTLEMENT 3358005YT7JQCWYLTG43,500177824,Journal Import 2591676:,//SETTLEMENT,2,,,,,4312,0,Posted
22-09-2024,01.12102.000.0000.000.3706008.00000.000,eHIS,HIS_SETTLEMENT,NSK-OCS-471241 HIS_SETTLEMENT 3358005YT7JQCWYLTG43,500177733,Journal Import 2591676:,//SETTLEMENT,2,,,,,100,0,Posted
22-09-2024,01.12102.000.0000.000.3706008.00000.000,eHIS,HIS_SETTLEMENT,NSK-OCS-471242 HIS_SETTLEMENT 3358005YT7JQCWYLTG43,500177734,Journal Import 2591676:,//SETTLEMENT,2,,,,,100,0,Posted
22-09-2024,01.12102.000.0000.000.3706008.00000.000,eHIS,HIS_SETTLEMENT,NSK-OCS-471243 HIS_SETTLEMENT 3358005YT7JQCWYLTG43,500177668,Journal Import 2591676:,//SETTLEMENT,2,,,,,2180,0,Posted
22-09-2024,01.12102.000.0000.000.3706008.00000.000,eHIS,HIS_SETTLEMENT,NSK-OCS-471244 HIS_SETTLEMENT 3358005YT7JQCWYLTG43,500177764,Journal Import 2591676:,//SETTLEMENT,2,,,,,100,0,Posted
22-09-2024,01.12102.000.0000.000.3706008.00000.000,eHIS,HIS_SETTLEMENT,NSK-OCS-471245 HIS_SETTLEMENT 3358005YT7JQCWYLTG43,500177765,Journal Import 2591676:,//SETTLEMENT,2,,,,,100,0,Posted
22-09-2024,01.12102.000.0000.000.3706008.00000.000,eHIS,HIS_SETTLEMENT,NSK-OCS-471246 HIS_SETTLEMENT 3358005YT7JQCWYLTG43,500177769,Journal Import 2591676:,//SETTLEMENT,2,,,,,1850,0,Posted
23-09-2024,01.12102.000.0000.000.3706008.00000.000,eHIS,HIS_SETTLEMENT,NSK-OCS-471247 HIS_SETTLEMENT 3358005YT7JQCWYLTG43,500178048,Journal Import 2591676:,//SETTLEMENT,2,,,,,100,0,Posted
23-09-2024,01.12102.000.0000.000.3706008.00000.000,eHIS,HIS_SETTLEMENT,NSK-OCS-471248 HIS_SETTLEMENT 3358005YT7JQCWYLTG43,500178049,Journal Import 2591676:,//SETTLEMENT,2,,,,,100,0,Posted
23-09-2024,01.12102.000.0000.000.3706008.00000.000,eHIS,HIS_SETTLEMENT,NSK-OCS-471249 HIS_SETTLEMENT 3358005YT7JQCWYLTG43,500178050,Journal Import 2591676:,//SETTLEMENT,2,,,,,100,0,Posted
23-09-2024,01.12102.000.0000.000.3706008.00000.000,eHIS,HIS_SETTLEMENT,NSK-OCS-471250 HIS_SETTLEMENT 3358005YT7JQCWYLTG43,500178051,Journal Import 2591676:,//SETTLEMENT,2,,,,,100,0,Posted
23-09-2024,01.12102.000.0000.000.3706008.00000.000,eHIS,HIS_SETTLEMENT,NSK-OCS-471251 HIS_SETTLEMENT 3358005YT7JQCWYLTG43,500178052,Journal Import 2591676:,//SETTLEMENT,2,,,,,100,0,Posted
23-09-2024,01.12102.000.0000.000.3706008.00000.000,eHIS,HIS_SETTLEMENT,NSK-OCS-471252 HIS_SETTLEMENT 3358005YT7JQCWYLTG43,500178053,Journal Import 2591676:,//SETTLEMENT,2,,,,,100,0,Posted
23-09-2024,01.12102.000.0000.000.3706008.00000.000,eHIS,HIS_SETTLEMENT,NSK-OCS-471253 HIS_SETTLEMENT 3358005YT7JQCWYLTG43,500178459,Journal Import 2591676:,//SETTLEMENT,2,,,,,2600,0,Posted
23-09-2024,01.12102.000.0000.000.3706008.00000.000,eHIS,HIS_SETTLEMENT,NSK-OCS-471254 HIS_SETTLEMENT 3358005YT7JQCWYLTG43,500178399,Journal Import 2591676:,//SETTLEMENT,2,,,,,3500,0,Posted
24-09-2024,01.12102.000.0000.000.3706008.00000.000,eHIS,HIS_SETTLEMENT,NSK-OCS-471255 HIS_SETTLEMENT 3358005YT7JQCWYLTG43,500178602,Journal Import 2599930:,//SETTLEMENT,2,,,,,710,0,Posted
23-09-2024,01.12102.000.0000.000.3706008.00000.000,eHIS,HIS_SETTLEMENT,NSK-OCS-471256 HIS_SETTLEMENT 3358005YT7JQCWYLTG43,500178400,Journal Import 2591676:,//SETTLEMENT,2,,,,,3500,0,Posted
23-09-2024,01.12102.000.0000.000.3706008.00000.000,eHIS,HIS_SETTLEMENT,NSK-OCS-471257 HIS_SETTLEMENT 3358005YT7JQCWYLTG43,500178401,Journal Import 2591676:,//SETTLEMENT,2,,,,,3500,0,Posted
23-09-2024,01.12102.000.0000.000.3706008.00000.000,eHIS,HIS_SETTLEMENT,NSK-OCS-471258 HIS_SETTLEMENT 3358005YT7JQCWYLTG43,500178292,Journal Import 2591676:,//SETTLEMENT,2,,,,,1118,0,Posted
23-09-2024,01.12102.000.0000.000.3706008.00000.000,eHIS,HIS_SETTLEMENT,NSK-OCS-471259 HIS_SETTLEMENT 3358005YT7JQCWYLTG43,500178402,Journal Import 2591676:,//SETTLEMENT,2,,,,,3500,0,Posted
23-09-2024,01.12102.000.0000.000.3706008.00000.000,eHIS,HIS_SETTLEMENT,NSK-OCS-471260 HIS_SETTLEMENT 3358005YT7JQCWYLTG43,500178351,Journal Import 2591676:,//SETTLEMENT,2,,,,,4600,0,Posted
23-09-2024,01.12102.000.0000.000.3706008.00000.000,eHIS,HIS_SETTLEMENT,NSK-OCS-471261 HIS_SETTLEMENT 3358005YT7JQCWYLTG43,500178451,Journal Import 2591676:,//SETTLEMENT,2,,,,,900,0,Posted
23-09-2024,01.12102.000.0000.000.3706008.00000.000,eHIS,HIS_SETTLEMENT,NSK-OCS-471262 HIS_SETTLEMENT 3358005YT7JQCWYLTG43,500178216,Journal Import 2591676:,//SETTLEMENT,2,,,,,10750,0,Posted
23-09-2024,01.12102.000.0000.000.3706008.00000.000,eHIS,HIS_SETTLEMENT,NSK-OCS-471263 HIS_SETTLEMENT 3358005YT7JQCWYLTG43,500178482,Journal Import 2591676:,//SETTLEMENT,2,,,,,450,0,Posted
23-09-2024,01.12102.000.0000.000.3706008.00000.000,eHIS,HIS_SETTLEMENT,NSK-OCS-471264 HIS_SETTLEMENT 3358005YT7JQCWYLTG43,500178020,Journal Import 2591676:,//SETTLEMENT,2,,,,,800,0,Posted
23-09-2024,01.12102.000.0000.000.3706008.00000.000,eHIS,HIS_SETTLEMENT,NSK-OCS-471265 HIS_SETTLEMENT 3358005YT7JQCWYLTG43,500177837,Journal Import 2591676:,//SETTLEMENT,2,,,,,2200,0,Posted
23-09-2024,01.12102.000.0000.000.3706008.00000.000,eHIS,HIS_SETTLEMENT,NSK-OCS-471266 HIS_SETTLEMENT 3358005YT7JQCWYLTG43,500177838,Journal Import 2591676:,//SETTLEMENT,2,,,,,2200,0,Posted
23-09-2024,01.12102.000.0000.000.3706008.00000.000,eHIS,HIS_SETTLEMENT,NSK-OCS-471267 HIS_SETTLEMENT 3358005YT7JQCWYLTG43,500177839,Journal Import 2591676:,//SETTLEMENT,2,,,,,2200,0,Posted
23-09-2024,01.12102.000.0000.000.3706008.00000.000,eHIS,HIS_SETTLEMENT,NSK-OCS-471268 HIS_SETTLEMENT 3358005YT7JQCWYLTG43,500177840,Journal Import 2591676:,//SETTLEMENT,2,,,,,2200,0,Posted
23-09-2024,01.12102.000.0000.000.3706008.00000.000,eHIS,HIS_SETTLEMENT,NSK-OCS-471269 HIS_SETTLEMENT 3358005YT7JQCWYLTG43,500177841,Journal Import 2591676:,//SETTLEMENT,2,,,,,2200,0,Posted
23-09-2024,01.12102.000.0000.000.3706008.00000.000,eHIS,HIS_SETTLEMENT,NSK-OCS-471270 HIS_SETTLEMENT 3358005YT7JQCWYLTG43,500178300,Journal Import 2591676:,//SETTLEMENT,2,,,,,500,0,Posted
23-09-2024,01.12102.000.0000.000.3706008.00000.000,eHIS,HIS_SETTLEMENT,NSK-OCS-471271 HIS_SETTLEMENT 3358005YT7JQCWYLTG43,500178519,Journal Import 2591676:,//SETTLEMENT,2,,,,,1850,0,Posted
23-09-2024,01.12102.000.0000.000.3706008.00000.000,eHIS,HIS_SETTLEMENT,NSK-OCS-471272 HIS_SETTLEMENT 3358005YT7JQCWYLTG43,500178517,Journal Import 2591676:,//SETTLEMENT,2,,,,,720,0,Posted
23-09-2024,01.12102.000.0000.000.3706008.00000.000,eHIS,HIS_SETTLEMENT,NSK-OCS-471274 HIS_SETTLEMENT 3358005YT7JQCWYLTG43,500178021,Journal Import 2591676:,//SETTLEMENT,2,,,,,800,0,Posted
23-09-2024,01.12102.000.0000.000.3706008.00000.000,eHIS,HIS_SETTLEMENT,NSK-OCS-471275 HIS_SETTLEMENT 3358005YT7JQCWYLTG43,500178022,Journal Import 2591676:,//SETTLEMENT,2,,,,,800,0,Posted
23-09-2024,01.12102.000.0000.000.3706008.00000.000,eHIS,HIS_SETTLEMENT,NSK-OCS-471276 HIS_SETTLEMENT 3358005YT7JQCWYLTG43,500178023,Journal Import 2591676:,//SETTLEMENT,2,,,,,800,0,Posted
23-09-2024,01.12102.000.0000.000.3706008.00000.000,eHIS,HIS_SETTLEMENT,NSK-OCS-471277 HIS_SETTLEMENT 3358005YT7JQCWYLTG43,500178520,Journal Import 2591676:,//SETTLEMENT,2,,,,,1850,0,Posted
23-09-2024,01.12102.000.0000.000.3706008.00000.000,eHIS,HIS_SETTLEMENT,NSK-OCS-471278 HIS_SETTLEMENT 3358005YT7JQCWYLTG43,500178067,Journal Import 2591676:,//SETTLEMENT,2,,,,,1450,0,Posted
23-09-2024,01.12102.000.0000.000.3706008.00000.000,eHIS,HIS_SETTLEMENT,NSK-OCS-471279 HIS_SETTLEMENT 3358005YT7JQCWYLTG43,500178513,Journal Import 2591676:,//SETTLEMENT,2,,,,,700,0,Posted
23-09-2024,01.12102.000.0000.000.3706008.00000.000,eHIS,HIS_SETTLEMENT,NSK-OCS-471280 HIS_SETTLEMENT 3358005YT7JQCWYLTG43,500178024,Journal Import 2591676:,//SETTLEMENT,2,,,,,800,0,Posted
23-09-2024,01.12102.000.0000.000.3706008.00000.000,eHIS,HIS_SETTLEMENT,NSK-OCS-471281 HIS_SETTLEMENT 3358005YT7JQCWYLTG43,500178500,Journal Import 2591676:,//SETTLEMENT,2,,,,,1100,0,Posted
23-09-2024,01.12102.000.0000.000.3706008.00000.000,eHIS,HIS_SETTLEMENT,NSK-OCS-471282 HIS_SETTLEMENT 3358005YT7JQCWYLTG43,500178190,Journal Import 2591676:,//SETTLEMENT,2,,,,,600,0,Posted
23-09-2024,01.12102.000.0000.000.3706008.00000.000,eHIS,HIS_SETTLEMENT,NSK-OCS-471283 HIS_SETTLEMENT 3358005YT7JQCWYLTG43,500178443,Journal Import 2591676:,//SETTLEMENT,2,,,,,400,0,Posted
23-09-2024,01.12102.000.0000.000.3706008.00000.000,eHIS,HIS_SETTLEMENT,NSK-OCS-471284 HIS_SETTLEMENT 3358005YT7JQCWYLTG43,500178325,Journal Import 2591676:,//SETTLEMENT,2,,,,,4210,0,Posted
23-09-2024,01.12102.000.0000.000.3706008.00000.000,eHIS,HIS_SETTLEMENT,NSK-OCS-471285 HIS_SETTLEMENT 3358005YT7JQCWYLTG43,500178025,Journal Import 2591676:,//SETTLEMENT,2,,,,,800,0,Posted
23-09-2024,01.12102.000.0000.000.3706008.00000.000,eHIS,HIS_SETTLEMENT,NSK-OCS-471286 HIS_SETTLEMENT 3358005YT7JQCWYLTG43,500178026,Journal Import 2591676:,//SETTLEMENT,2,,,,,800,0,Posted
23-09-2024,01.12102.000.0000.000.3706008.00000.000,eHIS,HIS_SETTLEMENT,NSK-OCS-471287 HIS_SETTLEMENT 3358005YT7JQCWYLTG43,500178452,Journal Import 2591676:,//SETTLEMENT,2,,,,,900,0,Posted
23-09-2024,01.12102.000.0000.000.3706008.00000.000,eHIS,HIS_SETTLEMENT,NSK-OCS-471288 HIS_SETTLEMENT 3358005YT7JQCWYLTG43,500178514,Journal Import 2591676:,//SETTLEMENT,2,,,,,700,0,Posted
23-09-2024,01.12102.000.0000.000.3706008.00000.000,eHIS,HIS_SETTLEMENT,NSK-OCS-471289 HIS_SETTLEMENT 3358005YT7JQCWYLTG43,500178390,Journal Import 2591676:,//SETTLEMENT,2,,,,,1000,0,Posted
23-09-2024,01.12102.000.0000.000.3706008.00000.000,eHIS,HIS_SETTLEMENT,NSK-OCS-471290 HIS_SETTLEMENT 3358005YT7JQCWYLTG43,500178391,Journal Import 2591676:,//SETTLEMENT,2,,,,,1000,0,Posted
23-09-2024,01.12102.000.0000.000.3706008.00000.000,eHIS,HIS_SETTLEMENT,NSK-OCS-471291 HIS_SETTLEMENT 3358005YT7JQCWYLTG43,500178483,Journal Import 2591676:,//SETTLEMENT,2,,,,,450,0,Posted
23-09-2024,01.12102.000.0000.000.3706008.00000.000,eHIS,HIS_SETTLEMENT,NSK-OCS-471292 HIS_SETTLEMENT 3358005YT7JQCWYLTG43,500178453,Journal Import 2591676:,//SETTLEMENT,2,,,,,900,0,Posted
23-09-2024,01.12102.000.0000.000.3706008.00000.000,eHIS,HIS_SETTLEMENT,NSK-OCS-471293 HIS_SETTLEMENT 3358005YT7JQCWYLTG43,500178208,Journal Import 2591676:,//SETTLEMENT,2,,,,,638,0,Posted
23-09-2024,01.12102.000.0000.000.3706008.00000.000,eHIS,HIS_SETTLEMENT,NSK-OCS-471294 HIS_SETTLEMENT 3358005YT7JQCWYLTG43,500178454,Journal Import 2591676:,//SETTLEMENT,2,,,,,900,0,Posted
23-09-2024,01.12102.000.0000.000.3706008.00000.000,eHIS,HIS_SETTLEMENT,NSK-OCS-471295 HIS_SETTLEMENT 3358005YT7JQCWYLTG43,500178054,Journal Import 2591676:,//SETTLEMENT,3,,,,,100,0,Posted
23-09-2024,01.12102.000.0000.000.3706008.00000.000,eHIS,HIS_SETTLEMENT,NSK-OCS-471295 HIS_SETTLEMENT 3358005YT7JQCWYLTG43,500178054,Journal Import 2591676:,//SETTLEMENT,4,,,,,1000,0,Posted
23-09-2024,01.12102.000.0000.000.3706008.00000.000,eHIS,HIS_SETTLEMENT,NSK-OCS-471296 HIS_SETTLEMENT 3358005YT7JQCWYLTG43,500178392,Journal Import 2591676:,//SETTLEMENT,2,,,,,1000,0,Posted
23-09-2024,01.12102.000.0000.000.3706008.00000.000,eHIS,HIS_SETTLEMENT,NSK-OCS-471297 HIS_SETTLEMENT 3358005YT7JQCWYLTG43,500178444,Journal Import 2591676:,//SETTLEMENT,2,,,,,400,0,Posted
23-09-2024,01.12102.000.0000.000.3706008.00000.000,eHIS,HIS_SETTLEMENT,NSK-OCS-471298 HIS_SETTLEMENT 3358005YT7JQCWYLTG43,500178301,Journal Import 2591676:,//SETTLEMENT,2,,,,,500,0,Posted
23-09-2024,01.12102.000.0000.000.3706008.00000.000,eHIS,HIS_SETTLEMENT,NSK-OCS-471299 HIS_SETTLEMENT 3358005YT7JQCWYLTG43,500178393,Journal Import 2591676:,//SETTLEMENT,2,,,,,1000,0,Posted
23-09-2024,01.12102.000.0000.000.3706008.00000.000,eHIS,HIS_SETTLEMENT,NSK-OCS-471300 HIS_SETTLEMENT 3358005YT7JQCWYLTG43,500178501,Journal Import 2591676:,//SETTLEMENT,2,,,,,1100,0,Posted
23-09-2024,01.12102.000.0000.000.3706008.00000.000,eHIS,HIS_SETTLEMENT,NSK-OCS-471301 HIS_SETTLEMENT 3358005YT7JQCWYLTG43,500178191,Journal Import 2591676:,//SETTLEMENT,2,,,,,600,0,Posted
23-09-2024,01.12102.000.0000.000.3706008.00000.000,eHIS,HIS_SETTLEMENT,NSK-OCS-471302 HIS_SETTLEMENT 3358005YT7JQCWYLTG43,500178302,Journal Import 2591676:,//SETTLEMENT,2,,,,,500,0,Posted
23-09-2024,01.12102.000.0000.000.3706008.00000.000,eHIS,HIS_SETTLEMENT,NSK-OCS-471303 HIS_SETTLEMENT 3358005YT7JQCWYLTG43,500178129,Journal Import 2591676:,//SETTLEMENT,2,,,,,1300,0,Posted
23-09-2024,01.12102.000.0000.000.3706008.00000.000,eHIS,HIS_SETTLEMENT,NSK-OCS-471304 HIS_SETTLEMENT 3358005YT7JQCWYLTG43,500178015,Journal Import 2591676:,//SETTLEMENT,3,,,,,200,0,Posted
23-09-2024,01.12102.000.0000.000.3706008.00000.000,eHIS,HIS_SETTLEMENT,NSK-OCS-471304 HIS_SETTLEMENT 3358005YT7JQCWYLTG43,500178015,Journal Import 2591676:,//SETTLEMENT,4,,,,,1000,0,Posted
23-09-2024,01.12102.000.0000.000.3706008.00000.000,eHIS,HIS_SETTLEMENT,NSK-OCS-471305 HIS_SETTLEMENT 3358005YT7JQCWYLTG43,500178323,Journal Import 2591676:,//SETTLEMENT,2,,,,,4000,0,Posted
23-09-2024,01.12102.000.0000.000.3706008.00000.000,eHIS,HIS_SETTLEMENT,NSK-OCS-471306 HIS_SETTLEMENT 3358005YT7JQCWYLTG43,500178130,Journal Import 2591676:,//SETTLEMENT,2,,,,,1300,0,Posted
23-09-2024,01.12102.000.0000.000.3706008.00000.000,eHIS,HIS_SETTLEMENT,NSK-OCS-471307 HIS_SETTLEMENT 3358005YT7JQCWYLTG43,500178027,Journal Import 2591676:,//SETTLEMENT,2,,,,,800,0,Posted
23-09-2024,01.12102.000.0000.000.3706008.00000.000,eHIS,HIS_SETTLEMENT,NSK-OCS-471308 HIS_SETTLEMENT 3358005YT7JQCWYLTG43,500178455,Journal Import 2591676:,//SETTLEMENT,2,,,,,900,0,Posted
23-09-2024,01.12102.000.0000.000.3706008.00000.000,eHIS,HIS_SETTLEMENT,NSK-OCS-471309 HIS_SETTLEMENT 3358005YT7JQCWYLTG43,500178394,Journal Import 2591676:,//SETTLEMENT,2,,,,,1000,0,Posted
23-09-2024,01.12102.000.0000.000.3706008.00000.000,eHIS,HIS_SETTLEMENT,NSK-OCS-471310 HIS_SETTLEMENT 3358005YT7JQCWYLTG43,500178209,Journal Import 2591676:,//SETTLEMENT,2,,,,,650,0,Posted
23-09-2024,01.12102.000.0000.000.3706008.00000.000,eHIS,HIS_SETTLEMENT,NSK-OCS-471311 HIS_SETTLEMENT 3358005YT7JQCWYLTG43,500178521,Journal Import 2591676:,//SETTLEMENT,2,,,,,1850,0,Posted
23-09-2024,01.12102.000.0000.000.3706008.00000.000,eHIS,HIS_SETTLEMENT,NSK-OCS-471312 HIS_SETTLEMENT 3358005YT7JQCWYLTG43,500178295,Journal Import 2591676:,//SETTLEMENT,2,,,,,6550,0,Posted
23-09-2024,01.12102.000.0000.000.3706008.00000.000,eHIS,HIS_SETTLEMENT,NSK-OCS-471313 HIS_SETTLEMENT 3358005YT7JQCWYLTG43,500178028,Journal Import 2591676:,//SETTLEMENT,2,,,,,800,0,Posted
23-09-2024,01.12102.000.0000.000.3706008.00000.000,eHIS,HIS_SETTLEMENT,NSK-OCS-471314 HIS_SETTLEMENT 3358005YT7JQCWYLTG43,500178303,Journal Import 2591676:,//SETTLEMENT,2,,,,,500,0,Posted
23-09-2024,01.12102.000.0000.000.3706008.00000.000,eHIS,HIS_SETTLEMENT,NSK-OCS-471315 HIS_SETTLEMENT 3358005YT7JQCWYLTG43,500178502,Journal Import 2591676:,//SETTLEMENT,2,,,,,1100,0,Posted
23-09-2024,01.12102.000.0000.000.3706008.00000.000,eHIS,HIS_SETTLEMENT,NSK-OCS-471316 HIS_SETTLEMENT 3358005YT7JQCWYLTG43,500178029,Journal Import 2591676:,//SETTLEMENT,2,,,,,800,0,Posted
24-09-2024,01.12102.000.0000.000.3706008.00000.000,eHIS,HIS_SETTLEMENT,NSK-OCS-471317 HIS_SETTLEMENT 3358005YT7JQCWYLTG43,500178603,Journal Import 2599930:,//SETTLEMENT,2,,,,,4000,0,Posted
23-09-2024,01.12102.000.0000.000.3706008.00000.000,eHIS,HIS_SETTLEMENT,NSK-OCS-471318 HIS_SETTLEMENT 3358005YT7JQCWYLTG43,500178462,Journal Import 2591676:,//SETTLEMENT,2,,,,,2770,0,Posted
23-09-2024,01.12102.000.0000.000.3706008.00000.000,eHIS,HIS_SETTLEMENT,NSK-OCS-471319 HIS_SETTLEMENT 3358005YT7JQCWYLTG43,500177842,Journal Import 2591676:,//SETTLEMENT,2,,,,,2300,0,Posted
23-09-2024,01.12102.000.0000.000.3706008.00000.000,eHIS,HIS_SETTLEMENT,NSK-OCS-471320 HIS_SETTLEMENT 3358005YT7JQCWYLTG43,500178304,Journal Import 2591676:,//SETTLEMENT,2,,,,,500,0,Posted
23-09-2024,01.12102.000.0000.000.3706008.00000.000,eHIS,HIS_SETTLEMENT,NSK-OCS-471321 HIS_SETTLEMENT 3358005YT7JQCWYLTG43,500177831,Journal Import 2591676:,//SETTLEMENT,3,,,,,300,0,Posted
23-09-2024,01.12102.000.0000.000.3706008.00000.000,eHIS,HIS_SETTLEMENT,NSK-OCS-471321 HIS_SETTLEMENT 3358005YT7JQCWYLTG43,500177831,Journal Import 2591676:,//SETTLEMENT,4,,,,,1000,0,Posted
23-09-2024,01.12102.000.0000.000.3706008.00000.000,eHIS,HIS_SETTLEMENT,NSK-OCS-471322 HIS_SETTLEMENT 3358005YT7JQCWYLTG43,500178322,Journal Import 2591676:,//SETTLEMENT,2,,,,,3900,0,Posted
23-09-2024,01.12102.000.0000.000.3706008.00000.000,eHIS,HIS_SETTLEMENT,NSK-OCS-471323 HIS_SETTLEMENT 3358005YT7JQCWYLTG43,500177868,Journal Import 2591676:,//SETTLEMENT,2,,,,,250,0,Posted
24-09-2024,01.12102.000.0000.000.3706008.00000.000,eHIS,HIS_SETTLEMENT,NSK-OCS-471324 HIS_SETTLEMENT 3358005YT7JQCWYLTG43,500178610,Journal Import 2599930:,//SETTLEMENT,2,,,,,350,0,Posted
23-09-2024,01.12102.000.0000.000.3706008.00000.000,eHIS,HIS_SETTLEMENT,NSK-OCS-471325 HIS_SETTLEMENT 3358005YT7JQCWYLTG43,500178503,Journal Import 2591676:,//SETTLEMENT,2,,,,,1100,0,Posted
23-09-2024,01.12102.000.0000.000.3706008.00000.000,eHIS,HIS_SETTLEMENT,NSK-OCS-471326 HIS_SETTLEMENT 3358005YT7JQCWYLTG43,500178395,Journal Import 2591676:,//SETTLEMENT,2,,,,,1000,0,Posted
23-09-2024,01.12102.000.0000.000.3706008.00000.000,eHIS,HIS_SETTLEMENT,NSK-OCS-471327 HIS_SETTLEMENT 3358005YT7JQCWYLTG43,500178030,Journal Import 2591676:,//SETTLEMENT,2,,,,,800,0,Posted
23-09-2024,01.12102.000.0000.000.3706008.00000.000,eHIS,HIS_SETTLEMENT,NSK-OCS-471328 HIS_SETTLEMENT 3358005YT7JQCWYLTG43,500178445,Journal Import 2591676:,//SETTLEMENT,2,,,,,400,0,Posted
23-09-2024,01.12102.000.0000.000.3706008.00000.000,eHIS,HIS_SETTLEMENT,NSK-OCS-471329 HIS_SETTLEMENT 3358005YT7JQCWYLTG43,500178031,Journal Import 2591676:,//SETTLEMENT,2,,,,,800,0,Posted
23-09-2024,01.12102.000.0000.000.3706008.00000.000,eHIS,HIS_SETTLEMENT,NSK-OCS-471330 HIS_SETTLEMENT 3358005YT7JQCWYLTG43,500177957,Journal Import 2591676:,//SETTLEMENT,2,,,,,1850,0,Posted
23-09-2024,01.12102.000.0000.000.3706008.00000.000,eHIS,HIS_SETTLEMENT,NSK-OCS-471331 HIS_SETTLEMENT 3358005YT7JQCWYLTG43,500178456,Journal Import 2591676:,//SETTLEMENT,2,,,,,900,0,Posted
23-09-2024,01.12102.000.0000.000.3706008.00000.000,eHIS,HIS_SETTLEMENT,NSK-OCS-471332 HIS_SETTLEMENT 3358005YT7JQCWYLTG43,500178305,Journal Import 2591676:,//SETTLEMENT,2,,,,,500,0,Posted
23-09-2024,01.12102.000.0000.000.3706008.00000.000,eHIS,HIS_SETTLEMENT,NSK-OCS-471333 HIS_SETTLEMENT 3358005YT7JQCWYLTG43,500178213,Journal Import 2591676:,//SETTLEMENT,2,,,,,9900,0,Posted
23-09-2024,01.12102.000.0000.000.3706008.00000.000,eHIS,HIS_SETTLEMENT,NSK-OCS-471334 HIS_SETTLEMENT 3358005YT7JQCWYLTG43,500178306,Journal Import 2591676:,//SETTLEMENT,2,,,,,500,0,Posted
23-09-2024,01.12102.000.0000.000.3706008.00000.000,eHIS,HIS_SETTLEMENT,NSK-OCS-471335 HIS_SETTLEMENT 3358005YT7JQCWYLTG43,500178307,Journal Import 2591676:,//SETTLEMENT,2,,,,,500,0,Posted
23-09-2024,01.12102.000.0000.000.3706008.00000.000,eHIS,HIS_SETTLEMENT,NSK-OCS-471336 HIS_SETTLEMENT 3358005YT7JQCWYLTG43,500178193,Journal Import 2591676:,//SETTLEMENT,2,,,,,1200,0,Posted
23-09-2024,01.12102.000.0000.000.3706008.00000.000,eHIS,HIS_SETTLEMENT,NSK-OCS-471337 HIS_SETTLEMENT 3358005YT7JQCWYLTG43,500177958,Journal Import 2591676:,//SETTLEMENT,2,,,,,1850,0,Posted
23-09-2024,01.12102.000.0000.000.3706008.00000.000,eHIS,HIS_SETTLEMENT,NSK-OCS-471338 HIS_SETTLEMENT 3358005YT7JQCWYLTG43,500178260,Journal Import 2591676:,//SETTLEMENT,2,,,,,5900,0,Posted
23-09-2024,01.12102.000.0000.000.3706008.00000.000,eHIS,HIS_SETTLEMENT,NSK-OCS-471339 HIS_SETTLEMENT 3358005YT7JQCWYLTG43,500178504,Journal Import 2591676:,//SETTLEMENT,2,,,,,1100,0,Posted
23-09-2024,01.12102.000.0000.000.3706008.00000.000,eHIS,HIS_SETTLEMENT,NSK-OCS-471340 HIS_SETTLEMENT 3358005YT7JQCWYLTG43,500178293,Journal Import 2591676:,//SETTLEMENT,2,,,,,1125,0,Posted
23-09-2024,01.12102.000.0000.000.3706008.00000.000,eHIS,HIS_SETTLEMENT,NSK-OCS-471341 HIS_SETTLEMENT 3358005YT7JQCWYLTG43,500178099,Journal Import 2591676:,//SETTLEMENT,2,,,,,1845,0,Posted
23-09-2024,01.12102.000.0000.000.3706008.00000.000,eHIS,HIS_SETTLEMENT,NSK-OCS-471342 HIS_SETTLEMENT 3358005YT7JQCWYLTG43,500178210,Journal Import 2591676:,//SETTLEMENT,2,,,,,650,0,Posted
23-09-2024,01.12102.000.0000.000.3706008.00000.000,eHIS,HIS_SETTLEMENT,NSK-OCS-471343 HIS_SETTLEMENT 3358005YT7JQCWYLTG43,500178446,Journal Import 2591676:,//SETTLEMENT,2,,,,,400,0,Posted
23-09-2024,01.12102.000.0000.000.3706008.00000.000,eHIS,HIS_SETTLEMENT,NSK-OCS-471344 HIS_SETTLEMENT 3358005YT7JQCWYLTG43,500178308,Journal Import 2591676:,//SETTLEMENT,2,,,,,500,0,Posted
23-09-2024,01.12102.000.0000.000.3706008.00000.000,eHIS,HIS_SETTLEMENT,NSK-OCS-471345 HIS_SETTLEMENT 3358005YT7JQCWYLTG43,500178294,Journal Import 2591676:,//SETTLEMENT,2,,,,,6390,0,Posted
23-09-2024,01.12102.000.0000.000.3706008.00000.000,eHIS,HIS_SETTLEMENT,NSK-OCS-471346 HIS_SETTLEMENT 3358005YT7JQCWYLTG43,500178350,Journal Import 2591676:,//SETTLEMENT,2,,,,,1080,0,Posted
23-09-2024,01.12102.000.0000.000.3706008.00000.000,eHIS,HIS_SETTLEMENT,NSK-OCS-471347 HIS_SETTLEMENT 3358005YT7JQCWYLTG43,500178512,Journal Import 2591676:,//SETTLEMENT,2,,,,,665,0,Posted
23-09-2024,01.12102.000.0000.000.3706008.00000.000,eHIS,HIS_SETTLEMENT,NSK-OCS-471348 HIS_SETTLEMENT 3358005YT7JQCWYLTG43,500178061,Journal Import 2591676:,//SETTLEMENT,2,,,,,750,0,Posted
23-09-2024,01.12102.000.0000.000.3706008.00000.000,eHIS,HIS_SETTLEMENT,NSK-OCS-471349 HIS_SETTLEMENT 3358005YT7JQCWYLTG43,500178032,Journal Import 2591676:,//SETTLEMENT,2,,,,,800,0,Posted
23-09-2024,01.12102.000.0000.000.3706008.00000.000,eHIS,HIS_SETTLEMENT,NSK-OCS-471350 HIS_SETTLEMENT 3358005YT7JQCWYLTG43,500178457,Journal Import 2591676:,//SETTLEMENT,2,,,,,900,0,Posted
23-09-2024,01.12102.000.0000.000.3706008.00000.000,eHIS,HIS_SETTLEMENT,NSK-OCS-471351 HIS_SETTLEMENT 3358005YT7JQCWYLTG43,500177869,Journal Import 2591676:,//SETTLEMENT,2,,,,,250,0,Posted
23-09-2024,01.12102.000.0000.000.3706008.00000.000,eHIS,HIS_SETTLEMENT,NSK-OCS-471352 HIS_SETTLEMENT 3358005YT7JQCWYLTG43,500177832,Journal Import 2591676:,//SETTLEMENT,2,,,,,350,0,Posted
23-09-2024,01.12102.000.0000.000.3706008.00000.000,eHIS,HIS_SETTLEMENT,NSK-OCS-471353 HIS_SETTLEMENT 3358005YT7JQCWYLTG43,500178066,Journal Import 2591676:,//SETTLEMENT,2,,,,,1400,0,Posted
23-09-2024,01.12102.000.0000.000.3706008.00000.000,eHIS,HIS_SETTLEMENT,NSK-OCS-471354 HIS_SETTLEMENT 3358005YT7JQCWYLTG43,500178505,Journal Import 2591676:,//SETTLEMENT,2,,,,,1100,0,Posted
23-09-2024,01.12102.000.0000.000.3706008.00000.000,eHIS,HIS_SETTLEMENT,NSK-OCS-471355 HIS_SETTLEMENT 3358005YT7JQCWYLTG43,500178309,Journal Import 2591676:,//SETTLEMENT,2,,,,,500,0,Posted
23-09-2024,01.12102.000.0000.000.3706008.00000.000,eHIS,HIS_SETTLEMENT,NSK-OCS-471356 HIS_SETTLEMENT 3358005YT7JQCWYLTG43,500178096,Journal Import 2591676:,//SETTLEMENT,2,,,,,1500,0,Posted
23-09-2024,01.12102.000.0000.000.3706008.00000.000,eHIS,HIS_SETTLEMENT,NSK-OCS-471357 HIS_SETTLEMENT 3358005YT7JQCWYLTG43,500178461,Journal Import 2591676:,//SETTLEMENT,3,,,,,2700,0,Posted
23-09-2024,01.12102.000.0000.000.3706008.00000.000,eHIS,HIS_SETTLEMENT,NSK-OCS-471357 HIS_SETTLEMENT 3358005YT7JQCWYLTG43,500178461,Journal Import 2591676:,//SETTLEMENT,4,,,,,3000,0,Posted
23-09-2024,01.12102.000.0000.000.3706008.00000.000,eHIS,HIS_SETTLEMENT,NSK-OCS-471358 HIS_SETTLEMENT 3358005YT7JQCWYLTG43,500178033,Journal Import 2591676:,//SETTLEMENT,2,,,,,800,0,Posted
23-09-2024,01.12102.000.0000.000.3706008.00000.000,eHIS,HIS_SETTLEMENT,NSK-OCS-471359 HIS_SETTLEMENT 3358005YT7JQCWYLTG43,500177870,Journal Import 2591676:,//SETTLEMENT,2,,,,,250,0,Posted
23-09-2024,01.12102.000.0000.000.3706008.00000.000,eHIS,HIS_SETTLEMENT,NSK-OCS-471360 HIS_SETTLEMENT 3358005YT7JQCWYLTG43,500178062,Journal Import 2591676:,//SETTLEMENT,2,,,,,750,0,Posted
23-09-2024,01.12102.000.0000.000.3706008.00000.000,eHIS,HIS_SETTLEMENT,NSK-OCS-471361 HIS_SETTLEMENT 3358005YT7JQCWYLTG43,500177959,Journal Import 2591676:,//SETTLEMENT,2,,,,,1850,0,Posted
23-09-2024,01.12102.000.0000.000.3706008.00000.000,eHIS,HIS_SETTLEMENT,NSK-OCS-471362 HIS_SETTLEMENT 3358005YT7JQCWYLTG43,500178194,Journal Import 2591676:,//SETTLEMENT,2,,,,,1200,0,Posted
23-09-2024,01.12102.000.0000.000.3706008.00000.000,eHIS,HIS_SETTLEMENT,NSK-OCS-471363 HIS_SETTLEMENT 3358005YT7JQCWYLTG43,500177833,Journal Import 2591676:,//SETTLEMENT,2,,,,,350,0,Posted
23-09-2024,01.12102.000.0000.000.3706008.00000.000,eHIS,HIS_SETTLEMENT,NSK-OCS-471364 HIS_SETTLEMENT 3358005YT7JQCWYLTG43,500178063,Journal Import 2591676:,//SETTLEMENT,2,,,,,750,0,Posted
23-09-2024,01.12102.000.0000.000.3706008.00000.000,eHIS,HIS_SETTLEMENT,NSK-OCS-471365 HIS_SETTLEMENT 3358005YT7JQCWYLTG43,500178396,Journal Import 2591676:,//SETTLEMENT,2,,,,,1000,0,Posted
23-09-2024,01.12102.000.0000.000.3706008.00000.000,eHIS,HIS_SETTLEMENT,NSK-OCS-471366 HIS_SETTLEMENT 3358005YT7JQCWYLTG43,500178506,Journal Import 2591676:,//SETTLEMENT,2,,,,,1100,0,Posted
23-09-2024,01.12102.000.0000.000.3706008.00000.000,eHIS,HIS_SETTLEMENT,NSK-OCS-471367 HIS_SETTLEMENT 3358005YT7JQCWYLTG43,500178507,Journal Import 2591676:,//SETTLEMENT,2,,,,,1100,0,Posted
23-09-2024,01.12102.000.0000.000.3706008.00000.000,eHIS,HIS_SETTLEMENT,NSK-OCS-471368 HIS_SETTLEMENT 3358005YT7JQCWYLTG43,500178518,Journal Import 2591676:,//SETTLEMENT,2,,,,,1210,0,Posted
24-09-2024,01.12102.000.0000.000.3706008.00000.000,eHIS,HIS_SETTLEMENT,NSK-OCS-471369 HIS_SETTLEMENT 3358005YT7JQCWYLTG43,500178599,Journal Import 2599930:,//SETTLEMENT,2,,,,,350,0,Posted
23-09-2024,01.12102.000.0000.000.3706008.00000.000,eHIS,HIS_SETTLEMENT,NSK-OCS-471370 HIS_SETTLEMENT 3358005YT7JQCWYLTG43,500178450,Journal Import 2591676:,//SETTLEMENT,2,,,,,410,0,Posted
23-09-2024,01.12102.000.0000.000.3706008.00000.000,eHIS,HIS_SETTLEMENT,NSK-OCS-471371 HIS_SETTLEMENT 3358005YT7JQCWYLTG43,500178034,Journal Import 2591676:,//SETTLEMENT,2,,,,,800,0,Posted
23-09-2024,01.12102.000.0000.000.3706008.00000.000,eHIS,HIS_SETTLEMENT,NSK-OCS-471372 HIS_SETTLEMENT 3358005YT7JQCWYLTG43,500178035,Journal Import 2591676:,//SETTLEMENT,2,,,,,800,0,Posted
23-09-2024,01.12102.000.0000.000.3706008.00000.000,eHIS,HIS_SETTLEMENT,NSK-OCS-471373 HIS_SETTLEMENT 3358005YT7JQCWYLTG43,500178310,Journal Import 2591676:,//SETTLEMENT,2,,,,,500,0,Posted
23-09-2024,01.12102.000.0000.000.3706008.00000.000,eHIS,HIS_SETTLEMENT,NSK-OCS-471374 HIS_SETTLEMENT 3358005YT7JQCWYLTG43,500178131,Journal Import 2591676:,//SETTLEMENT,2,,,,,1300,0,Posted
23-09-2024,01.12102.000.0000.000.3706008.00000.000,eHIS,HIS_SETTLEMENT,NSK-OCS-471375 HIS_SETTLEMENT 3358005YT7JQCWYLTG43,500178132,Journal Import 2591676:,//SETTLEMENT,2,,,,,1300,0,Posted
23-09-2024,01.12102.000.0000.000.3706008.00000.000,eHIS,HIS_SETTLEMENT,NSK-OCS-471376 HIS_SETTLEMENT 3358005YT7JQCWYLTG43,500178458,Journal Import 2591676:,//SETTLEMENT,2,,,,,900,0,Posted
23-09-2024,01.12102.000.0000.000.3706008.00000.000,eHIS,HIS_SETTLEMENT,NSK-OCS-471377 HIS_SETTLEMENT 3358005YT7JQCWYLTG43,500178016,Journal Import 2591676:,//SETTLEMENT,2,,,,,200,0,Posted
23-09-2024,01.12102.000.0000.000.3706008.00000.000,eHIS,HIS_SETTLEMENT,NSK-OCS-471378 HIS_SETTLEMENT 3358005YT7JQCWYLTG43,500178055,Journal Import 2591676:,//SETTLEMENT,2,,,,,100,0,Posted
23-09-2024,01.12102.000.0000.000.3706008.00000.000,eHIS,HIS_SETTLEMENT,NSK-OCS-471379 HIS_SETTLEMENT 3358005YT7JQCWYLTG43,500178311,Journal Import 2591676:,//SETTLEMENT,2,,,,,500,0,Posted
23-09-2024,01.12102.000.0000.000.3706008.00000.000,eHIS,HIS_SETTLEMENT,NSK-OCS-471380 HIS_SETTLEMENT 3358005YT7JQCWYLTG43,500178036,Journal Import 2591676:,//SETTLEMENT,2,,,,,800,0,Posted
23-09-2024,01.12102.000.0000.000.3706008.00000.000,eHIS,HIS_SETTLEMENT,NSK-OCS-471381 HIS_SETTLEMENT 3358005YT7JQCWYLTG43,500178037,Journal Import 2591676:,//SETTLEMENT,2,,,,,800,0,Posted
23-09-2024,01.12102.000.0000.000.3706008.00000.000,eHIS,HIS_SETTLEMENT,NSK-OCS-471382 HIS_SETTLEMENT 3358005YT7JQCWYLTG43,500178038,Journal Import 2591676:,//SETTLEMENT,2,,,,,800,0,Posted
23-09-2024,01.12102.000.0000.000.3706008.00000.000,eHIS,HIS_SETTLEMENT,NSK-OCS-471383 HIS_SETTLEMENT 3358005YT7JQCWYLTG43,500177951,Journal Import 2591676:,//SETTLEMENT,2,,,,,800,0,Posted
23-09-2024,01.12102.000.0000.000.3706008.00000.000,eHIS,HIS_SETTLEMENT,NSK-OCS-471384 HIS_SETTLEMENT 3358005YT7JQCWYLTG43,500178312,Journal Import 2591676:,//SETTLEMENT,2,,,,,500,0,Posted
23-09-2024,01.12102.000.0000.000.3706008.00000.000,eHIS,HIS_SETTLEMENT,NSK-OCS-471385 HIS_SETTLEMENT 3358005YT7JQCWYLTG43,500177871,Journal Import 2591676:,//SETTLEMENT,2,,,,,299,0,Posted
23-09-2024,01.12102.000.0000.000.3706008.00000.000,eHIS,HIS_SETTLEMENT,NSK-OCS-471386 HIS_SETTLEMENT 3358005YT7JQCWYLTG43,500178133,Journal Import 2591676:,//SETTLEMENT,2,,,,,1300,0,Posted
23-09-2024,01.12102.000.0000.000.3706008.00000.000,eHIS,HIS_SETTLEMENT,NSK-OCS-471387 HIS_SETTLEMENT 3358005YT7JQCWYLTG43,500178313,Journal Import 2591676:,//SETTLEMENT,2,,,,,500,0,Posted
24-09-2024,01.12102.000.0000.000.3706008.00000.000,eHIS,HIS_SETTLEMENT,NSK-OCS-471388 HIS_SETTLEMENT 3358005YT7JQCWYLTG43,500178601,Journal Import 2599930:,//SETTLEMENT,2,,,,,450,0,Posted
23-09-2024,01.12102.000.0000.000.3706008.00000.000,eHIS,HIS_SETTLEMENT,NSK-OCS-471389 HIS_SETTLEMENT 3358005YT7JQCWYLTG43,500178397,Journal Import 2591676:,//SETTLEMENT,2,,,,,1000,0,Posted
23-09-2024,01.12102.000.0000.000.3706008.00000.000,eHIS,HIS_SETTLEMENT,NSK-OCS-471390 HIS_SETTLEMENT 3358005YT7JQCWYLTG43,500177872,Journal Import 2591676:,//SETTLEMENT,2,,,,,299,0,Posted
23-09-2024,01.12102.000.0000.000.3706008.00000.000,eHIS,HIS_SETTLEMENT,NSK-OCS-471391 HIS_SETTLEMENT 3358005YT7JQCWYLTG43,500178353,Journal Import 2591676:,//SETTLEMENT,2,,,,,4900,0,Posted
23-09-2024,01.12102.000.0000.000.3706008.00000.000,eHIS,HIS_SETTLEMENT,NSK-OCS-471392 HIS_SETTLEMENT 3358005YT7JQCWYLTG43,500177830,Journal Import 2591676:,//SETTLEMENT,2,,,,,299,0,Posted
23-09-2024,01.12102.000.0000.000.3706008.00000.000,eHIS,HIS_SETTLEMENT,NSK-OCS-471393 HIS_SETTLEMENT 3358005YT7JQCWYLTG43,500178515,Journal Import 2591676:,//SETTLEMENT,2,,,,,700,0,Posted
23-09-2024,01.12102.000.0000.000.3706008.00000.000,eHIS,HIS_SETTLEMENT,NSK-OCS-471394 HIS_SETTLEMENT 3358005YT7JQCWYLTG43,500178508,Journal Import 2591676:,//SETTLEMENT,2,,,,,1100,0,Posted
23-09-2024,01.12102.000.0000.000.3706008.00000.000,eHIS,HIS_SETTLEMENT,NSK-OCS-471395 HIS_SETTLEMENT 3358005YT7JQCWYLTG43,500178509,Journal Import 2591676:,//SETTLEMENT,2,,,,,1100,0,Posted
23-09-2024,01.12102.000.0000.000.3706008.00000.000,eHIS,HIS_SETTLEMENT,NSK-OCS-471396 HIS_SETTLEMENT 3358005YT7JQCWYLTG43,500178314,Journal Import 2591676:,//SETTLEMENT,2,,,,,500,0,Posted
23-09-2024,01.12102.000.0000.000.3706008.00000.000,eHIS,HIS_SETTLEMENT,NSK-OCS-471397 HIS_SETTLEMENT 3358005YT7JQCWYLTG43,500178315,Journal Import 2591676:,//SETTLEMENT,2,,,,,500,0,Posted
23-09-2024,01.12102.000.0000.000.3706008.00000.000,eHIS,HIS_SETTLEMENT,NSK-OCS-471398 HIS_SETTLEMENT 3358005YT7JQCWYLTG43,500177952,Journal Import 2591676:,//SETTLEMENT,2,,,,,800,0,Posted
23-09-2024,01.12102.000.0000.000.3706008.00000.000,eHIS,HIS_SETTLEMENT,NSK-OCS-471399 HIS_SETTLEMENT 3358005YT7JQCWYLTG43,500178056,Journal Import 2591676:,//SETTLEMENT,2,,,,,100,0,Posted
23-09-2024,01.12102.000.0000.000.3706008.00000.000,eHIS,HIS_SETTLEMENT,NSK-OCS-471400 HIS_SETTLEMENT 3358005YT7JQCWYLTG43,500178316,Journal Import 2591676:,//SETTLEMENT,2,,,,,500,0,Posted
23-09-2024,01.12102.000.0000.000.3706008.00000.000,eHIS,HIS_SETTLEMENT,NSK-OCS-471401 HIS_SETTLEMENT 3358005YT7JQCWYLTG43,500178097,Journal Import 2591676:,//SETTLEMENT,2,,,,,1650,0,Posted
23-09-2024,01.12102.000.0000.000.3706008.00000.000,eHIS,HIS_SETTLEMENT,NSK-OCS-471402 HIS_SETTLEMENT 3358005YT7JQCWYLTG43,500178317,Journal Import 2591676:,//SETTLEMENT,2,,,,,500,0,Posted
23-09-2024,01.12102.000.0000.000.3706008.00000.000,eHIS,HIS_SETTLEMENT,NSK-OCS-471403 HIS_SETTLEMENT 3358005YT7JQCWYLTG43,500178064,Journal Import 2591676:,//SETTLEMENT,2,,,,,750,0,Posted
23-09-2024,01.12102.000.0000.000.3706008.00000.000,eHIS,HIS_SETTLEMENT,NSK-OCS-471404 HIS_SETTLEMENT 3358005YT7JQCWYLTG43,500178318,Journal Import 2591676:,//SETTLEMENT,2,,,,,500,0,Posted
23-09-2024,01.12102.000.0000.000.3706008.00000.000,eHIS,HIS_SETTLEMENT,NSK-OCS-471405 HIS_SETTLEMENT 3358005YT7JQCWYLTG43,500178516,Journal Import 2591676:,//SETTLEMENT,2,,,,,700,0,Posted
23-09-2024,01.12102.000.0000.000.3706008.00000.000,eHIS,HIS_SETTLEMENT,NSK-OCS-471407 HIS_SETTLEMENT 3358005YT7JQCWYLTG43,500177953,Journal Import 2591676:,//SETTLEMENT,2,,,,,800,0,Posted
23-09-2024,01.12102.000.0000.000.3706008.00000.000,eHIS,HIS_SETTLEMENT,NSK-OCS-471408 HIS_SETTLEMENT 3358005YT7JQCWYLTG43,500178135,Journal Import 2591676:,//SETTLEMENT,2,,,,,15100,0,Posted
23-09-2024,01.12102.000.0000.000.3706008.00000.000,eHIS,HIS_SETTLEMENT,NSK-OCS-471409 HIS_SETTLEMENT 3358005YT7JQCWYLTG43,500177960,Journal Import 2591676:,//SETTLEMENT,2,,,,,1850,0,Posted
23-09-2024,01.12102.000.0000.000.3706008.00000.000,eHIS,HIS_SETTLEMENT,NSK-OCS-471410 HIS_SETTLEMENT 3358005YT7JQCWYLTG43,500178447,Journal Import 2591676:,//SETTLEMENT,2,,,,,400,0,Posted
23-09-2024,01.12102.000.0000.000.3706008.00000.000,eHIS,HIS_SETTLEMENT,NSK-OCS-471411 HIS_SETTLEMENT 3358005YT7JQCWYLTG43,500178488,Journal Import 2591676:,//SETTLEMENT,2,,,,,3300,0,Posted
23-09-2024,01.12102.000.0000.000.3706008.00000.000,eHIS,HIS_SETTLEMENT,NSK-OCS-471412 HIS_SETTLEMENT 3358005YT7JQCWYLTG43,500178098,Journal Import 2591676:,//SETTLEMENT,2,,,,,1800,0,Posted
23-09-2024,01.12102.000.0000.000.3706008.00000.000,eHIS,HIS_SETTLEMENT,NSK-OCS-471413 HIS_SETTLEMENT 3358005YT7JQCWYLTG43,500177961,Journal Import 2591676:,//SETTLEMENT,2,,,,,1850,0,Posted
23-09-2024,01.12102.000.0000.000.3706008.00000.000,eHIS,HIS_SETTLEMENT,NSK-OCS-471414 HIS_SETTLEMENT 3358005YT7JQCWYLTG43,500178448,Journal Import 2591676:,//SETTLEMENT,2,,,,,400,0,Posted
23-09-2024,01.12102.000.0000.000.3706008.00000.000,eHIS,HIS_SETTLEMENT,NSK-OCS-471415 HIS_SETTLEMENT 3358005YT7JQCWYLTG43,500178192,Journal Import 2591676:,//SETTLEMENT,2,,,,,600,0,Posted
23-09-2024,01.12102.000.0000.000.3706008.00000.000,eHIS,HIS_SETTLEMENT,NSK-OCS-471416 HIS_SETTLEMENT 3358005YT7JQCWYLTG43,500178346,Journal Import 2591676:,//SETTLEMENT,2,,,,,500,0,Posted
23-09-2024,01.12102.000.0000.000.3706008.00000.000,eHIS,HIS_SETTLEMENT,NSK-OCS-471417 HIS_SETTLEMENT 3358005YT7JQCWYLTG43,500178017,Journal Import 2591676:,//SETTLEMENT,2,,,,,200,0,Posted
24-09-2024,01.12102.000.0000.000.3706008.00000.000,eHIS,HIS_SETTLEMENT,NSK-OCS-471418 HIS_SETTLEMENT 3358005YT7JQCWYLTG43,500178600,Journal Import 2599930:,//SETTLEMENT,2,,,,,350,0,Posted
23-09-2024,01.12102.000.0000.000.3706008.00000.000,eHIS,HIS_SETTLEMENT,NSK-OCS-471419 HIS_SETTLEMENT 3358005YT7JQCWYLTG43,500178510,Journal Import 2591676:,//SETTLEMENT,2,,,,,1100,0,Posted
23-09-2024,01.12102.000.0000.000.3706008.00000.000,eHIS,HIS_SETTLEMENT,NSK-OCS-471420 HIS_SETTLEMENT 3358005YT7JQCWYLTG43,500178324,Journal Import 2591676:,//SETTLEMENT,2,,,,,4200,0,Posted
23-09-2024,01.12102.000.0000.000.3706008.00000.000,eHIS,HIS_SETTLEMENT,NSK-OCS-471421 HIS_SETTLEMENT 3358005YT7JQCWYLTG43,500177954,Journal Import 2591676:,//SETTLEMENT,2,,,,,800,0,Posted
23-09-2024,01.12102.000.0000.000.3706008.00000.000,eHIS,HIS_SETTLEMENT,NSK-OCS-471422 HIS_SETTLEMENT 3358005YT7JQCWYLTG43,500177843,Journal Import 2591676:,//SETTLEMENT,2,,,,,2300,0,Posted
23-09-2024,01.12102.000.0000.000.3706008.00000.000,eHIS,HIS_SETTLEMENT,NSK-OCS-471423 HIS_SETTLEMENT 3358005YT7JQCWYLTG43,500178403,Journal Import 2591676:,//SETTLEMENT,2,,,,,3500,0,Posted
23-09-2024,01.12102.000.0000.000.3706008.00000.000,eHIS,HIS_SETTLEMENT,NSK-OCS-471424 HIS_SETTLEMENT 3358005YT7JQCWYLTG43,500178398,Journal Import 2591676:,//SETTLEMENT,2,,,,,1000,0,Posted
23-09-2024,01.12102.000.0000.000.3706008.00000.000,eHIS,HIS_SETTLEMENT,NSK-OCS-471425 HIS_SETTLEMENT 3358005YT7JQCWYLTG43,500178057,Journal Import 2591676:,//SETTLEMENT,2,,,,,100,0,Posted
23-09-2024,01.12102.000.0000.000.3706008.00000.000,eHIS,HIS_SETTLEMENT,NSK-OCS-471426 HIS_SETTLEMENT 3358005YT7JQCWYLTG43,500177955,Journal Import 2591676:,//SETTLEMENT,2,,,,,800,0,Posted
23-09-2024,01.12102.000.0000.000.3706008.00000.000,eHIS,HIS_SETTLEMENT,NSK-OCS-471427 HIS_SETTLEMENT 3358005YT7JQCWYLTG43,500177962,Journal Import 2591676:,//SETTLEMENT,2,,,,,1850,0,Posted
23-09-2024,01.12102.000.0000.000.3706008.00000.000,eHIS,HIS_SETTLEMENT,NSK-OCS-471428 HIS_SETTLEMENT 3358005YT7JQCWYLTG43,500178259,Journal Import 2591676:,//SETTLEMENT,2,,,,,5200,0,Posted
23-09-2024,01.12102.000.0000.000.3706008.00000.000,eHIS,HIS_SETTLEMENT,NSK-OCS-471429 HIS_SETTLEMENT 3358005YT7JQCWYLTG43,500177956,Journal Import 2591676:,//SETTLEMENT,2,,,,,800,0,Posted
23-09-2024,01.12102.000.0000.000.3706008.00000.000,eHIS,HIS_SETTLEMENT,NSK-OCS-471430 HIS_SETTLEMENT 3358005YT7JQCWYLTG43,500178319,Journal Import 2591676:,//SETTLEMENT,2,,,,,1000,0,Posted
23-09-2024,01.12102.000.0000.000.3706008.00000.000,eHIS,HIS_SETTLEMENT,NSK-OCS-471431 HIS_SETTLEMENT 3358005YT7JQCWYLTG43,500178018,Journal Import 2591676:,//SETTLEMENT,2,,,,,200,0,Posted
23-09-2024,01.12102.000.0000.000.3706008.00000.000,eHIS,HIS_SETTLEMENT,NSK-OCS-471432 HIS_SETTLEMENT 3358005YT7JQCWYLTG43,500178347,Journal Import 2591676:,//SETTLEMENT,2,,,,,500,0,Posted
23-09-2024,01.12102.000.0000.000.3706008.00000.000,eHIS,HIS_SETTLEMENT,NSK-OCS-471433 HIS_SETTLEMENT 3358005YT7JQCWYLTG43,500178019,Journal Import 2591676:,//SETTLEMENT,2,,,,,200,0,Posted
23-09-2024,01.12102.000.0000.000.3706008.00000.000,eHIS,HIS_SETTLEMENT,NSK-OCS-471434 HIS_SETTLEMENT 3358005YT7JQCWYLTG43,500177834,Journal Import 2591676:,//SETTLEMENT,2,,,,,375,0,Posted
23-09-2024,01.12102.000.0000.000.3706008.00000.000,eHIS,HIS_SETTLEMENT,NSK-OCS-471435 HIS_SETTLEMENT 3358005YT7JQCWYLTG43,500178348,Journal Import 2591676:,//SETTLEMENT,2,,,,,500,0,Posted
23-09-2024,01.12102.000.0000.000.3706008.00000.000,eHIS,HIS_SETTLEMENT,NSK-OCS-471436 HIS_SETTLEMENT 3358005YT7JQCWYLTG43,500178321,Journal Import 2591676:,//SETTLEMENT,2,,,,,3820,0,Posted
23-09-2024,01.12102.000.0000.000.3706008.00000.000,eHIS,HIS_SETTLEMENT,NSK-OCS-471437 HIS_SETTLEMENT 3358005YT7JQCWYLTG43,500178449,Journal Import 2591676:,//SETTLEMENT,2,,,,,400,0,Posted
23-09-2024,01.12102.000.0000.000.3706008.00000.000,eHIS,HIS_SETTLEMENT,NSK-OCS-471438 HIS_SETTLEMENT 3358005YT7JQCWYLTG43,500178320,Journal Import 2591676:,//SETTLEMENT,2,,,,,1000,0,Posted
23-09-2024,01.12102.000.0000.000.3706008.00000.000,eHIS,HIS_SETTLEMENT,NSK-OCS-471439 HIS_SETTLEMENT 3358005YT7JQCWYLTG43,500178349,Journal Import 2591676:,//SETTLEMENT,2,,,,,500,0,Posted
23-09-2024,01.12102.000.0000.000.3706008.00000.000,eHIS,HIS_SETTLEMENT,NSK-OCS-471440 HIS_SETTLEMENT 3358005YT7JQCWYLTG43,500178211,Journal Import 2591676:,//SETTLEMENT,2,,,,,650,0,Posted
23-09-2024,01.12102.000.0000.000.3706008.00000.000,eHIS,HIS_SETTLEMENT,NSK-OCS-471441 HIS_SETTLEMENT 3358005YT7JQCWYLTG43,500178058,Journal Import 2591676:,//SETTLEMENT,2,,,,,100,0,Posted
23-09-2024,01.12102.000.0000.000.3706008.00000.000,eHIS,HIS_SETTLEMENT,NSK-OCS-471442 HIS_SETTLEMENT 3358005YT7JQCWYLTG43,500178189,Journal Import 2591676:,//SETTLEMENT,2,,,,,550,0,Posted
23-09-2024,01.12102.000.0000.000.3706008.00000.000,eHIS,HIS_SETTLEMENT,NSK-OCS-471443 HIS_SETTLEMENT 3358005YT7JQCWYLTG43,500178207,Journal Import 2591676:,//SETTLEMENT,3,,,,,25,0,Posted
23-09-2024,01.12102.000.0000.000.3706008.00000.000,eHIS,HIS_SETTLEMENT,NSK-OCS-471443 HIS_SETTLEMENT 3358005YT7JQCWYLTG43,500178207,Journal Import 2591676:,//SETTLEMENT,4,,,,,175,0,Posted
23-09-2024,01.12102.000.0000.000.3706008.00000.000,eHIS,HIS_SETTLEMENT,NSK-OCS-471444 HIS_SETTLEMENT 3358005YT7JQCWYLTG43,500177835,Journal Import 2591676:,//SETTLEMENT,2,,,,,2100,0,Posted
23-09-2024,01.12102.000.0000.000.3706008.00000.000,eHIS,HIS_SETTLEMENT,NSK-OCS-471445 HIS_SETTLEMENT 3358005YT7JQCWYLTG43,500178059,Journal Import 2591676:,//SETTLEMENT,2,,,,,100,0,Posted
23-09-2024,01.12102.000.0000.000.3706008.00000.000,eHIS,HIS_SETTLEMENT,NSK-OCS-471446 HIS_SETTLEMENT 3358005YT7JQCWYLTG43,500178134,Journal Import 2591676:,//SETTLEMENT,2,,,,,1300,0,Posted
23-09-2024,01.12102.000.0000.000.3706008.00000.000,eHIS,HIS_SETTLEMENT,NSK-OCS-471447 HIS_SETTLEMENT 3358005YT7JQCWYLTG43,500177963,Journal Import 2591676:,//SETTLEMENT,2,,,,,1850,0,Posted
23-09-2024,01.12102.000.0000.000.3706008.00000.000,eHIS,HIS_SETTLEMENT,NSK-OCS-471448 HIS_SETTLEMENT 3358005YT7JQCWYLTG43,500178060,Journal Import 2591676:,//SETTLEMENT,2,,,,,100,0,Posted
24-09-2024,01.12102.000.0000.000.3706008.00000.000,eHIS,HIS_SETTLEMENT,NSK-OCS-471449 HIS_SETTLEMENT 3358005YT7JQCWYLTG43,500178627,Journal Import 2591676:,//SETTLEMENT,2,,,,,1850,0,Posted
24-09-2024,01.12102.000.0000.000.3706008.00000.000,eHIS,HIS_SETTLEMENT,NSK-OCS-471450 HIS_SETTLEMENT 3358005YT7JQCWYLTG43,500178592,Journal Import 2591676:,//SETTLEMENT,2,,,,,2000,0,Posted
24-09-2024,01.12102.000.0000.000.3706008.00000.000,eHIS,HIS_SETTLEMENT,NSK-OCS-471451 HIS_SETTLEMENT 3358005YT7JQCWYLTG43,500178703,Journal Import 2591676:,//SETTLEMENT,2,,,,,200,0,Posted
24-09-2024,01.12102.000.0000.000.3706008.00000.000,eHIS,HIS_SETTLEMENT,NSK-OCS-471452 HIS_SETTLEMENT 3358005YT7JQCWYLTG43,500178742,Journal Import 2591676:,//SETTLEMENT,2,,,,,200,0,Posted
24-09-2024,01.12102.000.0000.000.3706008.00000.000,eHIS,HIS_SETTLEMENT,NSK-OCS-471453 HIS_SETTLEMENT 3358005YT7JQCWYLTG43,500179207,Journal Import 2591676:,//SETTLEMENT,2,,,,,1250,0,Posted
24-09-2024,01.12102.000.0000.000.3706008.00000.000,eHIS,HIS_SETTLEMENT,NSK-OCS-471454 HIS_SETTLEMENT 3358005YT7JQCWYLTG43,500178617,Journal Import 2591676:,//SETTLEMENT,2,,,,,800,0,Posted
24-09-2024,01.12102.000.0000.000.3706008.00000.000,eHIS,HIS_SETTLEMENT,NSK-OCS-471455 HIS_SETTLEMENT 3358005YT7JQCWYLTG43,500179025,Journal Import 2591676:,//SETTLEMENT,2,,,,,500,0,Posted
24-09-2024,01.12102.000.0000.000.3706008.00000.000,eHIS,HIS_SETTLEMENT,NSK-OCS-471456 HIS_SETTLEMENT 3358005YT7JQCWYLTG43,500178927,Journal Import 2591676:,//SETTLEMENT,2,,,,,10000,0,Posted
24-09-2024,01.12102.000.0000.000.3706008.00000.000,eHIS,HIS_SETTLEMENT,NSK-OCS-471457 HIS_SETTLEMENT 3358005YT7JQCWYLTG43,500178750,Journal Import 2591676:,//SETTLEMENT,2,,,,,100,0,Posted
24-09-2024,01.12102.000.0000.000.3706008.00000.000,eHIS,HIS_SETTLEMENT,NSK-OCS-471458 HIS_SETTLEMENT 3358005YT7JQCWYLTG43,500178751,Journal Import 2591676:,//SETTLEMENT,2,,,,,100,0,Posted
24-09-2024,01.12102.000.0000.000.3706008.00000.000,eHIS,HIS_SETTLEMENT,NSK-OCS-471459 HIS_SETTLEMENT 3358005YT7JQCWYLTG43,500178628,Journal Import 2591676:,//SETTLEMENT,2,,,,,1850,0,Posted
24-09-2024,01.12102.000.0000.000.3706008.00000.000,eHIS,HIS_SETTLEMENT,NSK-OCS-471460 HIS_SETTLEMENT 3358005YT7JQCWYLTG43,500178629,Journal Import 2591676:,//SETTLEMENT,2,,,,,1850,0,Posted
24-09-2024,01.12102.000.0000.000.3706008.00000.000,eHIS,HIS_SETTLEMENT,NSK-OCS-471493 HIS_SETTLEMENT 3358005YT7JQCWYLTG43,500178752,Journal Import 2591676:,//SETTLEMENT,2,,,,,100,0,Posted
24-09-2024,01.12102.000.0000.000.3706008.00000.000,eHIS,HIS_SETTLEMENT,NSK-OCS-471494 HIS_SETTLEMENT 3358005YT7JQCWYLTG43,500178827,Journal Import 2591676:,//SETTLEMENT,2,,,,,1300,0,Posted
25-09-2024,01.12102.000.0000.000.3706008.00000.000,eHIS,HIS_SETTLEMENT,NSK-OCS-471495 HIS_SETTLEMENT 3358005YT7JQCWYLTG43,500179307,Journal Import 2599930:,//SETTLEMENT,2,,,,,304,0,Posted
24-09-2024,01.12102.000.0000.000.3706008.00000.000,eHIS,HIS_SETTLEMENT,NSK-OCS-471496 HIS_SETTLEMENT 3358005YT7JQCWYLTG43,500178630,Journal Import 2591676:,//SETTLEMENT,2,,,,,1850,0,Posted
25-09-2024,01.12102.000.0000.000.3706008.00000.000,eHIS,HIS_SETTLEMENT,NSK-OCS-471498 HIS_SETTLEMENT 3358005YT7JQCWYLTG43,500179295,Journal Import 2599930:,//SETTLEMENT,2,,,,,2700,0,Posted
24-09-2024,01.12102.000.0000.000.3706008.00000.000,eHIS,HIS_SETTLEMENT,NSK-OCS-471499 HIS_SETTLEMENT 3358005YT7JQCWYLTG43,500178917,Journal Import 2591676:,//SETTLEMENT,2,,,,,630,0,Posted
24-09-2024,01.12102.000.0000.000.3706008.00000.000,eHIS,HIS_SETTLEMENT,NSK-OCS-471500 HIS_SETTLEMENT 3358005YT7JQCWYLTG43,500178834,Journal Import 2591676:,//SETTLEMENT,2,,,,,14800,0,Posted
24-09-2024,01.12102.000.0000.000.3706008.00000.000,eHIS,HIS_SETTLEMENT,NSK-OCS-471501 HIS_SETTLEMENT 3358005YT7JQCWYLTG43,500178944,Journal Import 2591676:,//SETTLEMENT,2,,,,,5488,0,Posted
24-09-2024,01.12102.000.0000.000.3706008.00000.000,eHIS,HIS_SETTLEMENT,NSK-OCS-471503 HIS_SETTLEMENT 3358005YT7JQCWYLTG43,500179026,Journal Import 2591676:,//SETTLEMENT,2,,,,,500,0,Posted
24-09-2024,01.12102.000.0000.000.3706008.00000.000,eHIS,HIS_SETTLEMENT,NSK-OCS-471504 HIS_SETTLEMENT 3358005YT7JQCWYLTG43,500179072,Journal Import 2591676:,//SETTLEMENT,2,,,,,2730,0,Posted
24-09-2024,01.12102.000.0000.000.3706008.00000.000,eHIS,HIS_SETTLEMENT,NSK-OCS-471505 HIS_SETTLEMENT 3358005YT7JQCWYLTG43,500179009,Journal Import 2591676:,//SETTLEMENT,2,,,,,3700,0,Posted
24-09-2024,01.12102.000.0000.000.3706008.00000.000,eHIS,HIS_SETTLEMENT,NSK-OCS-471506 HIS_SETTLEMENT 3358005YT7JQCWYLTG43,500179027,Journal Import 2591676:,//SETTLEMENT,3,,,,,500,0,Posted
24-09-2024,01.12102.000.0000.000.3706008.00000.000,eHIS,HIS_SETTLEMENT,NSK-OCS-471506 HIS_SETTLEMENT 3358005YT7JQCWYLTG43,500179027,Journal Import 2591676:,//SETTLEMENT,4,,,,,500,0,Posted
24-09-2024,01.12102.000.0000.000.3706008.00000.000,eHIS,HIS_SETTLEMENT,NSK-OCS-471507 HIS_SETTLEMENT 3358005YT7JQCWYLTG43,500178915,Journal Import 2591676:,//SETTLEMENT,3,,,,,80,0,Posted
24-09-2024,01.12102.000.0000.000.3706008.00000.000,eHIS,HIS_SETTLEMENT,NSK-OCS-471507 HIS_SETTLEMENT 3358005YT7JQCWYLTG43,500178915,Journal Import 2591676:,//SETTLEMENT,4,,,,,1400,0,Posted
24-09-2024,01.12102.000.0000.000.3706008.00000.000,eHIS,HIS_SETTLEMENT,NSK-OCS-471508 HIS_SETTLEMENT 3358005YT7JQCWYLTG43,500178873,Journal Import 2591676:,//SETTLEMENT,2,,,,,600,0,Posted
24-09-2024,01.12102.000.0000.000.3706008.00000.000,eHIS,HIS_SETTLEMENT,NSK-OCS-471509 HIS_SETTLEMENT 3358005YT7JQCWYLTG43,500178753,Journal Import 2591676:,//SETTLEMENT,2,,,,,100,0,Posted
24-09-2024,01.12102.000.0000.000.3706008.00000.000,eHIS,HIS_SETTLEMENT,NSK-OCS-471510 HIS_SETTLEMENT 3358005YT7JQCWYLTG43,500178972,Journal Import 2591676:,//SETTLEMENT,2,,,,,7080,0,Posted
24-09-2024,01.12102.000.0000.000.3706008.00000.000,eHIS,HIS_SETTLEMENT,NSK-OCS-471511 HIS_SETTLEMENT 3358005YT7JQCWYLTG43,500178833,Journal Import 2591676:,//SETTLEMENT,2,,,,,13410,0,Posted
24-09-2024,01.12102.000.0000.000.3706008.00000.000,eHIS,HIS_SETTLEMENT,NSK-OCS-471512 HIS_SETTLEMENT 3358005YT7JQCWYLTG43,500178588,Journal Import 2591676:,//SETTLEMENT,2,,,,,350,0,Posted
24-09-2024,01.12102.000.0000.000.3706008.00000.000,eHIS,HIS_SETTLEMENT,NSK-OCS-471513 HIS_SETTLEMENT 3358005YT7JQCWYLTG43,500178882,Journal Import 2591676:,//SETTLEMENT,2,,,,,8754,0,Posted
24-09-2024,01.12102.000.0000.000.3706008.00000.000,eHIS,HIS_SETTLEMENT,NSK-OCS-471514 HIS_SETTLEMENT 3358005YT7JQCWYLTG43,500178883,Journal Import 2591676:,//SETTLEMENT,2,,,,,8754,0,Posted
24-09-2024,01.12102.000.0000.000.3706008.00000.000,eHIS,HIS_SETTLEMENT,NSK-OCS-471515 HIS_SETTLEMENT 3358005YT7JQCWYLTG43,500178667,Journal Import 2591676:,//SETTLEMENT,2,,,,,250,0,Posted
24-09-2024,01.12102.000.0000.000.3706008.00000.000,eHIS,HIS_SETTLEMENT,NSK-OCS-471516 HIS_SETTLEMENT 3358005YT7JQCWYLTG43,500179070,Journal Import 2591676:,//SETTLEMENT,2,,,,,2500,0,Posted
25-09-2024,01.12102.000.0000.000.3706008.00000.000,eHIS,HIS_SETTLEMENT,NSK-OCS-471516 HIS_SETTLEMENT 3358005YT7JQCWYLTG43,500179306,Journal Import 2599930:,//SETTLEMENT,2,,,,,158,0,Posted
24-09-2024,01.12102.000.0000.000.3706008.00000.000,eHIS,HIS_SETTLEMENT,NSK-OCS-471517 HIS_SETTLEMENT 3358005YT7JQCWYLTG43,500178884,Journal Import 2591676:,//SETTLEMENT,2,,,,,8754,0,Posted
24-09-2024,01.12102.000.0000.000.3706008.00000.000,eHIS,HIS_SETTLEMENT,NSK-OCS-471518 HIS_SETTLEMENT 3358005YT7JQCWYLTG43,500178878,Journal Import 2591676:,//SETTLEMENT,2,,,,,1200,0,Posted
24-09-2024,01.12102.000.0000.000.3706008.00000.000,eHIS,HIS_SETTLEMENT,NSK-OCS-471519 HIS_SETTLEMENT 3358005YT7JQCWYLTG43,500178885,Journal Import 2591676:,//SETTLEMENT,2,,,,,8754,0,Posted
24-09-2024,01.12102.000.0000.000.3706008.00000.000,eHIS,HIS_SETTLEMENT,NSK-OCS-471520 HIS_SETTLEMENT 3358005YT7JQCWYLTG43,500178886,Journal Import 2591676:,//SETTLEMENT,2,,,,,8754,0,Posted
24-09-2024,01.12102.000.0000.000.3706008.00000.000,eHIS,HIS_SETTLEMENT,NSK-OCS-471521 HIS_SETTLEMENT 3358005YT7JQCWYLTG43,500178702,Journal Import 2591676:,//SETTLEMENT,2,,,,,104,0,Posted
24-09-2024,01.12102.000.0000.000.3706008.00000.000,eHIS,HIS_SETTLEMENT,NSK-OCS-471522 HIS_SETTLEMENT 3358005YT7JQCWYLTG43,500178887,Journal Import 2591676:,//SETTLEMENT,2,,,,,8754,0,Posted
24-09-2024,01.12102.000.0000.000.3706008.00000.000,eHIS,HIS_SETTLEMENT,NSK-OCS-471523 HIS_SETTLEMENT 3358005YT7JQCWYLTG43,500178888,Journal Import 2591676:,//SETTLEMENT,2,,,,,8754,0,Posted
24-09-2024,01.12102.000.0000.000.3706008.00000.000,eHIS,HIS_SETTLEMENT,NSK-OCS-471524 HIS_SETTLEMENT 3358005YT7JQCWYLTG43,500178889,Journal Import 2591676:,//SETTLEMENT,2,,,,,8754,0,Posted
24-09-2024,01.12102.000.0000.000.3706008.00000.000,eHIS,HIS_SETTLEMENT,NSK-OCS-471525 HIS_SETTLEMENT 3358005YT7JQCWYLTG43,500178668,Journal Import 2591676:,//SETTLEMENT,2,,,,,250,0,Posted
24-09-2024,01.12102.000.0000.000.3706008.00000.000,eHIS,HIS_SETTLEMENT,NSK-OCS-471526 HIS_SETTLEMENT 3358005YT7JQCWYLTG43,500178591,Journal Import 2591676:,//SETTLEMENT,2,,,,,375,0,Posted
24-09-2024,01.12102.000.0000.000.3706008.00000.000,eHIS,HIS_SETTLEMENT,NSK-OCS-471527 HIS_SETTLEMENT 3358005YT7JQCWYLTG43,500178890,Journal Import 2591676:,//SETTLEMENT,2,,,,,8754,0,Posted
24-09-2024,01.12102.000.0000.000.3706008.00000.000,eHIS,HIS_SETTLEMENT,NSK-OCS-471528 HIS_SETTLEMENT 3358005YT7JQCWYLTG43,500178669,Journal Import 2591676:,//SETTLEMENT,2,,,,,250,0,Posted
24-09-2024,01.12102.000.0000.000.3706008.00000.000,eHIS,HIS_SETTLEMENT,NSK-OCS-471529 HIS_SETTLEMENT 3358005YT7JQCWYLTG43,500178919,Journal Import 2591676:,//SETTLEMENT,2,,,,,650,0,Posted
24-09-2024,01.12102.000.0000.000.3706008.00000.000,eHIS,HIS_SETTLEMENT,NSK-OCS-471530 HIS_SETTLEMENT 3358005YT7JQCWYLTG43,500178879,Journal Import 2591676:,//SETTLEMENT,2,,,,,1200,0,Posted
24-09-2024,01.12102.000.0000.000.3706008.00000.000,eHIS,HIS_SETTLEMENT,NSK-OCS-471531 HIS_SETTLEMENT 3358005YT7JQCWYLTG43,500178618,Journal Import 2591676:,//SETTLEMENT,2,,,,,800,0,Posted
24-09-2024,01.12102.000.0000.000.3706008.00000.000,eHIS,HIS_SETTLEMENT,NSK-OCS-471532 HIS_SETTLEMENT 3358005YT7JQCWYLTG43,500178670,Journal Import 2591676:,//SETTLEMENT,2,,,,,250,0,Posted
24-09-2024,01.12102.000.0000.000.3706008.00000.000,eHIS,HIS_SETTLEMENT,NSK-OCS-471533 HIS_SETTLEMENT 3358005YT7JQCWYLTG43,500179109,Journal Import 2591676:,//SETTLEMENT,2,,,,,3500,0,Posted
24-09-2024,01.12102.000.0000.000.3706008.00000.000,eHIS,HIS_SETTLEMENT,NSK-OCS-471534 HIS_SETTLEMENT 3358005YT7JQCWYLTG43,500179185,Journal Import 2591676:,//SETTLEMENT,2,,,,,900,0,Posted
24-09-2024,01.12102.000.0000.000.3706008.00000.000,eHIS,HIS_SETTLEMENT,NSK-OCS-471535 HIS_SETTLEMENT 3358005YT7JQCWYLTG43,500178912,Journal Import 2591676:,//SETTLEMENT,3,,,,,50,0,Posted
24-09-2024,01.12102.000.0000.000.3706008.00000.000,eHIS,HIS_SETTLEMENT,NSK-OCS-471535 HIS_SETTLEMENT 3358005YT7JQCWYLTG43,500178912,Journal Import 2591676:,//SETTLEMENT,4,,,,,1800,0,Posted
24-09-2024,01.12102.000.0000.000.3706008.00000.000,eHIS,HIS_SETTLEMENT,NSK-OCS-471536 HIS_SETTLEMENT 3358005YT7JQCWYLTG43,500179203,Journal Import 2591676:,//SETTLEMENT,2,,,,,1100,0,Posted
24-09-2024,01.12102.000.0000.000.3706008.00000.000,eHIS,HIS_SETTLEMENT,NSK-OCS-471537 HIS_SETTLEMENT 3358005YT7JQCWYLTG43,500178799,Journal Import 2591676:,//SETTLEMENT,2,,,,,1700,0,Posted
24-09-2024,01.12102.000.0000.000.3706008.00000.000,eHIS,HIS_SETTLEMENT,NSK-OCS-471538 HIS_SETTLEMENT 3358005YT7JQCWYLTG43,500178671,Journal Import 2591676:,//SETTLEMENT,2,,,,,250,0,Posted
24-09-2024,01.12102.000.0000.000.3706008.00000.000,eHIS,HIS_SETTLEMENT,NSK-OCS-471539 HIS_SETTLEMENT 3358005YT7JQCWYLTG43,500179186,Journal Import 2591676:,//SETTLEMENT,2,,,,,900,0,Posted
25-09-2024,01.12102.000.0000.000.3706008.00000.000,eHIS,HIS_SETTLEMENT,NSK-OCS-471540 HIS_SETTLEMENT 3358005YT7JQCWYLTG43,500179292,Journal Import 2599930:,//SETTLEMENT,2,,,,,750,0,Posted
24-09-2024,01.12102.000.0000.000.3706008.00000.000,eHIS,HIS_SETTLEMENT,NSK-OCS-471541 HIS_SETTLEMENT 3358005YT7JQCWYLTG43,500178754,Journal Import 2591676:,//SETTLEMENT,2,,,,,100,0,Posted
24-09-2024,01.12102.000.0000.000.3706008.00000.000,eHIS,HIS_SETTLEMENT,NSK-OCS-471542 HIS_SETTLEMENT 3358005YT7JQCWYLTG43,500178619,Journal Import 2591676:,//SETTLEMENT,2,,,,,800,0,Posted
24-09-2024,01.12102.000.0000.000.3706008.00000.000,eHIS,HIS_SETTLEMENT,NSK-OCS-471543 HIS_SETTLEMENT 3358005YT7JQCWYLTG43,500178672,Journal Import 2591676:,//SETTLEMENT,2,,,,,250,0,Posted
24-09-2024,01.12102.000.0000.000.3706008.00000.000,eHIS,HIS_SETTLEMENT,NSK-OCS-471544 HIS_SETTLEMENT 3358005YT7JQCWYLTG43,500178631,Journal Import 2591676:,//SETTLEMENT,2,,,,,1850,0,Posted
24-09-2024,01.12102.000.0000.000.3706008.00000.000,eHIS,HIS_SETTLEMENT,NSK-OCS-471545 HIS_SETTLEMENT 3358005YT7JQCWYLTG43,500179187,Journal Import 2591676:,//SETTLEMENT,2,,,,,900,0,Posted
24-09-2024,01.12102.000.0000.000.3706008.00000.000,eHIS,HIS_SETTLEMENT,NSK-OCS-471546 HIS_SETTLEMENT 3358005YT7JQCWYLTG43,500179188,Journal Import 2591676:,//SETTLEMENT,2,,,,,900,0,Posted
24-09-2024,01.12102.000.0000.000.3706008.00000.000,eHIS,HIS_SETTLEMENT,NSK-OCS-471547 HIS_SETTLEMENT 3358005YT7JQCWYLTG43,500178743,Journal Import 2591676:,//SETTLEMENT,2,,,,,200,0,Posted
24-09-2024,01.12102.000.0000.000.3706008.00000.000,eHIS,HIS_SETTLEMENT,NSK-OCS-471548 HIS_SETTLEMENT 3358005YT7JQCWYLTG43,500178797,Journal Import 2591676:,//SETTLEMENT,2,,,,,1520,0,Posted
24-09-2024,01.12102.000.0000.000.3706008.00000.000,eHIS,HIS_SETTLEMENT,NSK-OCS-471549 HIS_SETTLEMENT 3358005YT7JQCWYLTG43,500179189,Journal Import 2591676:,//SETTLEMENT,2,,,,,900,0,Posted
24-09-2024,01.12102.000.0000.000.3706008.00000.000,eHIS,HIS_SETTLEMENT,NSK-OCS-471550 HIS_SETTLEMENT 3358005YT7JQCWYLTG43,500179028,Journal Import 2591676:,//SETTLEMENT,2,,,,,500,0,Posted
25-09-2024,01.12102.000.0000.000.3706008.00000.000,eHIS,HIS_SETTLEMENT,NSK-OCS-471551 HIS_SETTLEMENT 3358005YT7JQCWYLTG43,500179296,Journal Import 2599930:,//SETTLEMENT,2,,,,,4048,0,Posted
24-09-2024,01.12102.000.0000.000.3706008.00000.000,eHIS,HIS_SETTLEMENT,NSK-OCS-471552 HIS_SETTLEMENT 3358005YT7JQCWYLTG43,500178967,Journal Import 2591676:,//SETTLEMENT,2,,,,,1100,0,Posted
24-09-2024,01.12102.000.0000.000.3706008.00000.000,eHIS,HIS_SETTLEMENT,NSK-OCS-471553 HIS_SETTLEMENT 3358005YT7JQCWYLTG43,500179190,Journal Import 2591676:,//SETTLEMENT,2,,,,,900,0,Posted
24-09-2024,01.12102.000.0000.000.3706008.00000.000,eHIS,HIS_SETTLEMENT,NSK-OCS-471554 HIS_SETTLEMENT 3358005YT7JQCWYLTG43,500179004,Journal Import 2591676:,//SETTLEMENT,2,,,,,1000,0,Posted
25-09-2024,01.12102.000.0000.000.3706008.00000.000,eHIS,HIS_SETTLEMENT,NSK-OCS-471555 HIS_SETTLEMENT 3358005YT7JQCWYLTG43,500179294,Journal Import 2599930:,//SETTLEMENT,2,,,,,900,0,Posted
24-09-2024,01.12102.000.0000.000.3706008.00000.000,eHIS,HIS_SETTLEMENT,NSK-OCS-471556 HIS_SETTLEMENT 3358005YT7JQCWYLTG43,500178744,Journal Import 2591676:,//SETTLEMENT,2,,,,,200,0,Posted
24-09-2024,01.12102.000.0000.000.3706008.00000.000,eHIS,HIS_SETTLEMENT,NSK-OCS-471557 HIS_SETTLEMENT 3358005YT7JQCWYLTG43,500178755,Journal Import 2591676:,//SETTLEMENT,2,,,,,100,0,Posted
24-09-2024,01.12102.000.0000.000.3706008.00000.000,eHIS,HIS_SETTLEMENT,NSK-OCS-471558 HIS_SETTLEMENT 3358005YT7JQCWYLTG43,500179191,Journal Import 2591676:,//SETTLEMENT,2,,,,,900,0,Posted
24-09-2024,01.12102.000.0000.000.3706008.00000.000,eHIS,HIS_SETTLEMENT,NSK-OCS-471559 HIS_SETTLEMENT 3358005YT7JQCWYLTG43,500178756,Journal Import 2591676:,//SETTLEMENT,2,,,,,750,0,Posted
24-09-2024,01.12102.000.0000.000.3706008.00000.000,eHIS,HIS_SETTLEMENT,NSK-OCS-471560 HIS_SETTLEMENT 3358005YT7JQCWYLTG43,500179029,Journal Import 2591676:,//SETTLEMENT,2,,,,,500,0,Posted
24-09-2024,01.12102.000.0000.000.3706008.00000.000,eHIS,HIS_SETTLEMENT,NSK-OCS-471561 HIS_SETTLEMENT 3358005YT7JQCWYLTG43,500178620,Journal Import 2591676:,//SETTLEMENT,2,,,,,800,0,Posted
24-09-2024,01.12102.000.0000.000.3706008.00000.000,eHIS,HIS_SETTLEMENT,NSK-OCS-471562 HIS_SETTLEMENT 3358005YT7JQCWYLTG43,500178593,Journal Import 2591676:,//SETTLEMENT,3,,,,,2000,0,Posted
24-09-2024,01.12102.000.0000.000.3706008.00000.000,eHIS,HIS_SETTLEMENT,NSK-OCS-471562 HIS_SETTLEMENT 3358005YT7JQCWYLTG43,500178593,Journal Import 2591676:,//SETTLEMENT,4,,,,,2500,0,Posted
24-09-2024,01.12102.000.0000.000.3706008.00000.000,eHIS,HIS_SETTLEMENT,NSK-OCS-471563 HIS_SETTLEMENT 3358005YT7JQCWYLTG43,500178673,Journal Import 2591676:,//SETTLEMENT,2,,,,,250,0,Posted
24-09-2024,01.12102.000.0000.000.3706008.00000.000,eHIS,HIS_SETTLEMENT,NSK-OCS-471564 HIS_SETTLEMENT 3358005YT7JQCWYLTG43,500178757,Journal Import 2591676:,//SETTLEMENT,2,,,,,750,0,Posted
24-09-2024,01.12102.000.0000.000.3706008.00000.000,eHIS,HIS_SETTLEMENT,NSK-OCS-471565 HIS_SETTLEMENT 3358005YT7JQCWYLTG43,500178621,Journal Import 2591676:,//SETTLEMENT,2,,,,,800,0,Posted
24-09-2024,01.12102.000.0000.000.3706008.00000.000,eHIS,HIS_SETTLEMENT,NSK-OCS-471566 HIS_SETTLEMENT 3358005YT7JQCWYLTG43,500179030,Journal Import 2591676:,//SETTLEMENT,2,,,,,500,0,Posted
24-09-2024,01.12102.000.0000.000.3706008.00000.000,eHIS,HIS_SETTLEMENT,NSK-OCS-471567 HIS_SETTLEMENT 3358005YT7JQCWYLTG43,500179005,Journal Import 2591676:,//SETTLEMENT,2,,,,,1000,0,Posted
24-09-2024,01.12102.000.0000.000.3706008.00000.000,eHIS,HIS_SETTLEMENT,NSK-OCS-471568 HIS_SETTLEMENT 3358005YT7JQCWYLTG43,500178828,Journal Import 2591676:,//SETTLEMENT,2,,,,,1300,0,Posted
24-09-2024,01.12102.000.0000.000.3706008.00000.000,eHIS,HIS_SETTLEMENT,NSK-OCS-471569 HIS_SETTLEMENT 3358005YT7JQCWYLTG43,500178968,Journal Import 2591676:,//SETTLEMENT,2,,,,,1100,0,Posted
24-09-2024,01.12102.000.0000.000.3706008.00000.000,eHIS,HIS_SETTLEMENT,NSK-OCS-471570 HIS_SETTLEMENT 3358005YT7JQCWYLTG43,500179031,Journal Import 2591676:,//SETTLEMENT,2,,,,,500,0,Posted
24-09-2024,01.12102.000.0000.000.3706008.00000.000,eHIS,HIS_SETTLEMENT,NSK-OCS-471571 HIS_SETTLEMENT 3358005YT7JQCWYLTG43,500178622,Journal Import 2591676:,//SETTLEMENT,2,,,,,800,0,Posted
24-09-2024,01.12102.000.0000.000.3706008.00000.000,eHIS,HIS_SETTLEMENT,NSK-OCS-471572 HIS_SETTLEMENT 3358005YT7JQCWYLTG43,500179032,Journal Import 2591676:,//SETTLEMENT,2,,,,,500,0,Posted
24-09-2024,01.12102.000.0000.000.3706008.00000.000,eHIS,HIS_SETTLEMENT,NSK-OCS-471573 HIS_SETTLEMENT 3358005YT7JQCWYLTG43,500179033,Journal Import 2591676:,//SETTLEMENT,2,,,,,500,0,Posted
24-09-2024,01.12102.000.0000.000.3706008.00000.000,eHIS,HIS_SETTLEMENT,NSK-OCS-471574 HIS_SETTLEMENT 3358005YT7JQCWYLTG43,500179205,Journal Import 2591676:,//SETTLEMENT,2,,,,,700,0,Posted
24-09-2024,01.12102.000.0000.000.3706008.00000.000,eHIS,HIS_SETTLEMENT,NSK-OCS-471575 HIS_SETTLEMENT 3358005YT7JQCWYLTG43,500179183,Journal Import 2591676:,//SETTLEMENT,2,,,,,400,0,Posted
24-09-2024,01.12102.000.0000.000.3706008.00000.000,eHIS,HIS_SETTLEMENT,NSK-OCS-471576 HIS_SETTLEMENT 3358005YT7JQCWYLTG43,500178880,Journal Import 2591676:,//SETTLEMENT,2,,,,,1200,0,Posted
24-09-2024,01.12102.000.0000.000.3706008.00000.000,eHIS,HIS_SETTLEMENT,NSK-OCS-471577 HIS_SETTLEMENT 3358005YT7JQCWYLTG43,500179034,Journal Import 2591676:,//SETTLEMENT,2,,,,,500,0,Posted
24-09-2024,01.12102.000.0000.000.3706008.00000.000,eHIS,HIS_SETTLEMENT,NSK-OCS-471578 HIS_SETTLEMENT 3358005YT7JQCWYLTG43,500179110,Journal Import 2591676:,//SETTLEMENT,2,,,,,3500,0,Posted
24-09-2024,01.12102.000.0000.000.3706008.00000.000,eHIS,HIS_SETTLEMENT,NSK-OCS-471579 HIS_SETTLEMENT 3358005YT7JQCWYLTG43,500178758,Journal Import 2591676:,//SETTLEMENT,2,,,,,750,0,Posted
24-09-2024,01.12102.000.0000.000.3706008.00000.000,eHIS,HIS_SETTLEMENT,NSK-OCS-471580 HIS_SETTLEMENT 3358005YT7JQCWYLTG43,500178881,Journal Import 2591676:,//SETTLEMENT,2,,,,,1200,0,Posted
24-09-2024,01.12102.000.0000.000.3706008.00000.000,eHIS,HIS_SETTLEMENT,NSK-OCS-471581 HIS_SETTLEMENT 3358005YT7JQCWYLTG43,500178792,Journal Import 2591676:,//SETTLEMENT,2,,,,,100,0,Posted
24-09-2024,01.12102.000.0000.000.3706008.00000.000,eHIS,HIS_SETTLEMENT,NSK-OCS-471582 HIS_SETTLEMENT 3358005YT7JQCWYLTG43,500179192,Journal Import 2591676:,//SETTLEMENT,2,,,,,900,0,Posted
24-09-2024,01.12102.000.0000.000.3706008.00000.000,eHIS,HIS_SETTLEMENT,NSK-OCS-471583 HIS_SETTLEMENT 3358005YT7JQCWYLTG43,500178674,Journal Import 2591676:,//SETTLEMENT,2,,,,,250,0,Posted
24-09-2024,01.12102.000.0000.000.3706008.00000.000,eHIS,HIS_SETTLEMENT,NSK-OCS-471584 HIS_SETTLEMENT 3358005YT7JQCWYLTG43,500179035,Journal Import 2591676:,//SETTLEMENT,2,,,,,500,0,Posted
24-09-2024,01.12102.000.0000.000.3706008.00000.000,eHIS,HIS_SETTLEMENT,NSK-OCS-471585 HIS_SETTLEMENT 3358005YT7JQCWYLTG43,500178829,Journal Import 2591676:,//SETTLEMENT,2,,,,,1300,0,Posted
24-09-2024,01.12102.000.0000.000.3706008.00000.000,eHIS,HIS_SETTLEMENT,NSK-OCS-471586 HIS_SETTLEMENT 3358005YT7JQCWYLTG43,500178877,Journal Import 2591676:,//SETTLEMENT,2,,,,,620,0,Posted
24-09-2024,01.12102.000.0000.000.3706008.00000.000,eHIS,HIS_SETTLEMENT,NSK-OCS-471587 HIS_SETTLEMENT 3358005YT7JQCWYLTG43,500178587,Journal Import 2591676:,//SETTLEMENT,2,,,,,300,0,Posted
24-09-2024,01.12102.000.0000.000.3706008.00000.000,eHIS,HIS_SETTLEMENT,NSK-OCS-471588 HIS_SETTLEMENT 3358005YT7JQCWYLTG43,500178830,Journal Import 2591676:,//SETTLEMENT,2,,,,,1300,0,Posted
24-09-2024,01.12102.000.0000.000.3706008.00000.000,eHIS,HIS_SETTLEMENT,NSK-OCS-471589 HIS_SETTLEMENT 3358005YT7JQCWYLTG43,500179036,Journal Import 2591676:,//SETTLEMENT,2,,,,,500,0,Posted
24-09-2024,01.12102.000.0000.000.3706008.00000.000,eHIS,HIS_SETTLEMENT,NSK-OCS-471590 HIS_SETTLEMENT 3358005YT7JQCWYLTG43,500179037,Journal Import 2591676:,//SETTLEMENT,2,,,,,500,0,Posted
24-09-2024,01.12102.000.0000.000.3706008.00000.000,eHIS,HIS_SETTLEMENT,NSK-OCS-471591 HIS_SETTLEMENT 3358005YT7JQCWYLTG43,500179065,Journal Import 2591676:,//SETTLEMENT,2,,,,,900,0,Posted
24-09-2024,01.12102.000.0000.000.3706008.00000.000,eHIS,HIS_SETTLEMENT,NSK-OCS-471592 HIS_SETTLEMENT 3358005YT7JQCWYLTG43,500179038,Journal Import 2591676:,//SETTLEMENT,2,,,,,500,0,Posted
24-09-2024,01.12102.000.0000.000.3706008.00000.000,eHIS,HIS_SETTLEMENT,NSK-OCS-471593 HIS_SETTLEMENT 3358005YT7JQCWYLTG43,500178589,Journal Import 2591676:,//SETTLEMENT,2,,,,,350,0,Posted
24-09-2024,01.12102.000.0000.000.3706008.00000.000,eHIS,HIS_SETTLEMENT,NSK-OCS-471594 HIS_SETTLEMENT 3358005YT7JQCWYLTG43,500178623,Journal Import 2591676:,//SETTLEMENT,2,,,,,800,0,Posted
24-09-2024,01.12102.000.0000.000.3706008.00000.000,eHIS,HIS_SETTLEMENT,NSK-OCS-471595 HIS_SETTLEMENT 3358005YT7JQCWYLTG43,500178921,Journal Import 2591676:,//SETTLEMENT,2,,,,,1200,0,Posted
24-09-2024,01.12102.000.0000.000.3706008.00000.000,eHIS,HIS_SETTLEMENT,NSK-OCS-471596 HIS_SETTLEMENT 3358005YT7JQCWYLTG43,500179040,Journal Import 2591676:,//SETTLEMENT,2,,,,,4900,0,Posted
24-09-2024,01.12102.000.0000.000.3706008.00000.000,eHIS,HIS_SETTLEMENT,NSK-OCS-471597 HIS_SETTLEMENT 3358005YT7JQCWYLTG43,500178759,Journal Import 2591676:,//SETTLEMENT,2,,,,,750,0,Posted
24-09-2024,01.12102.000.0000.000.3706008.00000.000,eHIS,HIS_SETTLEMENT,NSK-OCS-471598 HIS_SETTLEMENT 3358005YT7JQCWYLTG43,500179069,Journal Import 2591676:,//SETTLEMENT,2,,,,,2400,0,Posted
24-09-2024,01.12102.000.0000.000.3706008.00000.000,eHIS,HIS_SETTLEMENT,NSK-OCS-471599 HIS_SETTLEMENT 3358005YT7JQCWYLTG43,500178760,Journal Import 2591676:,//SETTLEMENT,2,,,,,750,0,Posted
24-09-2024,01.12102.000.0000.000.3706008.00000.000,eHIS,HIS_SETTLEMENT,NSK-OCS-471600 HIS_SETTLEMENT 3358005YT7JQCWYLTG43,500179041,Journal Import 2591676:,//SETTLEMENT,2,,,,,4900,0,Posted
24-09-2024,01.12102.000.0000.000.3706008.00000.000,eHIS,HIS_SETTLEMENT,NSK-OCS-471601 HIS_SETTLEMENT 3358005YT7JQCWYLTG43,500179206,Journal Import 2591676:,//SETTLEMENT,2,,,,,700,0,Posted
24-09-2024,01.12102.000.0000.000.3706008.00000.000,eHIS,HIS_SETTLEMENT,NSK-OCS-471602 HIS_SETTLEMENT 3358005YT7JQCWYLTG43,500179066,Journal Import 2591676:,//SETTLEMENT,2,,,,,900,0,Posted
24-09-2024,01.12102.000.0000.000.3706008.00000.000,eHIS,HIS_SETTLEMENT,NSK-OCS-471603 HIS_SETTLEMENT 3358005YT7JQCWYLTG43,500179006,Journal Import 2591676:,//SETTLEMENT,2,,,,,1000,0,Posted
24-09-2024,01.12102.000.0000.000.3706008.00000.000,eHIS,HIS_SETTLEMENT,NSK-OCS-471604 HIS_SETTLEMENT 3358005YT7JQCWYLTG43,500179064,Journal Import 2591676:,//SETTLEMENT,2,,,,,500,0,Posted
24-09-2024,01.12102.000.0000.000.3706008.00000.000,eHIS,HIS_SETTLEMENT,NSK-OCS-471605 HIS_SETTLEMENT 3358005YT7JQCWYLTG43,500178624,Journal Import 2591676:,//SETTLEMENT,2,,,,,800,0,Posted
24-09-2024,01.12102.000.0000.000.3706008.00000.000,eHIS,HIS_SETTLEMENT,NSK-OCS-471606 HIS_SETTLEMENT 3358005YT7JQCWYLTG43,500179042,Journal Import 2591676:,//SETTLEMENT,2,,,,,4900,0,Posted
24-09-2024,01.12102.000.0000.000.3706008.00000.000,eHIS,HIS_SETTLEMENT,NSK-OCS-471607 HIS_SETTLEMENT 3358005YT7JQCWYLTG43,500178766,Journal Import 2591676:,//SETTLEMENT,2,,,,,1499,0,Posted
24-09-2024,01.12102.000.0000.000.3706008.00000.000,eHIS,HIS_SETTLEMENT,NSK-OCS-471608 HIS_SETTLEMENT 3358005YT7JQCWYLTG43,500178969,Journal Import 2591676:,//SETTLEMENT,2,,,,,1100,0,Posted
24-09-2024,01.12102.000.0000.000.3706008.00000.000,eHIS,HIS_SETTLEMENT,NSK-OCS-471609 HIS_SETTLEMENT 3358005YT7JQCWYLTG43,500178874,Journal Import 2591676:,//SETTLEMENT,2,,,,,600,0,Posted
24-09-2024,01.12102.000.0000.000.3706008.00000.000,eHIS,HIS_SETTLEMENT,NSK-OCS-471610 HIS_SETTLEMENT 3358005YT7JQCWYLTG43,500179184,Journal Import 2591676:,//SETTLEMENT,2,,,,,410,0,Posted
24-09-2024,01.12102.000.0000.000.3706008.00000.000,eHIS,HIS_SETTLEMENT,NSK-OCS-471611 HIS_SETTLEMENT 3358005YT7JQCWYLTG43,500178831,Journal Import 2591676:,//SETTLEMENT,2,,,,,1300,0,Posted
24-09-2024,01.12102.000.0000.000.3706008.00000.000,eHIS,HIS_SETTLEMENT,NSK-OCS-471612 HIS_SETTLEMENT 3358005YT7JQCWYLTG43,500178937,Journal Import 2591676:,//SETTLEMENT,2,,,,,500,0,Posted
24-09-2024,01.12102.000.0000.000.3706008.00000.000,eHIS,HIS_SETTLEMENT,NSK-OCS-471613 HIS_SETTLEMENT 3358005YT7JQCWYLTG43,500179007,Journal Import 2591676:,//SETTLEMENT,2,,,,,1000,0,Posted
24-09-2024,01.12102.000.0000.000.3706008.00000.000,eHIS,HIS_SETTLEMENT,NSK-OCS-471614 HIS_SETTLEMENT 3358005YT7JQCWYLTG43,500178625,Journal Import 2591676:,//SETTLEMENT,2,,,,,800,0,Posted
24-09-2024,01.12102.000.0000.000.3706008.00000.000,eHIS,HIS_SETTLEMENT,NSK-OCS-471615 HIS_SETTLEMENT 3358005YT7JQCWYLTG43,500178922,Journal Import 2591676:,//SETTLEMENT,2,,,,,1200,0,Posted
24-09-2024,01.12102.000.0000.000.3706008.00000.000,eHIS,HIS_SETTLEMENT,NSK-OCS-471616 HIS_SETTLEMENT 3358005YT7JQCWYLTG43,500178923,Journal Import 2591676:,//SETTLEMENT,2,,,,,1200,0,Posted
24-09-2024,01.12102.000.0000.000.3706008.00000.000,eHIS,HIS_SETTLEMENT,NSK-OCS-471617 HIS_SETTLEMENT 3358005YT7JQCWYLTG43,500178945,Journal Import 2591676:,//SETTLEMENT,2,,,,,5715,0,Posted
24-09-2024,01.12102.000.0000.000.3706008.00000.000,eHIS,HIS_SETTLEMENT,NSK-OCS-471618 HIS_SETTLEMENT 3358005YT7JQCWYLTG43,500178938,Journal Import 2591676:,//SETTLEMENT,2,,,,,500,0,Posted
24-09-2024,01.12102.000.0000.000.3706008.00000.000,eHIS,HIS_SETTLEMENT,NSK-OCS-471619 HIS_SETTLEMENT 3358005YT7JQCWYLTG43,500178913,Journal Import 2591676:,//SETTLEMENT,3,,,,,50,0,Posted
24-09-2024,01.12102.000.0000.000.3706008.00000.000,eHIS,HIS_SETTLEMENT,NSK-OCS-471619 HIS_SETTLEMENT 3358005YT7JQCWYLTG43,500178913,Journal Import 2591676:,//SETTLEMENT,4,,,,,1200,0,Posted
24-09-2024,01.12102.000.0000.000.3706008.00000.000,eHIS,HIS_SETTLEMENT,NSK-OCS-471620 HIS_SETTLEMENT 3358005YT7JQCWYLTG43,500178761,Journal Import 2591676:,//SETTLEMENT,2,,,,,750,0,Posted
24-09-2024,01.12102.000.0000.000.3706008.00000.000,eHIS,HIS_SETTLEMENT,NSK-OCS-471621 HIS_SETTLEMENT 3358005YT7JQCWYLTG43,500178763,Journal Import 2591676:,//SETTLEMENT,2,,,,,1400,0,Posted
24-09-2024,01.12102.000.0000.000.3706008.00000.000,eHIS,HIS_SETTLEMENT,NSK-OCS-471622 HIS_SETTLEMENT 3358005YT7JQCWYLTG43,500178939,Journal Import 2591676:,//SETTLEMENT,2,,,,,500,0,Posted
24-09-2024,01.12102.000.0000.000.3706008.00000.000,eHIS,HIS_SETTLEMENT,NSK-OCS-471623 HIS_SETTLEMENT 3358005YT7JQCWYLTG43,500178920,Journal Import 2591676:,//SETTLEMENT,2,,,,,650,0,Posted
24-09-2024,01.12102.000.0000.000.3706008.00000.000,eHIS,HIS_SETTLEMENT,NSK-OCS-471624 HIS_SETTLEMENT 3358005YT7JQCWYLTG43,500178832,Journal Import 2591676:,//SETTLEMENT,2,,,,,1300,0,Posted
24-09-2024,01.12102.000.0000.000.3706008.00000.000,eHIS,HIS_SETTLEMENT,NSK-OCS-471625 HIS_SETTLEMENT 3358005YT7JQCWYLTG43,500178940,Journal Import 2591676:,//SETTLEMENT,2,,,,,500,0,Posted
24-09-2024,01.12102.000.0000.000.3706008.00000.000,eHIS,HIS_SETTLEMENT,NSK-OCS-471626 HIS_SETTLEMENT 3358005YT7JQCWYLTG43,500179182,Journal Import 2591676:,//SETTLEMENT,2,,,,,375,0,Posted
24-09-2024,01.12102.000.0000.000.3706008.00000.000,eHIS,HIS_SETTLEMENT,NSK-OCS-471627 HIS_SETTLEMENT 3358005YT7JQCWYLTG43,500178924,Journal Import 2591676:,//SETTLEMENT,2,,,,,1200,0,Posted
24-09-2024,01.12102.000.0000.000.3706008.00000.000,eHIS,HIS_SETTLEMENT,NSK-OCS-471628 HIS_SETTLEMENT 3358005YT7JQCWYLTG43,500178590,Journal Import 2591676:,//SETTLEMENT,2,,,,,350,0,Posted
24-09-2024,01.12102.000.0000.000.3706008.00000.000,eHIS,HIS_SETTLEMENT,NSK-OCS-471629 HIS_SETTLEMENT 3358005YT7JQCWYLTG43,500178941,Journal Import 2591676:,//SETTLEMENT,2,,,,,500,0,Posted
24-09-2024,01.12102.000.0000.000.3706008.00000.000,eHIS,HIS_SETTLEMENT,NSK-OCS-471630 HIS_SETTLEMENT 3358005YT7JQCWYLTG43,500178970,Journal Import 2591676:,//SETTLEMENT,2,,,,,1100,0,Posted
25-09-2024,01.12102.000.0000.000.3706008.00000.000,eHIS,HIS_SETTLEMENT,NSK-OCS-471631 HIS_SETTLEMENT 3358005YT7JQCWYLTG43,500179293,Journal Import 2599930:,//SETTLEMENT,2,,,,,800,0,Posted
24-09-2024,01.12102.000.0000.000.3706008.00000.000,eHIS,HIS_SETTLEMENT,NSK-OCS-471632 HIS_SETTLEMENT 3358005YT7JQCWYLTG43,500178875,Journal Import 2591676:,//SETTLEMENT,2,,,,,600,0,Posted
24-09-2024,01.12102.000.0000.000.3706008.00000.000,eHIS,HIS_SETTLEMENT,NSK-OCS-471633 HIS_SETTLEMENT 3358005YT7JQCWYLTG43,500178675,Journal Import 2591676:,//SETTLEMENT,2,,,,,250,0,Posted
24-09-2024,01.12102.000.0000.000.3706008.00000.000,eHIS,HIS_SETTLEMENT,NSK-OCS-471634 HIS_SETTLEMENT 3358005YT7JQCWYLTG43,500178925,Journal Import 2591676:,//SETTLEMENT,2,,,,,1200,0,Posted
24-09-2024,01.12102.000.0000.000.3706008.00000.000,eHIS,HIS_SETTLEMENT,NSK-OCS-471635 HIS_SETTLEMENT 3358005YT7JQCWYLTG43,500179008,Journal Import 2591676:,//SETTLEMENT,2,,,,,1000,0,Posted
25-09-2024,01.12102.000.0000.000.3706008.00000.000,eHIS,HIS_SETTLEMENT,NSK-OCS-471636 HIS_SETTLEMENT 3358005YT7JQCWYLTG43,500179291,Journal Import 2599930:,//SETTLEMENT,2,,,,,720,0,Posted
24-09-2024,01.12102.000.0000.000.3706008.00000.000,eHIS,HIS_SETTLEMENT,NSK-OCS-471637 HIS_SETTLEMENT 3358005YT7JQCWYLTG43,500178942,Journal Import 2591676:,//SETTLEMENT,2,,,,,500,0,Posted
24-09-2024,01.12102.000.0000.000.3706008.00000.000,eHIS,HIS_SETTLEMENT,NSK-OCS-471638 HIS_SETTLEMENT 3358005YT7JQCWYLTG43,500179082,Journal Import 2591676:,//SETTLEMENT,3,,,,,2800,0,Posted
24-09-2024,01.12102.000.0000.000.3706008.00000.000,eHIS,HIS_SETTLEMENT,NSK-OCS-471638 HIS_SETTLEMENT 3358005YT7JQCWYLTG43,500179082,Journal Import 2591676:,//SETTLEMENT,4,,,,,10000,0,Posted
24-09-2024,01.12102.000.0000.000.3706008.00000.000,eHIS,HIS_SETTLEMENT,NSK-OCS-471639 HIS_SETTLEMENT 3358005YT7JQCWYLTG43,500178765,Journal Import 2591676:,//SETTLEMENT,2,,,,,1450,0,Posted
24-09-2024,01.12102.000.0000.000.3706008.00000.000,eHIS,HIS_SETTLEMENT,NSK-OCS-471640 HIS_SETTLEMENT 3358005YT7JQCWYLTG43,500178914,Journal Import 2591676:,//SETTLEMENT,3,,,,,50,0,Posted
24-09-2024,01.12102.000.0000.000.3706008.00000.000,eHIS,HIS_SETTLEMENT,NSK-OCS-471640 HIS_SETTLEMENT 3358005YT7JQCWYLTG43,500178914,Journal Import 2591676:,//SETTLEMENT,4,,,,,150,0,Posted
24-09-2024,01.12102.000.0000.000.3706008.00000.000,eHIS,HIS_SETTLEMENT,NSK-OCS-471641 HIS_SETTLEMENT 3358005YT7JQCWYLTG43,500178943,Journal Import 2591676:,//SETTLEMENT,2,,,,,500,0,Posted
24-09-2024,01.12102.000.0000.000.3706008.00000.000,eHIS,HIS_SETTLEMENT,NSK-OCS-471642 HIS_SETTLEMENT 3358005YT7JQCWYLTG43,500178876,Journal Import 2591676:,//SETTLEMENT,3,,,,,600,0,Posted
24-09-2024,01.12102.000.0000.000.3706008.00000.000,eHIS,HIS_SETTLEMENT,NSK-OCS-471642 HIS_SETTLEMENT 3358005YT7JQCWYLTG43,500178876,Journal Import 2591676:,//SETTLEMENT,4,,,,,1500,0,Posted
24-09-2024,01.12102.000.0000.000.3706008.00000.000,eHIS,HIS_SETTLEMENT,NSK-OCS-471643 HIS_SETTLEMENT 3358005YT7JQCWYLTG43,500178762,Journal Import 2591676:,//SETTLEMENT,2,,,,,750,0,Posted
24-09-2024,01.12102.000.0000.000.3706008.00000.000,eHIS,HIS_SETTLEMENT,NSK-OCS-471644 HIS_SETTLEMENT 3358005YT7JQCWYLTG43,500178796,Journal Import 2591676:,//SETTLEMENT,3,,,,,1500,0,Posted
24-09-2024,01.12102.000.0000.000.3706008.00000.000,eHIS,HIS_SETTLEMENT,NSK-OCS-471644 HIS_SETTLEMENT 3358005YT7JQCWYLTG43,500178796,Journal Import 2591676:,//SETTLEMENT,4,,,,,7290,0,Posted
24-09-2024,01.12102.000.0000.000.3706008.00000.000,eHIS,HIS_SETTLEMENT,NSK-OCS-471645 HIS_SETTLEMENT 3358005YT7JQCWYLTG43,500179081,Journal Import 2591676:,//SETTLEMENT,2,,,,,450,0,Posted
25-09-2024,01.12102.000.0000.000.3706008.00000.000,eHIS,HIS_SETTLEMENT,NSK-OCS-471646 HIS_SETTLEMENT 3358005YT7JQCWYLTG43,500179290,Journal Import 2599930:,//SETTLEMENT,2,,,,,350,0,Posted
24-09-2024,01.12102.000.0000.000.3706008.00000.000,eHIS,HIS_SETTLEMENT,NSK-OCS-471647 HIS_SETTLEMENT 3358005YT7JQCWYLTG43,500179111,Journal Import 2591676:,//SETTLEMENT,2,,,,,3500,0,Posted
24-09-2024,01.12102.000.0000.000.3706008.00000.000,eHIS,HIS_SETTLEMENT,NSK-OCS-471648 HIS_SETTLEMENT 3358005YT7JQCWYLTG43,500178626,Journal Import 2591676:,//SETTLEMENT,2,,,,,800,0,Posted
24-09-2024,01.12102.000.0000.000.3706008.00000.000,eHIS,HIS_SETTLEMENT,NSK-OCS-471649 HIS_SETTLEMENT 3358005YT7JQCWYLTG43,500179071,Journal Import 2591676:,//SETTLEMENT,2,,,,,2500,0,Posted
24-09-2024,01.12102.000.0000.000.3706008.00000.000,eHIS,HIS_SETTLEMENT,NSK-OCS-471650 HIS_SETTLEMENT 3358005YT7JQCWYLTG43,500179011,Journal Import 2591676:,//SETTLEMENT,2,,,,,4165,0,Posted
24-09-2024,01.12102.000.0000.000.3706008.00000.000,eHIS,HIS_SETTLEMENT,NSK-OCS-471651 HIS_SETTLEMENT 3358005YT7JQCWYLTG43,500178632,Journal Import 2591676:,//SETTLEMENT,2,,,,,1850,0,Posted
24-09-2024,01.12102.000.0000.000.3706008.00000.000,eHIS,HIS_SETTLEMENT,NSK-OCS-471652 HIS_SETTLEMENT 3358005YT7JQCWYLTG43,500178793,Journal Import 2591676:,//SETTLEMENT,2,,,,,100,0,Posted
24-09-2024,01.12102.000.0000.000.3706008.00000.000,eHIS,HIS_SETTLEMENT,NSK-OCS-471653 HIS_SETTLEMENT 3358005YT7JQCWYLTG43,500178633,Journal Import 2591676:,//SETTLEMENT,2,,,,,1850,0,Posted
24-09-2024,01.12102.000.0000.000.3706008.00000.000,eHIS,HIS_SETTLEMENT,NSK-OCS-471654 HIS_SETTLEMENT 3358005YT7JQCWYLTG43,500178971,Journal Import 2591676:,//SETTLEMENT,2,,,,,1100,0,Posted
24-09-2024,01.12102.000.0000.000.3706008.00000.000,eHIS,HIS_SETTLEMENT,NSK-OCS-471655 HIS_SETTLEMENT 3358005YT7JQCWYLTG43,500178794,Journal Import 2591676:,//SETTLEMENT,2,,,,,100,0,Posted
24-09-2024,01.12102.000.0000.000.3706008.00000.000,eHIS,HIS_SETTLEMENT,NSK-OCS-471656 HIS_SETTLEMENT 3358005YT7JQCWYLTG43,500179010,Journal Import 2591676:,//SETTLEMENT,2,,,,,4070,0,Posted
24-09-2024,01.12102.000.0000.000.3706008.00000.000,eHIS,HIS_SETTLEMENT,NSK-OCS-471657 HIS_SETTLEMENT 3358005YT7JQCWYLTG43,500178795,Journal Import 2591676:,//SETTLEMENT,2,,,,,100,0,Posted
25-09-2024,01.12102.000.0000.000.3706008.00000.000,eHIS,HIS_SETTLEMENT,NSK-OCS-471658 HIS_SETTLEMENT 3358005YT7JQCWYLTG43,500179380,Journal Import 2591676:,//SETTLEMENT,2,,,,,100,0,Posted
25-09-2024,01.12102.000.0000.000.3706008.00000.000,eHIS,HIS_SETTLEMENT,NSK-OCS-471659 HIS_SETTLEMENT 3358005YT7JQCWYLTG43,500179537,Journal Import 2591676:,//SETTLEMENT,2,,,,,650,0,Posted
25-09-2024,01.12102.000.0000.000.3706008.00000.000,eHIS,HIS_SETTLEMENT,NSK-OCS-471660 HIS_SETTLEMENT 3358005YT7JQCWYLTG43,500179702,Journal Import 2591676:,//SETTLEMENT,3,,,,,2880,0,Posted
25-09-2024,01.12102.000.0000.000.3706008.00000.000,eHIS,HIS_SETTLEMENT,NSK-OCS-471660 HIS_SETTLEMENT 3358005YT7JQCWYLTG43,500179702,Journal Import 2591676:,//SETTLEMENT,4,,,,,10000,0,Posted
25-09-2024,01.12102.000.0000.000.3706008.00000.000,eHIS,HIS_SETTLEMENT,NSK-OCS-471661 HIS_SETTLEMENT 3358005YT7JQCWYLTG43,500179381,Journal Import 2591676:,//SETTLEMENT,2,,,,,100,0,Posted
25-09-2024,01.12102.000.0000.000.3706008.00000.000,eHIS,HIS_SETTLEMENT,NSK-OCS-471662 HIS_SETTLEMENT 3358005YT7JQCWYLTG43,500179382,Journal Import 2591676:,//SETTLEMENT,2,,,,,100,0,Posted
25-09-2024,01.12102.000.0000.000.3706008.00000.000,eHIS,HIS_SETTLEMENT,NSK-OCS-471663 HIS_SETTLEMENT 3358005YT7JQCWYLTG43,500179507,Journal Import 2591676:,//SETTLEMENT,2,,,,,8600,0,Posted
26-09-2024,01.12102.000.0000.000.3706008.00000.000,eHIS,HIS_SETTLEMENT,NSK-OCS-471664 HIS_SETTLEMENT 3358005YT7JQCWYLTG43,500179901,Journal Import 2599930:,//SETTLEMENT,2,,,,,3560,0,Posted
25-09-2024,01.12102.000.0000.000.3706008.00000.000,eHIS,HIS_SETTLEMENT,NSK-OCS-471665 HIS_SETTLEMENT 3358005YT7JQCWYLTG43,500179536,Journal Import 2591676:,//SETTLEMENT,3,,,,,1,0,Posted
25-09-2024,01.12102.000.0000.000.3706008.00000.000,eHIS,HIS_SETTLEMENT,NSK-OCS-471665 HIS_SETTLEMENT 3358005YT7JQCWYLTG43,500179536,Journal Import 2591676:,//SETTLEMENT,4,,,,,3499,0,Posted
25-09-2024,01.12102.000.0000.000.3706008.00000.000,eHIS,HIS_SETTLEMENT,NSK-OCS-471666 HIS_SETTLEMENT 3358005YT7JQCWYLTG43,500179826,Journal Import 2591676:,//SETTLEMENT,2,,,,,700,0,Posted
25-09-2024,01.12102.000.0000.000.3706008.00000.000,eHIS,HIS_SETTLEMENT,NSK-OCS-471667 HIS_SETTLEMENT 3358005YT7JQCWYLTG43,500179639,Journal Import 2591676:,//SETTLEMENT,2,,,,,4150,0,Posted
25-09-2024,01.12102.000.0000.000.3706008.00000.000,eHIS,HIS_SETTLEMENT,NSK-OCS-471668 HIS_SETTLEMENT 3358005YT7JQCWYLTG43,500179538,Journal Import 2591676:,//SETTLEMENT,2,,,,,650,0,Posted
25-09-2024,01.12102.000.0000.000.3706008.00000.000,eHIS,HIS_SETTLEMENT,NSK-OCS-471669 HIS_SETTLEMENT 3358005YT7JQCWYLTG43,500179636,Journal Import 2591676:,//SETTLEMENT,2,,,,,3975,0,Posted
25-09-2024,01.12102.000.0000.000.3706008.00000.000,eHIS,HIS_SETTLEMENT,NSK-OCS-471670 HIS_SETTLEMENT 3358005YT7JQCWYLTG43,500179637,Journal Import 2591676:,//SETTLEMENT,2,,,,,3975,0,Posted
25-09-2024,01.12102.000.0000.000.3706008.00000.000,eHIS,HIS_SETTLEMENT,NSK-OCS-471671 HIS_SETTLEMENT 3358005YT7JQCWYLTG43,500179638,Journal Import 2591676:,//SETTLEMENT,2,,,,,3975,0,Posted
25-09-2024,01.12102.000.0000.000.3706008.00000.000,eHIS,HIS_SETTLEMENT,NSK-OCS-471672 HIS_SETTLEMENT 3358005YT7JQCWYLTG43,500179596,Journal Import 2591676:,//SETTLEMENT,2,,,,,1100,0,Posted
25-09-2024,01.12102.000.0000.000.3706008.00000.000,eHIS,HIS_SETTLEMENT,NSK-OCS-471673 HIS_SETTLEMENT 3358005YT7JQCWYLTG43,500179720,Journal Import 2591676:,//SETTLEMENT,2,,,,,3500,0,Posted
25-09-2024,01.12102.000.0000.000.3706008.00000.000,eHIS,HIS_SETTLEMENT,NSK-OCS-471674 HIS_SETTLEMENT 3358005YT7JQCWYLTG43,500179721,Journal Import 2591676:,//SETTLEMENT,2,,,,,3500,0,Posted
25-09-2024,01.12102.000.0000.000.3706008.00000.000,eHIS,HIS_SETTLEMENT,NSK-OCS-471675 HIS_SETTLEMENT 3358005YT7JQCWYLTG43,500179825,Journal Import 2591676:,//SETTLEMENT,2,,,,,5100,0,Posted
25-09-2024,01.12102.000.0000.000.3706008.00000.000,eHIS,HIS_SETTLEMENT,NSK-OCS-471676 HIS_SETTLEMENT 3358005YT7JQCWYLTG43,500179722,Journal Import 2591676:,//SETTLEMENT,2,,,,,3500,0,Posted
25-09-2024,01.12102.000.0000.000.3706008.00000.000,eHIS,HIS_SETTLEMENT,NSK-OCS-471678 HIS_SETTLEMENT 3358005YT7JQCWYLTG43,500179597,Journal Import 2591676:,//SETTLEMENT,2,,,,,1100,0,Posted
25-09-2024,01.12102.000.0000.000.3706008.00000.000,eHIS,HIS_SETTLEMENT,NSK-OCS-471679 HIS_SETTLEMENT 3358005YT7JQCWYLTG43,500179664,Journal Import 2591676:,//SETTLEMENT,2,,,,,1050,0,Posted
25-09-2024,01.12102.000.0000.000.3706008.00000.000,eHIS,HIS_SETTLEMENT,NSK-OCS-471680 HIS_SETTLEMENT 3358005YT7JQCWYLTG43,500179666,Journal Import 2591676:,//SETTLEMENT,2,,,,,4500,0,Posted
25-09-2024,01.12102.000.0000.000.3706008.00000.000,eHIS,HIS_SETTLEMENT,NSK-OCS-471681 HIS_SETTLEMENT 3358005YT7JQCWYLTG43,500179808,Journal Import 2591676:,//SETTLEMENT,2,,,,,900,0,Posted
25-09-2024,01.12102.000.0000.000.3706008.00000.000,eHIS,HIS_SETTLEMENT,NSK-OCS-471682 HIS_SETTLEMENT 3358005YT7JQCWYLTG43,500179354,Journal Import 2591676:,//SETTLEMENT,3,,,,,250,0,Posted
25-09-2024,01.12102.000.0000.000.3706008.00000.000,eHIS,HIS_SETTLEMENT,NSK-OCS-471682 HIS_SETTLEMENT 3358005YT7JQCWYLTG43,500179354,Journal Import 2591676:,//SETTLEMENT,4,,,,,1000,0,Posted
26-09-2024,01.12102.000.0000.000.3706008.00000.000,eHIS,HIS_SETTLEMENT,NSK-OCS-471683 HIS_SETTLEMENT 3358005YT7JQCWYLTG43,500179902,Journal Import 2599930:,//SETTLEMENT,2,,,,,14529,0,Posted
25-09-2024,01.12102.000.0000.000.3706008.00000.000,eHIS,HIS_SETTLEMENT,NSK-OCS-471684 HIS_SETTLEMENT 3358005YT7JQCWYLTG43,500179387,Journal Import 2591676:,//SETTLEMENT,2,,,,,1700,0,Posted
25-09-2024,01.12102.000.0000.000.3706008.00000.000,eHIS,HIS_SETTLEMENT,NSK-OCS-471685 HIS_SETTLEMENT 3358005YT7JQCWYLTG43,500179684,Journal Import 2591676:,//SETTLEMENT,2,,,,,500,0,Posted
25-09-2024,01.12102.000.0000.000.3706008.00000.000,eHIS,HIS_SETTLEMENT,NSK-OCS-471686 HIS_SETTLEMENT 3358005YT7JQCWYLTG43,500179752,Journal Import 2591676:,//SETTLEMENT,2,,,,,1000,0,Posted
25-09-2024,01.12102.000.0000.000.3706008.00000.000,eHIS,HIS_SETTLEMENT,NSK-OCS-471687 HIS_SETTLEMENT 3358005YT7JQCWYLTG43,500179598,Journal Import 2591676:,//SETTLEMENT,2,,,,,1100,0,Posted
25-09-2024,01.12102.000.0000.000.3706008.00000.000,eHIS,HIS_SETTLEMENT,NSK-OCS-471688 HIS_SETTLEMENT 3358005YT7JQCWYLTG43,500179753,Journal Import 2591676:,//SETTLEMENT,2,,,,,1000,0,Posted
25-09-2024,01.12102.000.0000.000.3706008.00000.000,eHIS,HIS_SETTLEMENT,NSK-OCS-471689 HIS_SETTLEMENT 3358005YT7JQCWYLTG43,500179685,Journal Import 2591676:,//SETTLEMENT,2,,,,,500,0,Posted
25-09-2024,01.12102.000.0000.000.3706008.00000.000,eHIS,HIS_SETTLEMENT,NSK-OCS-471690 HIS_SETTLEMENT 3358005YT7JQCWYLTG43,500179310,Journal Import 2591676:,//SETTLEMENT,2,,,,,800,0,Posted
25-09-2024,01.12102.000.0000.000.3706008.00000.000,eHIS,HIS_SETTLEMENT,NSK-OCS-471691 HIS_SETTLEMENT 3358005YT7JQCWYLTG43,500179695,Journal Import 2591676:,//SETTLEMENT,2,,,,,900,0,Posted
25-09-2024,01.12102.000.0000.000.3706008.00000.000,eHIS,HIS_SETTLEMENT,NSK-OCS-471692 HIS_SETTLEMENT 3358005YT7JQCWYLTG43,500179311,Journal Import 2591676:,//SETTLEMENT,2,,,,,800,0,Posted
25-09-2024,01.12102.000.0000.000.3706008.00000.000,eHIS,HIS_SETTLEMENT,NSK-OCS-471693 HIS_SETTLEMENT 3358005YT7JQCWYLTG43,500179805,Journal Import 2591676:,//SETTLEMENT,2,,,,,400,0,Posted
25-09-2024,01.12102.000.0000.000.3706008.00000.000,eHIS,HIS_SETTLEMENT,NSK-OCS-471694 HIS_SETTLEMENT 3358005YT7JQCWYLTG43,500179754,Journal Import 2591676:,//SETTLEMENT,2,,,,,1000,0,Posted
25-09-2024,01.12102.000.0000.000.3706008.00000.000,eHIS,HIS_SETTLEMENT,NSK-OCS-471695 HIS_SETTLEMENT 3358005YT7JQCWYLTG43,500179703,Journal Import 2591676:,//SETTLEMENT,2,,,,,3050,0,Posted
25-09-2024,01.12102.000.0000.000.3706008.00000.000,eHIS,HIS_SETTLEMENT,NSK-OCS-471696 HIS_SETTLEMENT 3358005YT7JQCWYLTG43,500179312,Journal Import 2591676:,//SETTLEMENT,2,,,,,800,0,Posted
25-09-2024,01.12102.000.0000.000.3706008.00000.000,eHIS,HIS_SETTLEMENT,NSK-OCS-471697 HIS_SETTLEMENT 3358005YT7JQCWYLTG43,500179313,Journal Import 2591676:,//SETTLEMENT,2,,,,,1850,0,Posted
25-09-2024,01.12102.000.0000.000.3706008.00000.000,eHIS,HIS_SETTLEMENT,NSK-OCS-471698 HIS_SETTLEMENT 3358005YT7JQCWYLTG43,500179696,Journal Import 2591676:,//SETTLEMENT,2,,,,,900,0,Posted
25-09-2024,01.12102.000.0000.000.3706008.00000.000,eHIS,HIS_SETTLEMENT,NSK-OCS-471699 HIS_SETTLEMENT 3358005YT7JQCWYLTG43,500179686,Journal Import 2591676:,//SETTLEMENT,2,,,,,500,0,Posted
25-09-2024,01.12102.000.0000.000.3706008.00000.000,eHIS,HIS_SETTLEMENT,NSK-OCS-471700 HIS_SETTLEMENT 3358005YT7JQCWYLTG43,500179356,Journal Import 2591676:,//SETTLEMENT,2,,,,,800,0,Posted
25-09-2024,01.12102.000.0000.000.3706008.00000.000,eHIS,HIS_SETTLEMENT,NSK-OCS-471701 HIS_SETTLEMENT 3358005YT7JQCWYLTG43,500179755,Journal Import 2591676:,//SETTLEMENT,2,,,,,1000,0,Posted
25-09-2024,01.12102.000.0000.000.3706008.00000.000,eHIS,HIS_SETTLEMENT,NSK-OCS-471702 HIS_SETTLEMENT 3358005YT7JQCWYLTG43,500179541,Journal Import 2591676:,//SETTLEMENT,2,,,,,1200,0,Posted
25-09-2024,01.12102.000.0000.000.3706008.00000.000,eHIS,HIS_SETTLEMENT,NSK-OCS-471703 HIS_SETTLEMENT 3358005YT7JQCWYLTG43,500179687,Journal Import 2591676:,//SETTLEMENT,2,,,,,500,0,Posted
25-09-2024,01.12102.000.0000.000.3706008.00000.000,eHIS,HIS_SETTLEMENT,NSK-OCS-471704 HIS_SETTLEMENT 3358005YT7JQCWYLTG43,500179471,Journal Import 2591676:,//SETTLEMENT,2,,,,,750,0,Posted
25-09-2024,01.12102.000.0000.000.3706008.00000.000,eHIS,HIS_SETTLEMENT,NSK-OCS-471705 HIS_SETTLEMENT 3358005YT7JQCWYLTG43,500179688,Journal Import 2591676:,//SETTLEMENT,2,,,,,500,0,Posted
25-09-2024,01.12102.000.0000.000.3706008.00000.000,eHIS,HIS_SETTLEMENT,NSK-OCS-471706 HIS_SETTLEMENT 3358005YT7JQCWYLTG43,500179756,Journal Import 2591676:,//SETTLEMENT,2,,,,,1000,0,Posted
25-09-2024,01.12102.000.0000.000.3706008.00000.000,eHIS,HIS_SETTLEMENT,NSK-OCS-471707 HIS_SETTLEMENT 3358005YT7JQCWYLTG43,500179599,Journal Import 2591676:,//SETTLEMENT,2,,,,,1100,0,Posted
25-09-2024,01.12102.000.0000.000.3706008.00000.000,eHIS,HIS_SETTLEMENT,NSK-OCS-471708 HIS_SETTLEMENT 3358005YT7JQCWYLTG43,500179600,Journal Import 2591676:,//SETTLEMENT,2,,,,,1100,0,Posted
25-09-2024,01.12102.000.0000.000.3706008.00000.000,eHIS,HIS_SETTLEMENT,NSK-OCS-471709 HIS_SETTLEMENT 3358005YT7JQCWYLTG43,500179601,Journal Import 2591676:,//SETTLEMENT,2,,,,,1100,0,Posted
25-09-2024,01.12102.000.0000.000.3706008.00000.000,eHIS,HIS_SETTLEMENT,NSK-OCS-471710 HIS_SETTLEMENT 3358005YT7JQCWYLTG43,500179689,Journal Import 2591676:,//SETTLEMENT,2,,,,,500,0,Posted
25-09-2024,01.12102.000.0000.000.3706008.00000.000,eHIS,HIS_SETTLEMENT,NSK-OCS-471711 HIS_SETTLEMENT 3358005YT7JQCWYLTG43,500179446,Journal Import 2591676:,//SETTLEMENT,2,,,,,15510,0,Posted
25-09-2024,01.12102.000.0000.000.3706008.00000.000,eHIS,HIS_SETTLEMENT,NSK-OCS-471712 HIS_SETTLEMENT 3358005YT7JQCWYLTG43,500179629,Journal Import 2591676:,//SETTLEMENT,2,,,,,1000,0,Posted
25-09-2024,01.12102.000.0000.000.3706008.00000.000,eHIS,HIS_SETTLEMENT,NSK-OCS-471713 HIS_SETTLEMENT 3358005YT7JQCWYLTG43,500179357,Journal Import 2591676:,//SETTLEMENT,2,,,,,800,0,Posted
25-09-2024,01.12102.000.0000.000.3706008.00000.000,eHIS,HIS_SETTLEMENT,NSK-OCS-471714 HIS_SETTLEMENT 3358005YT7JQCWYLTG43,500179505,Journal Import 2591676:,//SETTLEMENT,2,,,,,8030,0,Posted
25-09-2024,01.12102.000.0000.000.3706008.00000.000,eHIS,HIS_SETTLEMENT,NSK-OCS-471715 HIS_SETTLEMENT 3358005YT7JQCWYLTG43,500179697,Journal Import 2591676:,//SETTLEMENT,2,,,,,900,0,Posted
25-09-2024,01.12102.000.0000.000.3706008.00000.000,eHIS,HIS_SETTLEMENT,NSK-OCS-471716 HIS_SETTLEMENT 3358005YT7JQCWYLTG43,500179630,Journal Import 2591676:,//SETTLEMENT,2,,,,,1000,0,Posted
25-09-2024,01.12102.000.0000.000.3706008.00000.000,eHIS,HIS_SETTLEMENT,NSK-OCS-471717 HIS_SETTLEMENT 3358005YT7JQCWYLTG43,500179690,Journal Import 2591676:,//SETTLEMENT,2,,,,,500,0,Posted
25-09-2024,01.12102.000.0000.000.3706008.00000.000,eHIS,HIS_SETTLEMENT,NSK-OCS-471718 HIS_SETTLEMENT 3358005YT7JQCWYLTG43,500179383,Journal Import 2591676:,//SETTLEMENT,2,,,,,100,0,Posted
25-09-2024,01.12102.000.0000.000.3706008.00000.000,eHIS,HIS_SETTLEMENT,NSK-OCS-471719 HIS_SETTLEMENT 3358005YT7JQCWYLTG43,500179698,Journal Import 2591676:,//SETTLEMENT,2,,,,,900,0,Posted
25-09-2024,01.12102.000.0000.000.3706008.00000.000,eHIS,HIS_SETTLEMENT,NSK-OCS-471720 HIS_SETTLEMENT 3358005YT7JQCWYLTG43,500179602,Journal Import 2591676:,//SETTLEMENT,2,,,,,1100,0,Posted
25-09-2024,01.12102.000.0000.000.3706008.00000.000,eHIS,HIS_SETTLEMENT,NSK-OCS-471721 HIS_SETTLEMENT 3358005YT7JQCWYLTG43,500179827,Journal Import 2591676:,//SETTLEMENT,2,,,,,700,0,Posted
25-09-2024,01.12102.000.0000.000.3706008.00000.000,eHIS,HIS_SETTLEMENT,NSK-OCS-471722 HIS_SETTLEMENT 3358005YT7JQCWYLTG43,500179413,Journal Import 2591676:,//SETTLEMENT,2,,,,,180,0,Posted
25-09-2024,01.12102.000.0000.000.3706008.00000.000,eHIS,HIS_SETTLEMENT,NSK-OCS-471723 HIS_SETTLEMENT 3358005YT7JQCWYLTG43,500179691,Journal Import 2591676:,//SETTLEMENT,2,,,,,500,0,Posted
25-09-2024,01.12102.000.0000.000.3706008.00000.000,eHIS,HIS_SETTLEMENT,NSK-OCS-471724 HIS_SETTLEMENT 3358005YT7JQCWYLTG43,500179723,Journal Import 2591676:,//SETTLEMENT,2,,,,,3500,0,Posted
25-09-2024,01.12102.000.0000.000.3706008.00000.000,eHIS,HIS_SETTLEMENT,NSK-OCS-471725 HIS_SETTLEMENT 3358005YT7JQCWYLTG43,500179567,Journal Import 2591676:,//SETTLEMENT,2,,,,,5200,0,Posted
25-09-2024,01.12102.000.0000.000.3706008.00000.000,eHIS,HIS_SETTLEMENT,NSK-OCS-471726 HIS_SETTLEMENT 3358005YT7JQCWYLTG43,500179692,Journal Import 2591676:,//SETTLEMENT,2,,,,,500,0,Posted
25-09-2024,01.12102.000.0000.000.3706008.00000.000,eHIS,HIS_SETTLEMENT,NSK-OCS-471727 HIS_SETTLEMENT 3358005YT7JQCWYLTG43,500179631,Journal Import 2591676:,//SETTLEMENT,2,,,,,1000,0,Posted
25-09-2024,01.12102.000.0000.000.3706008.00000.000,eHIS,HIS_SETTLEMENT,NSK-OCS-471728 HIS_SETTLEMENT 3358005YT7JQCWYLTG43,500179284,Journal Import 2591676:,//SETTLEMENT,2,,,,,2000,0,Posted
25-09-2024,01.12102.000.0000.000.3706008.00000.000,eHIS,HIS_SETTLEMENT,NSK-OCS-471729 HIS_SETTLEMENT 3358005YT7JQCWYLTG43,500179314,Journal Import 2591676:,//SETTLEMENT,2,,,,,1850,0,Posted
25-09-2024,01.12102.000.0000.000.3706008.00000.000,eHIS,HIS_SETTLEMENT,NSK-OCS-471730 HIS_SETTLEMENT 3358005YT7JQCWYLTG43,500179444,Journal Import 2591676:,//SETTLEMENT,2,,,,,14168,0,Posted
25-09-2024,01.12102.000.0000.000.3706008.00000.000,eHIS,HIS_SETTLEMENT,NSK-OCS-471731 HIS_SETTLEMENT 3358005YT7JQCWYLTG43,500179358,Journal Import 2591676:,//SETTLEMENT,2,,,,,800,0,Posted
25-09-2024,01.12102.000.0000.000.3706008.00000.000,eHIS,HIS_SETTLEMENT,NSK-OCS-471732 HIS_SETTLEMENT 3358005YT7JQCWYLTG43,500179542,Journal Import 2591676:,//SETTLEMENT,2,,,,,1200,0,Posted
25-09-2024,01.12102.000.0000.000.3706008.00000.000,eHIS,HIS_SETTLEMENT,NSK-OCS-471733 HIS_SETTLEMENT 3358005YT7JQCWYLTG43,500179315,Journal Import 2591676:,//SETTLEMENT,2,,,,,1850,0,Posted
25-09-2024,01.12102.000.0000.000.3706008.00000.000,eHIS,HIS_SETTLEMENT,NSK-OCS-471734 HIS_SETTLEMENT 3358005YT7JQCWYLTG43,500179506,Journal Import 2591676:,//SETTLEMENT,2,,,,,8150,0,Posted
25-09-2024,01.12102.000.0000.000.3706008.00000.000,eHIS,HIS_SETTLEMENT,NSK-OCS-471735 HIS_SETTLEMENT 3358005YT7JQCWYLTG43,500179565,Journal Import 2591676:,//SETTLEMENT,2,,,,,500,0,Posted
25-09-2024,01.12102.000.0000.000.3706008.00000.000,eHIS,HIS_SETTLEMENT,NSK-OCS-471736 HIS_SETTLEMENT 3358005YT7JQCWYLTG43,500179445,Journal Import 2591676:,//SETTLEMENT,2,,,,,14900,0,Posted
25-09-2024,01.12102.000.0000.000.3706008.00000.000,eHIS,HIS_SETTLEMENT,NSK-OCS-471737 HIS_SETTLEMENT 3358005YT7JQCWYLTG43,500179316,Journal Import 2591676:,//SETTLEMENT,2,,,,,1850,0,Posted
25-09-2024,01.12102.000.0000.000.3706008.00000.000,eHIS,HIS_SETTLEMENT,NSK-OCS-471738 HIS_SETTLEMENT 3358005YT7JQCWYLTG43,500179632,Journal Import 2591676:,//SETTLEMENT,2,,,,,1000,0,Posted
25-09-2024,01.12102.000.0000.000.3706008.00000.000,eHIS,HIS_SETTLEMENT,NSK-OCS-471739 HIS_SETTLEMENT 3358005YT7JQCWYLTG43,500179359,Journal Import 2591676:,//SETTLEMENT,2,,,,,800,0,Posted
25-09-2024,01.12102.000.0000.000.3706008.00000.000,eHIS,HIS_SETTLEMENT,NSK-OCS-471740 HIS_SETTLEMENT 3358005YT7JQCWYLTG43,500179539,Journal Import 2591676:,//SETTLEMENT,2,,,,,650,0,Posted
25-09-2024,01.12102.000.0000.000.3706008.00000.000,eHIS,HIS_SETTLEMENT,NSK-OCS-471741 HIS_SETTLEMENT 3358005YT7JQCWYLTG43,500179566,Journal Import 2591676:,//SETTLEMENT,2,,,,,500,0,Posted
25-09-2024,01.12102.000.0000.000.3706008.00000.000,eHIS,HIS_SETTLEMENT,NSK-OCS-471742 HIS_SETTLEMENT 3358005YT7JQCWYLTG43,500179591,Journal Import 2591676:,//SETTLEMENT,2,,,,,500,0,Posted
25-09-2024,01.12102.000.0000.000.3706008.00000.000,eHIS,HIS_SETTLEMENT,NSK-OCS-471743 HIS_SETTLEMENT 3358005YT7JQCWYLTG43,500179360,Journal Import 2591676:,//SETTLEMENT,2,,,,,800,0,Posted
25-09-2024,01.12102.000.0000.000.3706008.00000.000,eHIS,HIS_SETTLEMENT,NSK-OCS-471744 HIS_SETTLEMENT 3358005YT7JQCWYLTG43,500179806,Journal Import 2591676:,//SETTLEMENT,2,,,,,410,0,Posted
25-09-2024,01.12102.000.0000.000.3706008.00000.000,eHIS,HIS_SETTLEMENT,NSK-OCS-471745 HIS_SETTLEMENT 3358005YT7JQCWYLTG43,500179592,Journal Import 2591676:,//SETTLEMENT,2,,,,,500,0,Posted
25-09-2024,01.12102.000.0000.000.3706008.00000.000,eHIS,HIS_SETTLEMENT,NSK-OCS-471746 HIS_SETTLEMENT 3358005YT7JQCWYLTG43,500179699,Journal Import 2591676:,//SETTLEMENT,2,,,,,900,0,Posted
25-09-2024,01.12102.000.0000.000.3706008.00000.000,eHIS,HIS_SETTLEMENT,NSK-OCS-471747 HIS_SETTLEMENT 3358005YT7JQCWYLTG43,500179633,Journal Import 2591676:,//SETTLEMENT,2,,,,,1000,0,Posted
25-09-2024,01.12102.000.0000.000.3706008.00000.000,eHIS,HIS_SETTLEMENT,NSK-OCS-471748 HIS_SETTLEMENT 3358005YT7JQCWYLTG43,500179361,Journal Import 2591676:,//SETTLEMENT,2,,,,,800,0,Posted
25-09-2024,01.12102.000.0000.000.3706008.00000.000,eHIS,HIS_SETTLEMENT,NSK-OCS-471749 HIS_SETTLEMENT 3358005YT7JQCWYLTG43,500179665,Journal Import 2591676:,//SETTLEMENT,2,,,,,4365,0,Posted
25-09-2024,01.12102.000.0000.000.3706008.00000.000,eHIS,HIS_SETTLEMENT,NSK-OCS-471750 HIS_SETTLEMENT 3358005YT7JQCWYLTG43,500179543,Journal Import 2591676:,//SETTLEMENT,2,,,,,1200,0,Posted
25-09-2024,01.12102.000.0000.000.3706008.00000.000,eHIS,HIS_SETTLEMENT,NSK-OCS-471751 HIS_SETTLEMENT 3358005YT7JQCWYLTG43,500179634,Journal Import 2591676:,//SETTLEMENT,2,,,,,1000,0,Posted
25-09-2024,01.12102.000.0000.000.3706008.00000.000,eHIS,HIS_SETTLEMENT,NSK-OCS-471752 HIS_SETTLEMENT 3358005YT7JQCWYLTG43,500179435,Journal Import 2591676:,//SETTLEMENT,2,,,,,200,0,Posted
25-09-2024,01.12102.000.0000.000.3706008.00000.000,eHIS,HIS_SETTLEMENT,NSK-OCS-471753 HIS_SETTLEMENT 3358005YT7JQCWYLTG43,500179362,Journal Import 2591676:,//SETTLEMENT,2,,,,,800,0,Posted
25-09-2024,01.12102.000.0000.000.3706008.00000.000,eHIS,HIS_SETTLEMENT,NSK-OCS-471754 HIS_SETTLEMENT 3358005YT7JQCWYLTG43,500179384,Journal Import 2591676:,//SETTLEMENT,2,,,,,100,0,Posted
25-09-2024,01.12102.000.0000.000.3706008.00000.000,eHIS,HIS_SETTLEMENT,NSK-OCS-471755 HIS_SETTLEMENT 3358005YT7JQCWYLTG43,500179593,Journal Import 2591676:,//SETTLEMENT,2,,,,,500,0,Posted
25-09-2024,01.12102.000.0000.000.3706008.00000.000,eHIS,HIS_SETTLEMENT,NSK-OCS-471756 HIS_SETTLEMENT 3358005YT7JQCWYLTG43,500179474,Journal Import 2591676:,//SETTLEMENT,2,,,,,1300,0,Posted
25-09-2024,01.12102.000.0000.000.3706008.00000.000,eHIS,HIS_SETTLEMENT,NSK-OCS-471757 HIS_SETTLEMENT 3358005YT7JQCWYLTG43,500179475,Journal Import 2591676:,//SETTLEMENT,2,,,,,1300,0,Posted
25-09-2024,01.12102.000.0000.000.3706008.00000.000,eHIS,HIS_SETTLEMENT,NSK-OCS-471758 HIS_SETTLEMENT 3358005YT7JQCWYLTG43,500179569,Journal Import 2591676:,//SETTLEMENT,2,,,,,5700,0,Posted
25-09-2024,01.12102.000.0000.000.3706008.00000.000,eHIS,HIS_SETTLEMENT,NSK-OCS-471759 HIS_SETTLEMENT 3358005YT7JQCWYLTG43,500179594,Journal Import 2591676:,//SETTLEMENT,2,,,,,500,0,Posted
25-09-2024,01.12102.000.0000.000.3706008.00000.000,eHIS,HIS_SETTLEMENT,NSK-OCS-471760 HIS_SETTLEMENT 3358005YT7JQCWYLTG43,500179635,Journal Import 2591676:,//SETTLEMENT,2,,,,,1000,0,Posted
25-09-2024,01.12102.000.0000.000.3706008.00000.000,eHIS,HIS_SETTLEMENT,NSK-OCS-471761 HIS_SETTLEMENT 3358005YT7JQCWYLTG43,500179667,Journal Import 2591676:,//SETTLEMENT,2,,,,,4800,0,Posted
25-09-2024,01.12102.000.0000.000.3706008.00000.000,eHIS,HIS_SETTLEMENT,NSK-OCS-471762 HIS_SETTLEMENT 3358005YT7JQCWYLTG43,500179388,Journal Import 2591676:,//SETTLEMENT,2,,,,,1800,0,Posted
25-09-2024,01.12102.000.0000.000.3706008.00000.000,eHIS,HIS_SETTLEMENT,NSK-OCS-471763 HIS_SETTLEMENT 3358005YT7JQCWYLTG43,500179548,Journal Import 2591676:,//SETTLEMENT,2,,,,,9600,0,Posted
25-09-2024,01.12102.000.0000.000.3706008.00000.000,eHIS,HIS_SETTLEMENT,NSK-OCS-471764 HIS_SETTLEMENT 3358005YT7JQCWYLTG43,500179544,Journal Import 2591676:,//SETTLEMENT,2,,,,,1200,0,Posted
25-09-2024,01.12102.000.0000.000.3706008.00000.000,eHIS,HIS_SETTLEMENT,NSK-OCS-471765 HIS_SETTLEMENT 3358005YT7JQCWYLTG43,500179571,Journal Import 2591676:,//SETTLEMENT,2,,,,,6000,0,Posted
25-09-2024,01.12102.000.0000.000.3706008.00000.000,eHIS,HIS_SETTLEMENT,NSK-OCS-471766 HIS_SETTLEMENT 3358005YT7JQCWYLTG43,500179472,Journal Import 2591676:,//SETTLEMENT,2,,,,,750,0,Posted
25-09-2024,01.12102.000.0000.000.3706008.00000.000,eHIS,HIS_SETTLEMENT,NSK-OCS-471767 HIS_SETTLEMENT 3358005YT7JQCWYLTG43,500179317,Journal Import 2591676:,//SETTLEMENT,2,,,,,1850,0,Posted
25-09-2024,01.12102.000.0000.000.3706008.00000.000,eHIS,HIS_SETTLEMENT,NSK-OCS-471768 HIS_SETTLEMENT 3358005YT7JQCWYLTG43,500179807,Journal Import 2591676:,//SETTLEMENT,3,,,,,410,0,Posted
25-09-2024,01.12102.000.0000.000.3706008.00000.000,eHIS,HIS_SETTLEMENT,NSK-OCS-471768 HIS_SETTLEMENT 3358005YT7JQCWYLTG43,500179807,Journal Import 2591676:,//SETTLEMENT,4,,,,,3000,0,Posted
25-09-2024,01.12102.000.0000.000.3706008.00000.000,eHIS,HIS_SETTLEMENT,NSK-OCS-471769 HIS_SETTLEMENT 3358005YT7JQCWYLTG43,500179364,Journal Import 2591676:,//SETTLEMENT,2,,,,,1850,0,Posted
25-09-2024,01.12102.000.0000.000.3706008.00000.000,eHIS,HIS_SETTLEMENT,NSK-OCS-471770 HIS_SETTLEMENT 3358005YT7JQCWYLTG43,500179285,Journal Import 2591676:,//SETTLEMENT,2,,,,,2000,0,Posted
25-09-2024,01.12102.000.0000.000.3706008.00000.000,eHIS,HIS_SETTLEMENT,NSK-OCS-471771 HIS_SETTLEMENT 3358005YT7JQCWYLTG43,500179540,Journal Import 2591676:,//SETTLEMENT,2,,,,,650,0,Posted
25-09-2024,01.12102.000.0000.000.3706008.00000.000,eHIS,HIS_SETTLEMENT,NSK-OCS-471772 HIS_SETTLEMENT 3358005YT7JQCWYLTG43,500179355,Journal Import 2591676:,//SETTLEMENT,2,,,,,250,0,Posted
25-09-2024,01.12102.000.0000.000.3706008.00000.000,eHIS,HIS_SETTLEMENT,NSK-OCS-471773 HIS_SETTLEMENT 3358005YT7JQCWYLTG43,500179724,Journal Import 2591676:,//SETTLEMENT,2,,,,,3500,0,Posted
25-09-2024,01.12102.000.0000.000.3706008.00000.000,eHIS,HIS_SETTLEMENT,NSK-OCS-471774 HIS_SETTLEMENT 3358005YT7JQCWYLTG43,500179436,Journal Import 2591676:,//SETTLEMENT,2,,,,,200,0,Posted
25-09-2024,01.12102.000.0000.000.3706008.00000.000,eHIS,HIS_SETTLEMENT,NSK-OCS-471775 HIS_SETTLEMENT 3358005YT7JQCWYLTG43,500179659,Journal Import 2591676:,//SETTLEMENT,2,,,,,1000,0,Posted
25-09-2024,01.12102.000.0000.000.3706008.00000.000,eHIS,HIS_SETTLEMENT,NSK-OCS-471776 HIS_SETTLEMENT 3358005YT7JQCWYLTG43,500179473,Journal Import 2591676:,//SETTLEMENT,2,,,,,750,0,Posted
25-09-2024,01.12102.000.0000.000.3706008.00000.000,eHIS,HIS_SETTLEMENT,NSK-OCS-471777 HIS_SETTLEMENT 3358005YT7JQCWYLTG43,500179501,Journal Import 2591676:,//SETTLEMENT,2,,,,,600,0,Posted
25-09-2024,01.12102.000.0000.000.3706008.00000.000,eHIS,HIS_SETTLEMENT,NSK-OCS-471778 HIS_SETTLEMENT 3358005YT7JQCWYLTG43,500179502,Journal Import 2591676:,//SETTLEMENT,2,,,,,600,0,Posted
25-09-2024,01.12102.000.0000.000.3706008.00000.000,eHIS,HIS_SETTLEMENT,NSK-OCS-471779 HIS_SETTLEMENT 3358005YT7JQCWYLTG43,500179660,Journal Import 2591676:,//SETTLEMENT,2,,,,,1000,0,Posted
25-09-2024,01.12102.000.0000.000.3706008.00000.000,eHIS,HIS_SETTLEMENT,NSK-OCS-471780 HIS_SETTLEMENT 3358005YT7JQCWYLTG43,500179700,Journal Import 2591676:,//SETTLEMENT,2,,,,,900,0,Posted
25-09-2024,01.12102.000.0000.000.3706008.00000.000,eHIS,HIS_SETTLEMENT,NSK-OCS-471781 HIS_SETTLEMENT 3358005YT7JQCWYLTG43,500179595,Journal Import 2591676:,//SETTLEMENT,2,,,,,500,0,Posted
25-09-2024,01.12102.000.0000.000.3706008.00000.000,eHIS,HIS_SETTLEMENT,NSK-OCS-471782 HIS_SETTLEMENT 3358005YT7JQCWYLTG43,500179661,Journal Import 2591676:,//SETTLEMENT,2,,,,,1000,0,Posted
25-09-2024,01.12102.000.0000.000.3706008.00000.000,eHIS,HIS_SETTLEMENT,NSK-OCS-471783 HIS_SETTLEMENT 3358005YT7JQCWYLTG43,500179365,Journal Import 2591676:,//SETTLEMENT,2,,,,,1850,0,Posted
25-09-2024,01.12102.000.0000.000.3706008.00000.000,eHIS,HIS_SETTLEMENT,NSK-OCS-471784 HIS_SETTLEMENT 3358005YT7JQCWYLTG43,500179366,Journal Import 2591676:,//SETTLEMENT,2,,,,,1850,0,Posted
25-09-2024,01.12102.000.0000.000.3706008.00000.000,eHIS,HIS_SETTLEMENT,NSK-OCS-471785 HIS_SETTLEMENT 3358005YT7JQCWYLTG43,500179662,Journal Import 2591676:,//SETTLEMENT,2,,,,,1000,0,Posted
25-09-2024,01.12102.000.0000.000.3706008.00000.000,eHIS,HIS_SETTLEMENT,NSK-OCS-471786 HIS_SETTLEMENT 3358005YT7JQCWYLTG43,500179286,Journal Import 2591676:,//SETTLEMENT,2,,,,,2100,0,Posted
25-09-2024,01.12102.000.0000.000.3706008.00000.000,eHIS,HIS_SETTLEMENT,NSK-OCS-471787 HIS_SETTLEMENT 3358005YT7JQCWYLTG43,500179545,Journal Import 2591676:,//SETTLEMENT,2,,,,,1200,0,Posted
25-09-2024,01.12102.000.0000.000.3706008.00000.000,eHIS,HIS_SETTLEMENT,NSK-OCS-471788 HIS_SETTLEMENT 3358005YT7JQCWYLTG43,500179385,Journal Import 2591676:,//SETTLEMENT,2,,,,,100,0,Posted
25-09-2024,01.12102.000.0000.000.3706008.00000.000,eHIS,HIS_SETTLEMENT,NSK-OCS-471789 HIS_SETTLEMENT 3358005YT7JQCWYLTG43,500179705,Journal Import 2591676:,//SETTLEMENT,2,,,,,3470,0,Posted
25-09-2024,01.12102.000.0000.000.3706008.00000.000,eHIS,HIS_SETTLEMENT,NSK-OCS-471790 HIS_SETTLEMENT 3358005YT7JQCWYLTG43,500179693,Journal Import 2591676:,//SETTLEMENT,2,,,,,450,0,Posted
25-09-2024,01.12102.000.0000.000.3706008.00000.000,eHIS,HIS_SETTLEMENT,NSK-OCS-471791 HIS_SETTLEMENT 3358005YT7JQCWYLTG43,500179367,Journal Import 2591676:,//SETTLEMENT,2,,,,,1850,0,Posted
25-09-2024,01.12102.000.0000.000.3706008.00000.000,eHIS,HIS_SETTLEMENT,NSK-OCS-471792 HIS_SETTLEMENT 3358005YT7JQCWYLTG43,500179546,Journal Import 2591676:,//SETTLEMENT,2,,,,,1200,0,Posted
25-09-2024,01.12102.000.0000.000.3706008.00000.000,eHIS,HIS_SETTLEMENT,NSK-OCS-471793 HIS_SETTLEMENT 3358005YT7JQCWYLTG43,500179363,Journal Import 2591676:,//SETTLEMENT,2,,,,,800,0,Posted
25-09-2024,01.12102.000.0000.000.3706008.00000.000,eHIS,HIS_SETTLEMENT,NSK-OCS-471794 HIS_SETTLEMENT 3358005YT7JQCWYLTG43,500179603,Journal Import 2591676:,//SETTLEMENT,2,,,,,6539,0,Posted
25-09-2024,01.12102.000.0000.000.3706008.00000.000,eHIS,HIS_SETTLEMENT,NSK-OCS-471795 HIS_SETTLEMENT 3358005YT7JQCWYLTG43,500179640,Journal Import 2591676:,//SETTLEMENT,2,,,,,4200,0,Posted
25-09-2024,01.12102.000.0000.000.3706008.00000.000,eHIS,HIS_SETTLEMENT,NSK-OCS-471796 HIS_SETTLEMENT 3358005YT7JQCWYLTG43,500179283,Journal Import 2591676:,//SETTLEMENT,2,,,,,350,0,Posted
25-09-2024,01.12102.000.0000.000.3706008.00000.000,eHIS,HIS_SETTLEMENT,NSK-OCS-471797 HIS_SETTLEMENT 3358005YT7JQCWYLTG43,500179668,Journal Import 2591676:,//SETTLEMENT,2,,,,,4900,0,Posted
25-09-2024,01.12102.000.0000.000.3706008.00000.000,eHIS,HIS_SETTLEMENT,NSK-OCS-471798 HIS_SETTLEMENT 3358005YT7JQCWYLTG43,500179368,Journal Import 2591676:,//SETTLEMENT,2,,,,,1850,0,Posted
25-09-2024,01.12102.000.0000.000.3706008.00000.000,eHIS,HIS_SETTLEMENT,NSK-OCS-471799 HIS_SETTLEMENT 3358005YT7JQCWYLTG43,500179547,Journal Import 2591676:,//SETTLEMENT,2,,,,,1200,0,Posted
25-09-2024,01.12102.000.0000.000.3706008.00000.000,eHIS,HIS_SETTLEMENT,NSK-OCS-471800 HIS_SETTLEMENT 3358005YT7JQCWYLTG43,500179725,Journal Import 2591676:,//SETTLEMENT,2,,,,,3500,0,Posted
25-09-2024,01.12102.000.0000.000.3706008.00000.000,eHIS,HIS_SETTLEMENT,NSK-OCS-471801 HIS_SETTLEMENT 3358005YT7JQCWYLTG43,500179503,Journal Import 2591676:,//SETTLEMENT,2,,,,,600,0,Posted
25-09-2024,01.12102.000.0000.000.3706008.00000.000,eHIS,HIS_SETTLEMENT,NSK-OCS-471802 HIS_SETTLEMENT 3358005YT7JQCWYLTG43,500179386,Journal Import 2591676:,//SETTLEMENT,2,,,,,100,0,Posted
25-09-2024,01.12102.000.0000.000.3706008.00000.000,eHIS,HIS_SETTLEMENT,NSK-OCS-471803 HIS_SETTLEMENT 3358005YT7JQCWYLTG43,500179369,Journal Import 2591676:,//SETTLEMENT,2,,,,,1850,0,Posted
26-09-2024,01.12102.000.0000.000.3706008.00000.000,eHIS,HIS_SETTLEMENT,NSK-OCS-471804 HIS_SETTLEMENT 3358005YT7JQCWYLTG43,500180034,Journal Import 2591676:,//SETTLEMENT,2,,,,,200,0,Posted
26-09-2024,01.12102.000.0000.000.3706008.00000.000,eHIS,HIS_SETTLEMENT,NSK-OCS-471805 HIS_SETTLEMENT 3358005YT7JQCWYLTG43,500179939,Journal Import 2591676:,//SETTLEMENT,2,,,,,1850,0,Posted
26-09-2024,01.12102.000.0000.000.3706008.00000.000,eHIS,HIS_SETTLEMENT,NSK-OCS-471806 HIS_SETTLEMENT 3358005YT7JQCWYLTG43,500180084,Journal Import 2591676:,//SETTLEMENT,2,,,,,100,0,Posted
26-09-2024,01.12102.000.0000.000.3706008.00000.000,eHIS,HIS_SETTLEMENT,NSK-OCS-471807 HIS_SETTLEMENT 3358005YT7JQCWYLTG43,500180085,Journal Import 2591676:,//SETTLEMENT,2,,,,,100,0,Posted
26-09-2024,01.12102.000.0000.000.3706008.00000.000,eHIS,HIS_SETTLEMENT,NSK-OCS-471808 HIS_SETTLEMENT 3358005YT7JQCWYLTG43,500179940,Journal Import 2591676:,//SETTLEMENT,2,,,,,1850,0,Posted
26-09-2024,01.12102.000.0000.000.3706008.00000.000,eHIS,HIS_SETTLEMENT,NSK-OCS-471809 HIS_SETTLEMENT 3358005YT7JQCWYLTG43,500180097,Journal Import 2591676:,//SETTLEMENT,2,,,,,1700,0,Posted
26-09-2024,01.12102.000.0000.000.3706008.00000.000,eHIS,HIS_SETTLEMENT,NSK-OCS-471810 HIS_SETTLEMENT 3358005YT7JQCWYLTG43,500180114,Journal Import 2591676:,//SETTLEMENT,2,,,,,650,0,Posted
26-09-2024,01.12102.000.0000.000.3706008.00000.000,eHIS,HIS_SETTLEMENT,NSK-OCS-471811 HIS_SETTLEMENT 3358005YT7JQCWYLTG43,500180399,Journal Import 2591676:,//SETTLEMENT,2,,,,,2499,0,Posted
26-09-2024,01.12102.000.0000.000.3706008.00000.000,eHIS,HIS_SETTLEMENT,NSK-OCS-471812 HIS_SETTLEMENT 3358005YT7JQCWYLTG43,500180400,Journal Import 2591676:,//SETTLEMENT,2,,,,,2700,0,Posted
26-09-2024,01.12102.000.0000.000.3706008.00000.000,eHIS,HIS_SETTLEMENT,NSK-OCS-471813 HIS_SETTLEMENT 3358005YT7JQCWYLTG43,500180303,Journal Import 2591676:,//SETTLEMENT,2,,,,,450,0,Posted
26-09-2024,01.12102.000.0000.000.3706008.00000.000,eHIS,HIS_SETTLEMENT,NSK-OCS-471814 HIS_SETTLEMENT 3358005YT7JQCWYLTG43,500180336,Journal Import 2591676:,//SETTLEMENT,2,,,,,3500,0,Posted
26-09-2024,01.12102.000.0000.000.3706008.00000.000,eHIS,HIS_SETTLEMENT,NSK-OCS-471815 HIS_SETTLEMENT 3358005YT7JQCWYLTG43,500180398,Journal Import 2591676:,//SETTLEMENT,2,,,,,2450,0,Posted
27-09-2024,01.12102.000.0000.000.3706008.00000.000,eHIS,HIS_SETTLEMENT,NSK-OCS-471816 HIS_SETTLEMENT 3358005YT7JQCWYLTG43,500180492,Journal Import 2599930:,//SETTLEMENT,2,,,,,3975,0,Posted
27-09-2024,01.12102.000.0000.000.3706008.00000.000,eHIS,HIS_SETTLEMENT,NSK-OCS-471817 HIS_SETTLEMENT 3358005YT7JQCWYLTG43,500180493,Journal Import 2599930:,//SETTLEMENT,2,,,,,3975,0,Posted
26-09-2024,01.12102.000.0000.000.3706008.00000.000,eHIS,HIS_SETTLEMENT,NSK-OCS-471818 HIS_SETTLEMENT 3358005YT7JQCWYLTG43,500180434,Journal Import 2591676:,//SETTLEMENT,2,,,,,650,0,Posted
26-09-2024,01.12102.000.0000.000.3706008.00000.000,eHIS,HIS_SETTLEMENT,NSK-OCS-471819 HIS_SETTLEMENT 3358005YT7JQCWYLTG43,500180042,Journal Import 2591676:,//SETTLEMENT,2,,,,,750,0,Posted
26-09-2024,01.12102.000.0000.000.3706008.00000.000,eHIS,HIS_SETTLEMENT,NSK-OCS-471820 HIS_SETTLEMENT 3358005YT7JQCWYLTG43,500180151,Journal Import 2591676:,//SETTLEMENT,2,,,,,16000,0,Posted
26-09-2024,01.12102.000.0000.000.3706008.00000.000,eHIS,HIS_SETTLEMENT,NSK-OCS-471822 HIS_SETTLEMENT 3358005YT7JQCWYLTG43,500180231,Journal Import 2591676:,//SETTLEMENT,2,,,,,4150,0,Posted
26-09-2024,01.12102.000.0000.000.3706008.00000.000,eHIS,HIS_SETTLEMENT,NSK-OCS-471823 HIS_SETTLEMENT 3358005YT7JQCWYLTG43,500180113,Journal Import 2591676:,//SETTLEMENT,3,,,,,50,0,Posted
26-09-2024,01.12102.000.0000.000.3706008.00000.000,eHIS,HIS_SETTLEMENT,NSK-OCS-471823 HIS_SETTLEMENT 3358005YT7JQCWYLTG43,500180113,Journal Import 2591676:,//SETTLEMENT,4,,,,,500,0,Posted
26-09-2024,01.12102.000.0000.000.3706008.00000.000,eHIS,HIS_SETTLEMENT,NSK-OCS-471824 HIS_SETTLEMENT 3358005YT7JQCWYLTG43,500179928,Journal Import 2591676:,//SETTLEMENT,2,,,,,800,0,Posted
26-09-2024,01.12102.000.0000.000.3706008.00000.000,eHIS,HIS_SETTLEMENT,NSK-OCS-471825 HIS_SETTLEMENT 3358005YT7JQCWYLTG43,500180035,Journal Import 2591676:,//SETTLEMENT,2,,,,,200,0,Posted
26-09-2024,01.12102.000.0000.000.3706008.00000.000,eHIS,HIS_SETTLEMENT,NSK-OCS-471826 HIS_SETTLEMENT 3358005YT7JQCWYLTG43,500180435,Journal Import 2591676:,//SETTLEMENT,2,,,,,650,0,Posted
26-09-2024,01.12102.000.0000.000.3706008.00000.000,eHIS,HIS_SETTLEMENT,NSK-OCS-471827 HIS_SETTLEMENT 3358005YT7JQCWYLTG43,500180228,Journal Import 2591676:,//SETTLEMENT,2,,,,,3850,0,Posted
26-09-2024,01.12102.000.0000.000.3706008.00000.000,eHIS,HIS_SETTLEMENT,NSK-OCS-471828 HIS_SETTLEMENT 3358005YT7JQCWYLTG43,500179893,Journal Import 2591676:,//SETTLEMENT,2,,,,,825,0,Posted
26-09-2024,01.12102.000.0000.000.3706008.00000.000,eHIS,HIS_SETTLEMENT,NSK-OCS-471829 HIS_SETTLEMENT 3358005YT7JQCWYLTG43,500180305,Journal Import 2591676:,//SETTLEMENT,2,,,,,900,0,Posted
26-09-2024,01.12102.000.0000.000.3706008.00000.000,eHIS,HIS_SETTLEMENT,NSK-OCS-471830 HIS_SETTLEMENT 3358005YT7JQCWYLTG43,500180172,Journal Import 2591676:,//SETTLEMENT,2,,,,,500,0,Posted
26-09-2024,01.12102.000.0000.000.3706008.00000.000,eHIS,HIS_SETTLEMENT,NSK-OCS-471831 HIS_SETTLEMENT 3358005YT7JQCWYLTG43,500180115,Journal Import 2591676:,//SETTLEMENT,2,,,,,1200,0,Posted
26-09-2024,01.12102.000.0000.000.3706008.00000.000,eHIS,HIS_SETTLEMENT,NSK-OCS-471832 HIS_SETTLEMENT 3358005YT7JQCWYLTG43,500180173,Journal Import 2591676:,//SETTLEMENT,2,,,,,500,0,Posted
26-09-2024,01.12102.000.0000.000.3706008.00000.000,eHIS,HIS_SETTLEMENT,NSK-OCS-471833 HIS_SETTLEMENT 3358005YT7JQCWYLTG43,500180174,Journal Import 2591676:,//SETTLEMENT,2,,,,,500,0,Posted
26-09-2024,01.12102.000.0000.000.3706008.00000.000,eHIS,HIS_SETTLEMENT,NSK-OCS-471834 HIS_SETTLEMENT 3358005YT7JQCWYLTG43,500180175,Journal Import 2591676:,//SETTLEMENT,2,,,,,500,0,Posted
26-09-2024,01.12102.000.0000.000.3706008.00000.000,eHIS,HIS_SETTLEMENT,NSK-OCS-471835 HIS_SETTLEMENT 3358005YT7JQCWYLTG43,500180397,Journal Import 2591676:,//SETTLEMENT,2,,,,,2400,0,Posted
26-09-2024,01.12102.000.0000.000.3706008.00000.000,eHIS,HIS_SETTLEMENT,NSK-OCS-471836 HIS_SETTLEMENT 3358005YT7JQCWYLTG43,500179941,Journal Import 2591676:,//SETTLEMENT,2,,,,,1850,0,Posted
26-09-2024,01.12102.000.0000.000.3706008.00000.000,eHIS,HIS_SETTLEMENT,NSK-OCS-471837 HIS_SETTLEMENT 3358005YT7JQCWYLTG43,500179911,Journal Import 2591676:,//SETTLEMENT,3,,,,,205,0,Posted
26-09-2024,01.12102.000.0000.000.3706008.00000.000,eHIS,HIS_SETTLEMENT,NSK-OCS-471837 HIS_SETTLEMENT 3358005YT7JQCWYLTG43,500179911,Journal Import 2591676:,//SETTLEMENT,4,,,,,4121,0,Posted
26-09-2024,01.12102.000.0000.000.3706008.00000.000,eHIS,HIS_SETTLEMENT,NSK-OCS-471838 HIS_SETTLEMENT 3358005YT7JQCWYLTG43,500180306,Journal Import 2591676:,//SETTLEMENT,2,,,,,900,0,Posted
26-09-2024,01.12102.000.0000.000.3706008.00000.000,eHIS,HIS_SETTLEMENT,NSK-OCS-471839 HIS_SETTLEMENT 3358005YT7JQCWYLTG43,500180186,Journal Import 2591676:,//SETTLEMENT,2,,,,,1100,0,Posted
26-09-2024,01.12102.000.0000.000.3706008.00000.000,eHIS,HIS_SETTLEMENT,NSK-OCS-471840 HIS_SETTLEMENT 3358005YT7JQCWYLTG43,500180254,Journal Import 2591676:,//SETTLEMENT,2,,,,,1000,0,Posted
26-09-2024,01.12102.000.0000.000.3706008.00000.000,eHIS,HIS_SETTLEMENT,NSK-OCS-471841 HIS_SETTLEMENT 3358005YT7JQCWYLTG43,500179894,Journal Import 2591676:,//SETTLEMENT,3,,,,,850,0,Posted
26-09-2024,01.12102.000.0000.000.3706008.00000.000,eHIS,HIS_SETTLEMENT,NSK-OCS-471841 HIS_SETTLEMENT 3358005YT7JQCWYLTG43,500179894,Journal Import 2591676:,//SETTLEMENT,4,,,,,1000,0,Posted
26-09-2024,01.12102.000.0000.000.3706008.00000.000,eHIS,HIS_SETTLEMENT,NSK-OCS-471842 HIS_SETTLEMENT 3358005YT7JQCWYLTG43,500179929,Journal Import 2591676:,//SETTLEMENT,2,,,,,800,0,Posted
26-09-2024,01.12102.000.0000.000.3706008.00000.000,eHIS,HIS_SETTLEMENT,NSK-OCS-471843 HIS_SETTLEMENT 3358005YT7JQCWYLTG43,500179930,Journal Import 2591676:,//SETTLEMENT,2,,,,,800,0,Posted
26-09-2024,01.12102.000.0000.000.3706008.00000.000,eHIS,HIS_SETTLEMENT,NSK-OCS-471844 HIS_SETTLEMENT 3358005YT7JQCWYLTG43,500180043,Journal Import 2591676:,//SETTLEMENT,2,,,,,1300,0,Posted
26-09-2024,01.12102.000.0000.000.3706008.00000.000,eHIS,HIS_SETTLEMENT,NSK-OCS-471845 HIS_SETTLEMENT 3358005YT7JQCWYLTG43,500180098,Journal Import 2591676:,//SETTLEMENT,2,,,,,1700,0,Posted
26-09-2024,01.12102.000.0000.000.3706008.00000.000,eHIS,HIS_SETTLEMENT,NSK-OCS-471846 HIS_SETTLEMENT 3358005YT7JQCWYLTG43,500179926,Journal Import 2591676:,//SETTLEMENT,2,,,,,250,0,Posted
26-09-2024,01.12102.000.0000.000.3706008.00000.000,eHIS,HIS_SETTLEMENT,NSK-OCS-471847 HIS_SETTLEMENT 3358005YT7JQCWYLTG43,500180116,Journal Import 2591676:,//SETTLEMENT,2,,,,,1200,0,Posted
26-09-2024,01.12102.000.0000.000.3706008.00000.000,eHIS,HIS_SETTLEMENT,NSK-OCS-471848 HIS_SETTLEMENT 3358005YT7JQCWYLTG43,500180436,Journal Import 2591676:,//SETTLEMENT,2,,,,,650,0,Posted
26-09-2024,01.12102.000.0000.000.3706008.00000.000,eHIS,HIS_SETTLEMENT,NSK-OCS-471849 HIS_SETTLEMENT 3358005YT7JQCWYLTG43,500180338,Journal Import 2591676:,//SETTLEMENT,2,,,,,3550,0,Posted
26-09-2024,01.12102.000.0000.000.3706008.00000.000,eHIS,HIS_SETTLEMENT,NSK-OCS-471850 HIS_SETTLEMENT 3358005YT7JQCWYLTG43,500180117,Journal Import 2591676:,//SETTLEMENT,2,,,,,1200,0,Posted
26-09-2024,01.12102.000.0000.000.3706008.00000.000,eHIS,HIS_SETTLEMENT,NSK-OCS-471851 HIS_SETTLEMENT 3358005YT7JQCWYLTG43,500179908,Journal Import 2591676:,//SETTLEMENT,2,,,,,200,0,Posted
26-09-2024,01.12102.000.0000.000.3706008.00000.000,eHIS,HIS_SETTLEMENT,NSK-OCS-471852 HIS_SETTLEMENT 3358005YT7JQCWYLTG43,500179885,Journal Import 2591676:,//SETTLEMENT,2,,,,,350,0,Posted
26-09-2024,01.12102.000.0000.000.3706008.00000.000,eHIS,HIS_SETTLEMENT,NSK-OCS-471853 HIS_SETTLEMENT 3358005YT7JQCWYLTG43,500180187,Journal Import 2591676:,//SETTLEMENT,2,,,,,1100,0,Posted
26-09-2024,01.12102.000.0000.000.3706008.00000.000,eHIS,HIS_SETTLEMENT,NSK-OCS-471854 HIS_SETTLEMENT 3358005YT7JQCWYLTG43,500180091,Journal Import 2591676:,//SETTLEMENT,2,,,,,750,0,Posted
26-09-2024,01.12102.000.0000.000.3706008.00000.000,eHIS,HIS_SETTLEMENT,NSK-OCS-471855 HIS_SETTLEMENT 3358005YT7JQCWYLTG43,500180255,Journal Import 2591676:,//SETTLEMENT,2,,,,,1000,0,Posted
26-09-2024,01.12102.000.0000.000.3706008.00000.000,eHIS,HIS_SETTLEMENT,NSK-OCS-471856 HIS_SETTLEMENT 3358005YT7JQCWYLTG43,500180176,Journal Import 2591676:,//SETTLEMENT,2,,,,,500,0,Posted
26-09-2024,01.12102.000.0000.000.3706008.00000.000,eHIS,HIS_SETTLEMENT,NSK-OCS-471857 HIS_SETTLEMENT 3358005YT7JQCWYLTG43,500180307,Journal Import 2591676:,//SETTLEMENT,2,,,,,900,0,Posted
26-09-2024,01.12102.000.0000.000.3706008.00000.000,eHIS,HIS_SETTLEMENT,NSK-OCS-471858 HIS_SETTLEMENT 3358005YT7JQCWYLTG43,500180123,Journal Import 2591676:,//SETTLEMENT,2,,,,,11400,0,Posted
26-09-2024,01.12102.000.0000.000.3706008.00000.000,eHIS,HIS_SETTLEMENT,NSK-OCS-471859 HIS_SETTLEMENT 3358005YT7JQCWYLTG43,500180308,Journal Import 2591676:,//SETTLEMENT,2,,,,,900,0,Posted
26-09-2024,01.12102.000.0000.000.3706008.00000.000,eHIS,HIS_SETTLEMENT,NSK-OCS-471860 HIS_SETTLEMENT 3358005YT7JQCWYLTG43,500180044,Journal Import 2591676:,//SETTLEMENT,2,,,,,1300,0,Posted
26-09-2024,01.12102.000.0000.000.3706008.00000.000,eHIS,HIS_SETTLEMENT,NSK-OCS-471861 HIS_SETTLEMENT 3358005YT7JQCWYLTG43,500179942,Journal Import 2591676:,//SETTLEMENT,2,,,,,1850,0,Posted
26-09-2024,01.12102.000.0000.000.3706008.00000.000,eHIS,HIS_SETTLEMENT,NSK-OCS-471862 HIS_SETTLEMENT 3358005YT7JQCWYLTG43,500180230,Journal Import 2591676:,//SETTLEMENT,3,,,,,4050,0,Posted
26-09-2024,01.12102.000.0000.000.3706008.00000.000,eHIS,HIS_SETTLEMENT,NSK-OCS-471862 HIS_SETTLEMENT 3358005YT7JQCWYLTG43,500180230,Journal Import 2591676:,//SETTLEMENT,4,,,,,5000,0,Posted
26-09-2024,01.12102.000.0000.000.3706008.00000.000,eHIS,HIS_SETTLEMENT,NSK-OCS-471863 HIS_SETTLEMENT 3358005YT7JQCWYLTG43,500180092,Journal Import 2591676:,//SETTLEMENT,2,,,,,750,0,Posted
26-09-2024,01.12102.000.0000.000.3706008.00000.000,eHIS,HIS_SETTLEMENT,NSK-OCS-471864 HIS_SETTLEMENT 3358005YT7JQCWYLTG43,500179931,Journal Import 2591676:,//SETTLEMENT,2,,,,,800,0,Posted
26-09-2024,01.12102.000.0000.000.3706008.00000.000,eHIS,HIS_SETTLEMENT,NSK-OCS-471865 HIS_SETTLEMENT 3358005YT7JQCWYLTG43,500180256,Journal Import 2591676:,//SETTLEMENT,2,,,,,1000,0,Posted
26-09-2024,01.12102.000.0000.000.3706008.00000.000,eHIS,HIS_SETTLEMENT,NSK-OCS-471866 HIS_SETTLEMENT 3358005YT7JQCWYLTG43,500180339,Journal Import 2591676:,//SETTLEMENT,2,,,,,3550,0,Posted
26-09-2024,01.12102.000.0000.000.3706008.00000.000,eHIS,HIS_SETTLEMENT,NSK-OCS-471867 HIS_SETTLEMENT 3358005YT7JQCWYLTG43,500179943,Journal Import 2591676:,//SETTLEMENT,2,,,,,1850,0,Posted
26-09-2024,01.12102.000.0000.000.3706008.00000.000,eHIS,HIS_SETTLEMENT,NSK-OCS-471868 HIS_SETTLEMENT 3358005YT7JQCWYLTG43,500179927,Journal Import 2591676:,//SETTLEMENT,2,,,,,250,0,Posted
26-09-2024,01.12102.000.0000.000.3706008.00000.000,eHIS,HIS_SETTLEMENT,NSK-OCS-471869 HIS_SETTLEMENT 3358005YT7JQCWYLTG43,500180205,Journal Import 2591676:,//SETTLEMENT,2,,,,,600,0,Posted
26-09-2024,01.12102.000.0000.000.3706008.00000.000,eHIS,HIS_SETTLEMENT,NSK-OCS-471870 HIS_SETTLEMENT 3358005YT7JQCWYLTG43,500179932,Journal Import 2591676:,//SETTLEMENT,2,,,,,800,0,Posted
26-09-2024,01.12102.000.0000.000.3706008.00000.000,eHIS,HIS_SETTLEMENT,NSK-OCS-471871 HIS_SETTLEMENT 3358005YT7JQCWYLTG43,500180118,Journal Import 2591676:,//SETTLEMENT,2,,,,,1200,0,Posted
26-09-2024,01.12102.000.0000.000.3706008.00000.000,eHIS,HIS_SETTLEMENT,NSK-OCS-471872 HIS_SETTLEMENT 3358005YT7JQCWYLTG43,500180177,Journal Import 2591676:,//SETTLEMENT,2,,,,,500,0,Posted
26-09-2024,01.12102.000.0000.000.3706008.00000.000,eHIS,HIS_SETTLEMENT,NSK-OCS-471873 HIS_SETTLEMENT 3358005YT7JQCWYLTG43,500180178,Journal Import 2591676:,//SETTLEMENT,2,,,,,500,0,Posted
26-09-2024,01.12102.000.0000.000.3706008.00000.000,eHIS,HIS_SETTLEMENT,NSK-OCS-471874 HIS_SETTLEMENT 3358005YT7JQCWYLTG43,500179933,Journal Import 2591676:,//SETTLEMENT,2,,,,,800,0,Posted
26-09-2024,01.12102.000.0000.000.3706008.00000.000,eHIS,HIS_SETTLEMENT,NSK-OCS-471875 HIS_SETTLEMENT 3358005YT7JQCWYLTG43,500180119,Journal Import 2591676:,//SETTLEMENT,2,,,,,1200,0,Posted
26-09-2024,01.12102.000.0000.000.3706008.00000.000,eHIS,HIS_SETTLEMENT,NSK-OCS-471876 HIS_SETTLEMENT 3358005YT7JQCWYLTG43,500180120,Journal Import 2591676:,//SETTLEMENT,2,,,,,1200,0,Posted
26-09-2024,01.12102.000.0000.000.3706008.00000.000,eHIS,HIS_SETTLEMENT,NSK-OCS-471877 HIS_SETTLEMENT 3358005YT7JQCWYLTG43,500180257,Journal Import 2591676:,//SETTLEMENT,2,,,,,1000,0,Posted
26-09-2024,01.12102.000.0000.000.3706008.00000.000,eHIS,HIS_SETTLEMENT,NSK-OCS-471878 HIS_SETTLEMENT 3358005YT7JQCWYLTG43,500180099,Journal Import 2591676:,//SETTLEMENT,2,,,,,1700,0,Posted
26-09-2024,01.12102.000.0000.000.3706008.00000.000,eHIS,HIS_SETTLEMENT,NSK-OCS-471879 HIS_SETTLEMENT 3358005YT7JQCWYLTG43,500180309,Journal Import 2591676:,//SETTLEMENT,2,,,,,900,0,Posted
26-09-2024,01.12102.000.0000.000.3706008.00000.000,eHIS,HIS_SETTLEMENT,NSK-OCS-471880 HIS_SETTLEMENT 3358005YT7JQCWYLTG43,500179934,Journal Import 2591676:,//SETTLEMENT,2,,,,,800,0,Posted
26-09-2024,01.12102.000.0000.000.3706008.00000.000,eHIS,HIS_SETTLEMENT,NSK-OCS-471881 HIS_SETTLEMENT 3358005YT7JQCWYLTG43,500180310,Journal Import 2591676:,//SETTLEMENT,2,,,,,900,0,Posted
26-09-2024,01.12102.000.0000.000.3706008.00000.000,eHIS,HIS_SETTLEMENT,NSK-OCS-471882 HIS_SETTLEMENT 3358005YT7JQCWYLTG43,500179935,Journal Import 2591676:,//SETTLEMENT,2,,,,,800,0,Posted
26-09-2024,01.12102.000.0000.000.3706008.00000.000,eHIS,HIS_SETTLEMENT,NSK-OCS-471883 HIS_SETTLEMENT 3358005YT7JQCWYLTG43,500180311,Journal Import 2591676:,//SETTLEMENT,2,,,,,900,0,Posted
26-09-2024,01.12102.000.0000.000.3706008.00000.000,eHIS,HIS_SETTLEMENT,NSK-OCS-471884 HIS_SETTLEMENT 3358005YT7JQCWYLTG43,500179944,Journal Import 2591676:,//SETTLEMENT,2,,,,,1850,0,Posted
26-09-2024,01.12102.000.0000.000.3706008.00000.000,eHIS,HIS_SETTLEMENT,NSK-OCS-471885 HIS_SETTLEMENT 3358005YT7JQCWYLTG43,500180258,Journal Import 2591676:,//SETTLEMENT,2,,,,,1000,0,Posted
26-09-2024,01.12102.000.0000.000.3706008.00000.000,eHIS,HIS_SETTLEMENT,NSK-OCS-471886 HIS_SETTLEMENT 3358005YT7JQCWYLTG43,500180188,Journal Import 2591676:,//SETTLEMENT,2,,,,,1100,0,Posted
26-09-2024,01.12102.000.0000.000.3706008.00000.000,eHIS,HIS_SETTLEMENT,NSK-OCS-471887 HIS_SETTLEMENT 3358005YT7JQCWYLTG43,500180189,Journal Import 2591676:,//SETTLEMENT,2,,,,,1100,0,Posted
26-09-2024,01.12102.000.0000.000.3706008.00000.000,eHIS,HIS_SETTLEMENT,NSK-OCS-471888 HIS_SETTLEMENT 3358005YT7JQCWYLTG43,500180432,Journal Import 2591676:,//SETTLEMENT,2,,,,,4900,0,Posted
26-09-2024,01.12102.000.0000.000.3706008.00000.000,eHIS,HIS_SETTLEMENT,NSK-OCS-471889 HIS_SETTLEMENT 3358005YT7JQCWYLTG43,500179936,Journal Import 2591676:,//SETTLEMENT,2,,,,,800,0,Posted
26-09-2024,01.12102.000.0000.000.3706008.00000.000,eHIS,HIS_SETTLEMENT,NSK-OCS-471890 HIS_SETTLEMENT 3358005YT7JQCWYLTG43,500180433,Journal Import 2591676:,//SETTLEMENT,2,,,,,4900,0,Posted
26-09-2024,01.12102.000.0000.000.3706008.00000.000,eHIS,HIS_SETTLEMENT,NSK-OCS-471891 HIS_SETTLEMENT 3358005YT7JQCWYLTG43,500180191,Journal Import 2591676:,//SETTLEMENT,2,,,,,6100,0,Posted
26-09-2024,01.12102.000.0000.000.3706008.00000.000,eHIS,HIS_SETTLEMENT,NSK-OCS-471892 HIS_SETTLEMENT 3358005YT7JQCWYLTG43,500180316,Journal Import 2591676:,//SETTLEMENT,2,,,,,3100,0,Posted
26-09-2024,01.12102.000.0000.000.3706008.00000.000,eHIS,HIS_SETTLEMENT,NSK-OCS-471893 HIS_SETTLEMENT 3358005YT7JQCWYLTG43,500179937,Journal Import 2591676:,//SETTLEMENT,2,,,,,800,0,Posted
26-09-2024,01.12102.000.0000.000.3706008.00000.000,eHIS,HIS_SETTLEMENT,NSK-OCS-471894 HIS_SETTLEMENT 3358005YT7JQCWYLTG43,500180259,Journal Import 2591676:,//SETTLEMENT,2,,,,,1000,0,Posted
26-09-2024,01.12102.000.0000.000.3706008.00000.000,eHIS,HIS_SETTLEMENT,NSK-OCS-471895 HIS_SETTLEMENT 3358005YT7JQCWYLTG43,500180179,Journal Import 2591676:,//SETTLEMENT,2,,,,,500,0,Posted
26-09-2024,01.12102.000.0000.000.3706008.00000.000,eHIS,HIS_SETTLEMENT,NSK-OCS-471896 HIS_SETTLEMENT 3358005YT7JQCWYLTG43,500180045,Journal Import 2591676:,//SETTLEMENT,2,,,,,1300,0,Posted
26-09-2024,01.12102.000.0000.000.3706008.00000.000,eHIS,HIS_SETTLEMENT,NSK-OCS-471897 HIS_SETTLEMENT 3358005YT7JQCWYLTG43,500179938,Journal Import 2591676:,//SETTLEMENT,2,,,,,800,0,Posted
26-09-2024,01.12102.000.0000.000.3706008.00000.000,eHIS,HIS_SETTLEMENT,NSK-OCS-471898 HIS_SETTLEMENT 3358005YT7JQCWYLTG43,500180396,Journal Import 2591676:,//SETTLEMENT,2,,,,,375,0,Posted
26-09-2024,01.12102.000.0000.000.3706008.00000.000,eHIS,HIS_SETTLEMENT,NSK-OCS-471899 HIS_SETTLEMENT 3358005YT7JQCWYLTG43,500180180,Journal Import 2591676:,//SETTLEMENT,2,,,,,500,0,Posted
26-09-2024,01.12102.000.0000.000.3706008.00000.000,eHIS,HIS_SETTLEMENT,NSK-OCS-471900 HIS_SETTLEMENT 3358005YT7JQCWYLTG43,500180181,Journal Import 2591676:,//SETTLEMENT,2,,,,,500,0,Posted
26-09-2024,01.12102.000.0000.000.3706008.00000.000,eHIS,HIS_SETTLEMENT,NSK-OCS-471901 HIS_SETTLEMENT 3358005YT7JQCWYLTG43,500180096,Journal Import 2591676:,//SETTLEMENT,2,,,,,1520,0,Posted
26-09-2024,01.12102.000.0000.000.3706008.00000.000,eHIS,HIS_SETTLEMENT,NSK-OCS-471902 HIS_SETTLEMENT 3358005YT7JQCWYLTG43,500180437,Journal Import 2591676:,//SETTLEMENT,2,,,,,650,0,Posted
26-09-2024,01.12102.000.0000.000.3706008.00000.000,eHIS,HIS_SETTLEMENT,NSK-OCS-471903 HIS_SETTLEMENT 3358005YT7JQCWYLTG43,500180195,Journal Import 2591676:,//SETTLEMENT,2,,,,,6960,0,Posted
26-09-2024,01.12102.000.0000.000.3706008.00000.000,eHIS,HIS_SETTLEMENT,NSK-OCS-471904 HIS_SETTLEMENT 3358005YT7JQCWYLTG43,500180182,Journal Import 2591676:,//SETTLEMENT,2,,,,,500,0,Posted
26-09-2024,01.12102.000.0000.000.3706008.00000.000,eHIS,HIS_SETTLEMENT,NSK-OCS-471905 HIS_SETTLEMENT 3358005YT7JQCWYLTG43,500180301,Journal Import 2591676:,//SETTLEMENT,2,,,,,410,0,Posted
26-09-2024,01.12102.000.0000.000.3706008.00000.000,eHIS,HIS_SETTLEMENT,NSK-OCS-471906 HIS_SETTLEMENT 3358005YT7JQCWYLTG43,500179886,Journal Import 2591676:,//SETTLEMENT,2,,,,,350,0,Posted
26-09-2024,01.12102.000.0000.000.3706008.00000.000,eHIS,HIS_SETTLEMENT,NSK-OCS-471907 HIS_SETTLEMENT 3358005YT7JQCWYLTG43,500180260,Journal Import 2591676:,//SETTLEMENT,2,,,,,1000,0,Posted
26-09-2024,01.12102.000.0000.000.3706008.00000.000,eHIS,HIS_SETTLEMENT,NSK-OCS-471908 HIS_SETTLEMENT 3358005YT7JQCWYLTG43,500180047,Journal Import 2591676:,//SETTLEMENT,2,,,,,1400,0,Posted
26-09-2024,01.12102.000.0000.000.3706008.00000.000,eHIS,HIS_SETTLEMENT,NSK-OCS-471909 HIS_SETTLEMENT 3358005YT7JQCWYLTG43,500180312,Journal Import 2591676:,//SETTLEMENT,2,,,,,900,0,Posted
26-09-2024,01.12102.000.0000.000.3706008.00000.000,eHIS,HIS_SETTLEMENT,NSK-OCS-471910 HIS_SETTLEMENT 3358005YT7JQCWYLTG43,500180086,Journal Import 2591676:,//SETTLEMENT,2,,,,,100,0,Posted
26-09-2024,01.12102.000.0000.000.3706008.00000.000,eHIS,HIS_SETTLEMENT,NSK-OCS-471911 HIS_SETTLEMENT 3358005YT7JQCWYLTG43,500180313,Journal Import 2591676:,//SETTLEMENT,2,,,,,900,0,Posted
26-09-2024,01.12102.000.0000.000.3706008.00000.000,eHIS,HIS_SETTLEMENT,NSK-OCS-471912 HIS_SETTLEMENT 3358005YT7JQCWYLTG43,500180093,Journal Import 2591676:,//SETTLEMENT,2,,,,,750,0,Posted
26-09-2024,01.12102.000.0000.000.3706008.00000.000,eHIS,HIS_SETTLEMENT,NSK-OCS-471913 HIS_SETTLEMENT 3358005YT7JQCWYLTG43,500180183,Journal Import 2591676:,//SETTLEMENT,2,,,,,500,0,Posted
26-09-2024,01.12102.000.0000.000.3706008.00000.000,eHIS,HIS_SETTLEMENT,NSK-OCS-471914 HIS_SETTLEMENT 3358005YT7JQCWYLTG43,500179887,Journal Import 2591676:,//SETTLEMENT,2,,,,,800,0,Posted
26-09-2024,01.12102.000.0000.000.3706008.00000.000,eHIS,HIS_SETTLEMENT,NSK-OCS-471915 HIS_SETTLEMENT 3358005YT7JQCWYLTG43,500180335,Journal Import 2591676:,//SETTLEMENT,2,,,,,990,0,Posted
26-09-2024,01.12102.000.0000.000.3706008.00000.000,eHIS,HIS_SETTLEMENT,NSK-OCS-471916 HIS_SETTLEMENT 3358005YT7JQCWYLTG43,500179970,Journal Import 2591676:,//SETTLEMENT,2,,,,,300,0,Posted
26-09-2024,01.12102.000.0000.000.3706008.00000.000,eHIS,HIS_SETTLEMENT,NSK-OCS-471917 HIS_SETTLEMENT 3358005YT7JQCWYLTG43,500180121,Journal Import 2591676:,//SETTLEMENT,2,,,,,1200,0,Posted
26-09-2024,01.12102.000.0000.000.3706008.00000.000,eHIS,HIS_SETTLEMENT,NSK-OCS-471918 HIS_SETTLEMENT 3358005YT7JQCWYLTG43,500180087,Journal Import 2591676:,//SETTLEMENT,2,,,,,100,0,Posted
26-09-2024,01.12102.000.0000.000.3706008.00000.000,eHIS,HIS_SETTLEMENT,NSK-OCS-471919 HIS_SETTLEMENT 3358005YT7JQCWYLTG43,500179888,Journal Import 2591676:,//SETTLEMENT,2,,,,,800,0,Posted
26-09-2024,01.12102.000.0000.000.3706008.00000.000,eHIS,HIS_SETTLEMENT,NSK-OCS-471920 HIS_SETTLEMENT 3358005YT7JQCWYLTG43,500179945,Journal Import 2591676:,//SETTLEMENT,2,,,,,1850,0,Posted
26-09-2024,01.12102.000.0000.000.3706008.00000.000,eHIS,HIS_SETTLEMENT,NSK-OCS-471921 HIS_SETTLEMENT 3358005YT7JQCWYLTG43,500180184,Journal Import 2591676:,//SETTLEMENT,2,,,,,500,0,Posted
26-09-2024,01.12102.000.0000.000.3706008.00000.000,eHIS,HIS_SETTLEMENT,NSK-OCS-471922 HIS_SETTLEMENT 3358005YT7JQCWYLTG43,500180094,Journal Import 2591676:,//SETTLEMENT,2,,,,,750,0,Posted
26-09-2024,01.12102.000.0000.000.3706008.00000.000,eHIS,HIS_SETTLEMENT,NSK-OCS-471923 HIS_SETTLEMENT 3358005YT7JQCWYLTG43,500179971,Journal Import 2591676:,//SETTLEMENT,2,,,,,325,0,Posted
26-09-2024,01.12102.000.0000.000.3706008.00000.000,eHIS,HIS_SETTLEMENT,NSK-OCS-471924 HIS_SETTLEMENT 3358005YT7JQCWYLTG43,500179972,Journal Import 2591676:,//SETTLEMENT,2,,,,,1700,0,Posted
26-09-2024,01.12102.000.0000.000.3706008.00000.000,eHIS,HIS_SETTLEMENT,NSK-OCS-471925 HIS_SETTLEMENT 3358005YT7JQCWYLTG43,500180185,Journal Import 2591676:,//SETTLEMENT,2,,,,,500,0,Posted
26-09-2024,01.12102.000.0000.000.3706008.00000.000,eHIS,HIS_SETTLEMENT,NSK-OCS-471926 HIS_SETTLEMENT 3358005YT7JQCWYLTG43,500180095,Journal Import 2591676:,//SETTLEMENT,2,,,,,750,0,Posted
26-09-2024,01.12102.000.0000.000.3706008.00000.000,eHIS,HIS_SETTLEMENT,NSK-OCS-471927 HIS_SETTLEMENT 3358005YT7JQCWYLTG43,500180088,Journal Import 2591676:,//SETTLEMENT,2,,,,,100,0,Posted
26-09-2024,01.12102.000.0000.000.3706008.00000.000,eHIS,HIS_SETTLEMENT,NSK-OCS-471928 HIS_SETTLEMENT 3358005YT7JQCWYLTG43,500179909,Journal Import 2591676:,//SETTLEMENT,2,,,,,200,0,Posted
26-09-2024,01.12102.000.0000.000.3706008.00000.000,eHIS,HIS_SETTLEMENT,NSK-OCS-471929 HIS_SETTLEMENT 3358005YT7JQCWYLTG43,500180263,Journal Import 2591676:,//SETTLEMENT,2,,,,,4800,0,Posted
26-09-2024,01.12102.000.0000.000.3706008.00000.000,eHIS,HIS_SETTLEMENT,NSK-OCS-471930 HIS_SETTLEMENT 3358005YT7JQCWYLTG43,500180203,Journal Import 2591676:,//SETTLEMENT,2,,,,,500,0,Posted
26-09-2024,01.12102.000.0000.000.3706008.00000.000,eHIS,HIS_SETTLEMENT,NSK-OCS-471931 HIS_SETTLEMENT 3358005YT7JQCWYLTG43,500180190,Journal Import 2591676:,//SETTLEMENT,2,,,,,1100,0,Posted
26-09-2024,01.12102.000.0000.000.3706008.00000.000,eHIS,HIS_SETTLEMENT,NSK-OCS-471932 HIS_SETTLEMENT 3358005YT7JQCWYLTG43,500179895,Journal Import 2591676:,//SETTLEMENT,2,,,,,2100,0,Posted
26-09-2024,01.12102.000.0000.000.3706008.00000.000,eHIS,HIS_SETTLEMENT,NSK-OCS-471933 HIS_SETTLEMENT 3358005YT7JQCWYLTG43,500180261,Journal Import 2591676:,//SETTLEMENT,2,,,,,1000,0,Posted
26-09-2024,01.12102.000.0000.000.3706008.00000.000,eHIS,HIS_SETTLEMENT,NSK-OCS-471934 HIS_SETTLEMENT 3358005YT7JQCWYLTG43,500179889,Journal Import 2591676:,//SETTLEMENT,2,,,,,800,0,Posted
26-09-2024,01.12102.000.0000.000.3706008.00000.000,eHIS,HIS_SETTLEMENT,NSK-OCS-471935 HIS_SETTLEMENT 3358005YT7JQCWYLTG43,500179890,Journal Import 2591676:,//SETTLEMENT,2,,,,,800,0,Posted
26-09-2024,01.12102.000.0000.000.3706008.00000.000,eHIS,HIS_SETTLEMENT,NSK-OCS-471936 HIS_SETTLEMENT 3358005YT7JQCWYLTG43,500180204,Journal Import 2591676:,//SETTLEMENT,2,,,,,525,0,Posted
27-09-2024,01.12102.000.0000.000.3706008.00000.000,eHIS,HIS_SETTLEMENT,NSK-OCS-471937 HIS_SETTLEMENT 3358005YT7JQCWYLTG43,500180491,Journal Import 2599930:,//SETTLEMENT,2,,,,,1020,0,Posted
26-09-2024,01.12102.000.0000.000.3706008.00000.000,eHIS,HIS_SETTLEMENT,NSK-OCS-471938 HIS_SETTLEMENT 3358005YT7JQCWYLTG43,500179891,Journal Import 2591676:,//SETTLEMENT,2,,,,,800,0,Posted
26-09-2024,01.12102.000.0000.000.3706008.00000.000,eHIS,HIS_SETTLEMENT,NSK-OCS-471939 HIS_SETTLEMENT 3358005YT7JQCWYLTG43,500180046,Journal Import 2591676:,//SETTLEMENT,2,,,,,1300,0,Posted
26-09-2024,01.12102.000.0000.000.3706008.00000.000,eHIS,HIS_SETTLEMENT,NSK-OCS-471940 HIS_SETTLEMENT 3358005YT7JQCWYLTG43,500180089,Journal Import 2591676:,//SETTLEMENT,2,,,,,100,0,Posted
26-09-2024,01.12102.000.0000.000.3706008.00000.000,eHIS,HIS_SETTLEMENT,NSK-OCS-471941 HIS_SETTLEMENT 3358005YT7JQCWYLTG43,500180314,Journal Import 2591676:,//SETTLEMENT,2,,,,,900,0,Posted
26-09-2024,01.12102.000.0000.000.3706008.00000.000,eHIS,HIS_SETTLEMENT,NSK-OCS-471942 HIS_SETTLEMENT 3358005YT7JQCWYLTG43,500180337,Journal Import 2591676:,//SETTLEMENT,2,,,,,3500,0,Posted
26-09-2024,01.12102.000.0000.000.3706008.00000.000,eHIS,HIS_SETTLEMENT,NSK-OCS-471943 HIS_SETTLEMENT 3358005YT7JQCWYLTG43,500180262,Journal Import 2591676:,//SETTLEMENT,2,,,,,4350,0,Posted
26-09-2024,01.12102.000.0000.000.3706008.00000.000,eHIS,HIS_SETTLEMENT,NSK-OCS-471944 HIS_SETTLEMENT 3358005YT7JQCWYLTG43,500180302,Journal Import 2591676:,//SETTLEMENT,2,,,,,410,0,Posted
26-09-2024,01.12102.000.0000.000.3706008.00000.000,eHIS,HIS_SETTLEMENT,NSK-OCS-471945 HIS_SETTLEMENT 3358005YT7JQCWYLTG43,500179910,Journal Import 2591676:,//SETTLEMENT,2,,,,,200,0,Posted
26-09-2024,01.12102.000.0000.000.3706008.00000.000,eHIS,HIS_SETTLEMENT,NSK-OCS-471946 HIS_SETTLEMENT 3358005YT7JQCWYLTG43,500179892,Journal Import 2591676:,//SETTLEMENT,2,,,,,800,0,Posted
26-09-2024,01.12102.000.0000.000.3706008.00000.000,eHIS,HIS_SETTLEMENT,NSK-OCS-471947 HIS_SETTLEMENT 3358005YT7JQCWYLTG43,500180315,Journal Import 2591676:,//SETTLEMENT,2,,,,,900,0,Posted
26-09-2024,01.12102.000.0000.000.3706008.00000.000,eHIS,HIS_SETTLEMENT,NSK-OCS-471948 HIS_SETTLEMENT 3358005YT7JQCWYLTG43,500179946,Journal Import 2591676:,//SETTLEMENT,2,,,,,1850,0,Posted
26-09-2024,01.12102.000.0000.000.3706008.00000.000,eHIS,HIS_SETTLEMENT,NSK-OCS-471949 HIS_SETTLEMENT 3358005YT7JQCWYLTG43,500180090,Journal Import 2591676:,//SETTLEMENT,2,,,,,100,0,Posted
27-09-2024,01.12102.000.0000.000.3706008.00000.000,eHIS,HIS_SETTLEMENT,NSK-OCS-471950 HIS_SETTLEMENT 3358005YT7JQCWYLTG43,500180525,Journal Import 2591676:,//SETTLEMENT,2,,,,,3200,0,Posted
27-09-2024,01.12102.000.0000.000.3706008.00000.000,eHIS,HIS_SETTLEMENT,NSK-OCS-471951 HIS_SETTLEMENT 3358005YT7JQCWYLTG43,500180552,Journal Import 2591676:,//SETTLEMENT,2,,,,,100,0,Posted
27-09-2024,01.12102.000.0000.000.3706008.00000.000,eHIS,HIS_SETTLEMENT,NSK-OCS-471952 HIS_SETTLEMENT 3358005YT7JQCWYLTG43,500180524,Journal Import 2591676:,//SETTLEMENT,2,,,,,410,0,Posted
27-09-2024,01.12102.000.0000.000.3706008.00000.000,eHIS,HIS_SETTLEMENT,NSK-OCS-471953 HIS_SETTLEMENT 3358005YT7JQCWYLTG43,500180538,Journal Import 2591676:,//SETTLEMENT,2,,,,,500,0,Posted
27-09-2024,01.12102.000.0000.000.3706008.00000.000,eHIS,HIS_SETTLEMENT,NSK-OCS-471954 HIS_SETTLEMENT 3358005YT7JQCWYLTG43,500180555,Journal Import 2591676:,//SETTLEMENT,2,,,,,100,0,Posted
27-09-2024,01.12102.000.0000.000.3706008.00000.000,eHIS,HIS_SETTLEMENT,NSK-OCS-471955 HIS_SETTLEMENT 3358005YT7JQCWYLTG43,500180556,Journal Import 2591676:,//SETTLEMENT,2,,,,,100,0,Posted
27-09-2024,01.12102.000.0000.000.3706008.00000.000,eHIS,HIS_SETTLEMENT,NSK-OCS-471956 HIS_SETTLEMENT 3358005YT7JQCWYLTG43,500180906,Journal Import 2594090:,//SETTLEMENT,2,,,,,100,0,Posted
27-09-2024,01.12102.000.0000.000.3706008.00000.000,eHIS,HIS_SETTLEMENT,NSK-OCS-471957 HIS_SETTLEMENT 3358005YT7JQCWYLTG43,500180954,Journal Import 2594090:,//SETTLEMENT,2,,,,,1850,0,Posted
27-09-2024,01.12102.000.0000.000.3706008.00000.000,eHIS,HIS_SETTLEMENT,NSK-OCS-471958 HIS_SETTLEMENT 3358005YT7JQCWYLTG43,500180946,Journal Import 2594090:,//SETTLEMENT,2,,,,,700,0,Posted
27-09-2024,01.12102.000.0000.000.3706008.00000.000,eHIS,HIS_SETTLEMENT,NSK-OCS-471959 HIS_SETTLEMENT 3358005YT7JQCWYLTG43,500180866,Journal Import 2594090:,//SETTLEMENT,2,,,,,5400,0,Posted
27-09-2024,01.12102.000.0000.000.3706008.00000.000,eHIS,HIS_SETTLEMENT,NSK-OCS-471960 HIS_SETTLEMENT 3358005YT7JQCWYLTG43,500180905,Journal Import 2594090:,//SETTLEMENT,3,,,,,50,0,Posted
27-09-2024,01.12102.000.0000.000.3706008.00000.000,eHIS,HIS_SETTLEMENT,NSK-OCS-471960 HIS_SETTLEMENT 3358005YT7JQCWYLTG43,500180905,Journal Import 2594090:,//SETTLEMENT,4,,,,,2000,0,Posted
27-09-2024,01.12102.000.0000.000.3706008.00000.000,eHIS,HIS_SETTLEMENT,NSK-OCS-471961 HIS_SETTLEMENT 3358005YT7JQCWYLTG43,500180969,Journal Import 2594090:,//SETTLEMENT,2,,,,,3500,0,Posted
27-09-2024,01.12102.000.0000.000.3706008.00000.000,eHIS,HIS_SETTLEMENT,NSK-OCS-471962 HIS_SETTLEMENT 3358005YT7JQCWYLTG43,500180970,Journal Import 2594090:,//SETTLEMENT,2,,,,,3500,0,Posted
27-09-2024,01.12102.000.0000.000.3706008.00000.000,eHIS,HIS_SETTLEMENT,NSK-OCS-471963 HIS_SETTLEMENT 3358005YT7JQCWYLTG43,500180971,Journal Import 2594090:,//SETTLEMENT,2,,,,,3500,0,Posted
27-09-2024,01.12102.000.0000.000.3706008.00000.000,eHIS,HIS_SETTLEMENT,NSK-OCS-471964 HIS_SETTLEMENT 3358005YT7JQCWYLTG43,500180832,Journal Import 2594090:,//SETTLEMENT,2,,,,,1000,0,Posted
27-09-2024,01.12102.000.0000.000.3706008.00000.000,eHIS,HIS_SETTLEMENT,NSK-OCS-471965 HIS_SETTLEMENT 3358005YT7JQCWYLTG43,500180972,Journal Import 2594090:,//SETTLEMENT,2,,,,,3500,0,Posted
27-09-2024,01.12102.000.0000.000.3706008.00000.000,eHIS,HIS_SETTLEMENT,NSK-OCS-471966 HIS_SETTLEMENT 3358005YT7JQCWYLTG43,500180973,Journal Import 2594090:,//SETTLEMENT,2,,,,,3500,0,Posted
27-09-2024,01.12102.000.0000.000.3706008.00000.000,eHIS,HIS_SETTLEMENT,NSK-OCS-471967 HIS_SETTLEMENT 3358005YT7JQCWYLTG43,500180974,Journal Import 2594090:,//SETTLEMENT,2,,,,,3500,0,Posted
27-09-2024,01.12102.000.0000.000.3706008.00000.000,eHIS,HIS_SETTLEMENT,NSK-OCS-471968 HIS_SETTLEMENT 3358005YT7JQCWYLTG43,500180955,Journal Import 2594090:,//SETTLEMENT,2,,,,,1850,0,Posted
27-09-2024,01.12102.000.0000.000.3706008.00000.000,eHIS,HIS_SETTLEMENT,NSK-OCS-471969 HIS_SETTLEMENT 3358005YT7JQCWYLTG43,500180975,Journal Import 2594090:,//SETTLEMENT,2,,,,,3500,0,Posted
27-09-2024,01.12102.000.0000.000.3706008.00000.000,eHIS,HIS_SETTLEMENT,NSK-OCS-471970 HIS_SETTLEMENT 3358005YT7JQCWYLTG43,500180858,Journal Import 2594090:,//SETTLEMENT,2,,,,,3500,0,Posted
27-09-2024,01.12102.000.0000.000.3706008.00000.000,eHIS,HIS_SETTLEMENT,NSK-OCS-471971 HIS_SETTLEMENT 3358005YT7JQCWYLTG43,500180859,Journal Import 2594090:,//SETTLEMENT,2,,,,,3500,0,Posted
27-09-2024,01.12102.000.0000.000.3706008.00000.000,eHIS,HIS_SETTLEMENT,NSK-OCS-471972 HIS_SETTLEMENT 3358005YT7JQCWYLTG43,500180871,Journal Import 2594090:,//SETTLEMENT,2,,,,,21800,0,Posted
27-09-2024,01.12102.000.0000.000.3706008.00000.000,eHIS,HIS_SETTLEMENT,NSK-OCS-471973 HIS_SETTLEMENT 3358005YT7JQCWYLTG43,500180867,Journal Import 2594090:,//SETTLEMENT,2,,,,,5550,0,Posted
27-09-2024,01.12102.000.0000.000.3706008.00000.000,eHIS,HIS_SETTLEMENT,NSK-OCS-471974 HIS_SETTLEMENT 3358005YT7JQCWYLTG43,500180862,Journal Import 2594090:,//SETTLEMENT,2,,,,,3950,0,Posted
27-09-2024,01.12102.000.0000.000.3706008.00000.000,eHIS,HIS_SETTLEMENT,NSK-OCS-471975 HIS_SETTLEMENT 3358005YT7JQCWYLTG43,500180840,Journal Import 2594090:,//SETTLEMENT,2,,,,,1080,0,Posted
27-09-2024,01.12102.000.0000.000.3706008.00000.000,eHIS,HIS_SETTLEMENT,NSK-OCS-471976 HIS_SETTLEMENT 3358005YT7JQCWYLTG43,500180965,Journal Import 2594090:,//SETTLEMENT,2,,,,,2200,0,Posted
27-09-2024,01.12102.000.0000.000.3706008.00000.000,eHIS,HIS_SETTLEMENT,NSK-OCS-471977 HIS_SETTLEMENT 3358005YT7JQCWYLTG43,500180847,Journal Import 2594090:,//SETTLEMENT,2,,,,,1200,0,Posted
27-09-2024,01.12102.000.0000.000.3706008.00000.000,eHIS,HIS_SETTLEMENT,NSK-OCS-471978 HIS_SETTLEMENT 3358005YT7JQCWYLTG43,500180907,Journal Import 2594090:,//SETTLEMENT,2,,,,,100,0,Posted
27-09-2024,01.12102.000.0000.000.3706008.00000.000,eHIS,HIS_SETTLEMENT,NSK-OCS-471979 HIS_SETTLEMENT 3358005YT7JQCWYLTG43,500180848,Journal Import 2594090:,//SETTLEMENT,2,,,,,1200,0,Posted
27-09-2024,01.12102.000.0000.000.3706008.00000.000,eHIS,HIS_SETTLEMENT,NSK-OCS-471980 HIS_SETTLEMENT 3358005YT7JQCWYLTG43,500180849,Journal Import 2594090:,//SETTLEMENT,2,,,,,1200,0,Posted
27-09-2024,01.12102.000.0000.000.3706008.00000.000,eHIS,HIS_SETTLEMENT,NSK-OCS-471981 HIS_SETTLEMENT 3358005YT7JQCWYLTG43,500180929,Journal Import 2594090:,//SETTLEMENT,2,,,,,450,0,Posted
27-09-2024,01.12102.000.0000.000.3706008.00000.000,eHIS,HIS_SETTLEMENT,NSK-OCS-471982 HIS_SETTLEMENT 3358005YT7JQCWYLTG43,500180948,Journal Import 2594090:,//SETTLEMENT,2,,,,,800,0,Posted
27-09-2024,01.12102.000.0000.000.3706008.00000.000,eHIS,HIS_SETTLEMENT,NSK-OCS-471983 HIS_SETTLEMENT 3358005YT7JQCWYLTG43,500180908,Journal Import 2594090:,//SETTLEMENT,2,,,,,100,0,Posted
27-09-2024,01.12102.000.0000.000.3706008.00000.000,eHIS,HIS_SETTLEMENT,NSK-OCS-471984 HIS_SETTLEMENT 3358005YT7JQCWYLTG43,500180864,Journal Import 2594090:,//SETTLEMENT,2,,,,,4457,0,Posted
27-09-2024,01.12102.000.0000.000.3706008.00000.000,eHIS,HIS_SETTLEMENT,NSK-OCS-471985 HIS_SETTLEMENT 3358005YT7JQCWYLTG43,500180909,Journal Import 2594090:,//SETTLEMENT,2,,,,,100,0,Posted
27-09-2024,01.12102.000.0000.000.3706008.00000.000,eHIS,HIS_SETTLEMENT,NSK-OCS-471986 HIS_SETTLEMENT 3358005YT7JQCWYLTG43,500180964,Journal Import 2594090:,//SETTLEMENT,2,,,,,2000,0,Posted
27-09-2024,01.12102.000.0000.000.3706008.00000.000,eHIS,HIS_SETTLEMENT,NSK-OCS-471987 HIS_SETTLEMENT 3358005YT7JQCWYLTG43,500180956,Journal Import 2594090:,//SETTLEMENT,2,,,,,1850,0,Posted
27-09-2024,01.12102.000.0000.000.3706008.00000.000,eHIS,HIS_SETTLEMENT,NSK-OCS-471988 HIS_SETTLEMENT 3358005YT7JQCWYLTG43,500180931,Journal Import 2594090:,//SETTLEMENT,2,,,,,500,0,Posted
27-09-2024,01.12102.000.0000.000.3706008.00000.000,eHIS,HIS_SETTLEMENT,NSK-OCS-471989 HIS_SETTLEMENT 3358005YT7JQCWYLTG43,500180829,Journal Import 2594090:,//SETTLEMENT,2,,,,,900,0,Posted
27-09-2024,01.12102.000.0000.000.3706008.00000.000,eHIS,HIS_SETTLEMENT,NSK-OCS-471990 HIS_SETTLEMENT 3358005YT7JQCWYLTG43,500180957,Journal Import 2594090:,//SETTLEMENT,2,,,,,1850,0,Posted
27-09-2024,01.12102.000.0000.000.3706008.00000.000,eHIS,HIS_SETTLEMENT,NSK-OCS-471991 HIS_SETTLEMENT 3358005YT7JQCWYLTG43,500180821,Journal Import 2594090:,//SETTLEMENT,2,,,,,800,0,Posted
27-09-2024,01.12102.000.0000.000.3706008.00000.000,eHIS,HIS_SETTLEMENT,NSK-OCS-471992 HIS_SETTLEMENT 3358005YT7JQCWYLTG43,500180947,Journal Import 2594090:,//SETTLEMENT,2,,,,,750,0,Posted
27-09-2024,01.12102.000.0000.000.3706008.00000.000,eHIS,HIS_SETTLEMENT,NSK-OCS-471993 HIS_SETTLEMENT 3358005YT7JQCWYLTG43,500180958,Journal Import 2594090:,//SETTLEMENT,2,,,,,1850,0,Posted
27-09-2024,01.12102.000.0000.000.3706008.00000.000,eHIS,HIS_SETTLEMENT,NSK-OCS-471994 HIS_SETTLEMENT 3358005YT7JQCWYLTG43,500180833,Journal Import 2594090:,//SETTLEMENT,2,,,,,1000,0,Posted
27-09-2024,01.12102.000.0000.000.3706008.00000.000,eHIS,HIS_SETTLEMENT,NSK-OCS-471995 HIS_SETTLEMENT 3358005YT7JQCWYLTG43,500180919,Journal Import 2594090:,//SETTLEMENT,2,,,,,250,0,Posted
27-09-2024,01.12102.000.0000.000.3706008.00000.000,eHIS,HIS_SETTLEMENT,NSK-OCS-471996 HIS_SETTLEMENT 3358005YT7JQCWYLTG43,500180490,Journal Import 2599930:,//SETTLEMENT,2,,,,,820,0,Posted
27-09-2024,01.12102.000.0000.000.3706008.00000.000,eHIS,HIS_SETTLEMENT,NSK-OCS-471997 HIS_SETTLEMENT 3358005YT7JQCWYLTG43,500180841,Journal Import 2594090:,//SETTLEMENT,2,,,,,1100,0,Posted
27-09-2024,01.12102.000.0000.000.3706008.00000.000,eHIS,HIS_SETTLEMENT,NSK-OCS-471998 HIS_SETTLEMENT 3358005YT7JQCWYLTG43,500180857,Journal Import 2594090:,//SETTLEMENT,2,,,,,1700,0,Posted
27-09-2024,01.12102.000.0000.000.3706008.00000.000,eHIS,HIS_SETTLEMENT,NSK-OCS-471999 HIS_SETTLEMENT 3358005YT7JQCWYLTG43,500180842,Journal Import 2594090:,//SETTLEMENT,2,,,,,1100,0,Posted
27-09-2024,01.12102.000.0000.000.3706008.00000.000,eHIS,HIS_SETTLEMENT,NSK-OCS-472000 HIS_SETTLEMENT 3358005YT7JQCWYLTG43,500180966,Journal Import 2594090:,//SETTLEMENT,2,,,,,2250,0,Posted
27-09-2024,01.12102.000.0000.000.3706008.00000.000,eHIS,HIS_SETTLEMENT,NSK-OCS-472001 HIS_SETTLEMENT 3358005YT7JQCWYLTG43,500180489,Journal Import 2599930:,//SETTLEMENT,2,,,,,400,0,Posted
27-09-2024,01.12102.000.0000.000.3706008.00000.000,eHIS,HIS_SETTLEMENT,NSK-OCS-472002 HIS_SETTLEMENT 3358005YT7JQCWYLTG43,500180843,Journal Import 2594090:,//SETTLEMENT,2,,,,,1100,0,Posted
27-09-2024,01.12102.000.0000.000.3706008.00000.000,eHIS,HIS_SETTLEMENT,NSK-OCS-472003 HIS_SETTLEMENT 3358005YT7JQCWYLTG43,500180917,Journal Import 2594090:,//SETTLEMENT,3,,,,,200,0,Posted
27-09-2024,01.12102.000.0000.000.3706008.00000.000,eHIS,HIS_SETTLEMENT,NSK-OCS-472003 HIS_SETTLEMENT 3358005YT7JQCWYLTG43,500180917,Journal Import 2594090:,//SETTLEMENT,4,,,,,1000,0,Posted
27-09-2024,01.12102.000.0000.000.3706008.00000.000,eHIS,HIS_SETTLEMENT,NSK-OCS-472004 HIS_SETTLEMENT 3358005YT7JQCWYLTG43,500180850,Journal Import 2594090:,//SETTLEMENT,2,,,,,1200,0,Posted
27-09-2024,01.12102.000.0000.000.3706008.00000.000,eHIS,HIS_SETTLEMENT,NSK-OCS-472005 HIS_SETTLEMENT 3358005YT7JQCWYLTG43,500180920,Journal Import 2594090:,//SETTLEMENT,2,,,,,250,0,Posted
27-09-2024,01.12102.000.0000.000.3706008.00000.000,eHIS,HIS_SETTLEMENT,NSK-OCS-472006 HIS_SETTLEMENT 3358005YT7JQCWYLTG43,500180910,Journal Import 2594090:,//SETTLEMENT,2,,,,,100,0,Posted
27-09-2024,01.12102.000.0000.000.3706008.00000.000,eHIS,HIS_SETTLEMENT,NSK-OCS-472007 HIS_SETTLEMENT 3358005YT7JQCWYLTG43,500180918,Journal Import 2594090:,//SETTLEMENT,2,,,,,200,0,Posted
28-09-2024,01.12102.000.0000.000.3706008.00000.000,eHIS,HIS_SETTLEMENT,NSK-OCS-472008 HIS_SETTLEMENT 3358005YT7JQCWYLTG43,500181157,Journal Import 2599930:,//SETTLEMENT,2,,,,,340,0,Posted
27-09-2024,01.12102.000.0000.000.3706008.00000.000,eHIS,HIS_SETTLEMENT,NSK-OCS-472009 HIS_SETTLEMENT 3358005YT7JQCWYLTG43,500180944,Journal Import 2594090:,//SETTLEMENT,2,,,,,555,0,Posted
27-09-2024,01.12102.000.0000.000.3706008.00000.000,eHIS,HIS_SETTLEMENT,NSK-OCS-472010 HIS_SETTLEMENT 3358005YT7JQCWYLTG43,500180851,Journal Import 2594090:,//SETTLEMENT,2,,,,,1200,0,Posted
27-09-2024,01.12102.000.0000.000.3706008.00000.000,eHIS,HIS_SETTLEMENT,NSK-OCS-472011 HIS_SETTLEMENT 3358005YT7JQCWYLTG43,500180822,Journal Import 2594090:,//SETTLEMENT,2,,,,,800,0,Posted
27-09-2024,01.12102.000.0000.000.3706008.00000.000,eHIS,HIS_SETTLEMENT,NSK-OCS-472012 HIS_SETTLEMENT 3358005YT7JQCWYLTG43,500180922,Journal Import 2594090:,//SETTLEMENT,2,,,,,299,0,Posted
27-09-2024,01.12102.000.0000.000.3706008.00000.000,eHIS,HIS_SETTLEMENT,NSK-OCS-472013 HIS_SETTLEMENT 3358005YT7JQCWYLTG43,500180927,Journal Import 2594090:,//SETTLEMENT,2,,,,,350,0,Posted
27-09-2024,01.12102.000.0000.000.3706008.00000.000,eHIS,HIS_SETTLEMENT,NSK-OCS-472014 HIS_SETTLEMENT 3358005YT7JQCWYLTG43,500180932,Journal Import 2594090:,//SETTLEMENT,2,,,,,500,0,Posted
27-09-2024,01.12102.000.0000.000.3706008.00000.000,eHIS,HIS_SETTLEMENT,NSK-OCS-472015 HIS_SETTLEMENT 3358005YT7JQCWYLTG43,500180834,Journal Import 2594090:,//SETTLEMENT,2,,,,,1000,0,Posted
27-09-2024,01.12102.000.0000.000.3706008.00000.000,eHIS,HIS_SETTLEMENT,NSK-OCS-472016 HIS_SETTLEMENT 3358005YT7JQCWYLTG43,500180923,Journal Import 2594090:,//SETTLEMENT,2,,,,,299,0,Posted
27-09-2024,01.12102.000.0000.000.3706008.00000.000,eHIS,HIS_SETTLEMENT,NSK-OCS-472017 HIS_SETTLEMENT 3358005YT7JQCWYLTG43,500180968,Journal Import 2594090:,//SETTLEMENT,2,,,,,3000,0,Posted
27-09-2024,01.12102.000.0000.000.3706008.00000.000,eHIS,HIS_SETTLEMENT,NSK-OCS-472018 HIS_SETTLEMENT 3358005YT7JQCWYLTG43,500180852,Journal Import 2594090:,//SETTLEMENT,2,,,,,1200,0,Posted
27-09-2024,01.12102.000.0000.000.3706008.00000.000,eHIS,HIS_SETTLEMENT,NSK-OCS-472019 HIS_SETTLEMENT 3358005YT7JQCWYLTG43,500180924,Journal Import 2594090:,//SETTLEMENT,2,,,,,299,0,Posted
27-09-2024,01.12102.000.0000.000.3706008.00000.000,eHIS,HIS_SETTLEMENT,NSK-OCS-472020 HIS_SETTLEMENT 3358005YT7JQCWYLTG43,500180868,Journal Import 2594090:,//SETTLEMENT,2,,,,,6960,0,Posted
27-09-2024,01.12102.000.0000.000.3706008.00000.000,eHIS,HIS_SETTLEMENT,NSK-OCS-472021 HIS_SETTLEMENT 3358005YT7JQCWYLTG43,500180921,Journal Import 2594090:,//SETTLEMENT,2,,,,,250,0,Posted
27-09-2024,01.12102.000.0000.000.3706008.00000.000,eHIS,HIS_SETTLEMENT,NSK-OCS-472022 HIS_SETTLEMENT 3358005YT7JQCWYLTG43,500180925,Journal Import 2594090:,//SETTLEMENT,2,,,,,299,0,Posted
27-09-2024,01.12102.000.0000.000.3706008.00000.000,eHIS,HIS_SETTLEMENT,NSK-OCS-472023 HIS_SETTLEMENT 3358005YT7JQCWYLTG43,500180823,Journal Import 2594090:,//SETTLEMENT,2,,,,,800,0,Posted
27-09-2024,01.12102.000.0000.000.3706008.00000.000,eHIS,HIS_SETTLEMENT,NSK-OCS-472024 HIS_SETTLEMENT 3358005YT7JQCWYLTG43,500180844,Journal Import 2594090:,//SETTLEMENT,2,,,,,1100,0,Posted
27-09-2024,01.12102.000.0000.000.3706008.00000.000,eHIS,HIS_SETTLEMENT,NSK-OCS-472025 HIS_SETTLEMENT 3358005YT7JQCWYLTG43,500180933,Journal Import 2594090:,//SETTLEMENT,2,,,,,500,0,Posted
27-09-2024,01.12102.000.0000.000.3706008.00000.000,eHIS,HIS_SETTLEMENT,NSK-OCS-472026 HIS_SETTLEMENT 3358005YT7JQCWYLTG43,500180824,Journal Import 2594090:,//SETTLEMENT,2,,,,,800,0,Posted
27-09-2024,01.12102.000.0000.000.3706008.00000.000,eHIS,HIS_SETTLEMENT,NSK-OCS-472027 HIS_SETTLEMENT 3358005YT7JQCWYLTG43,500180934,Journal Import 2594090:,//SETTLEMENT,2,,,,,500,0,Posted
27-09-2024,01.12102.000.0000.000.3706008.00000.000,eHIS,HIS_SETTLEMENT,NSK-OCS-472028 HIS_SETTLEMENT 3358005YT7JQCWYLTG43,500180935,Journal Import 2594090:,//SETTLEMENT,2,,,,,500,0,Posted
28-09-2024,01.12102.000.0000.000.3706008.00000.000,eHIS,HIS_SETTLEMENT,NSK-OCS-472029 HIS_SETTLEMENT 3358005YT7JQCWYLTG43,500181146,Journal Import 2599930:,//SETTLEMENT,2,,,,,820,0,Posted
27-09-2024,01.12102.000.0000.000.3706008.00000.000,eHIS,HIS_SETTLEMENT,NSK-OCS-472030 HIS_SETTLEMENT 3358005YT7JQCWYLTG43,500180835,Journal Import 2594090:,//SETTLEMENT,2,,,,,1000,0,Posted
27-09-2024,01.12102.000.0000.000.3706008.00000.000,eHIS,HIS_SETTLEMENT,NSK-OCS-472031 HIS_SETTLEMENT 3358005YT7JQCWYLTG43,500180911,Journal Import 2594090:,//SETTLEMENT,2,,,,,100,0,Posted
27-09-2024,01.12102.000.0000.000.3706008.00000.000,eHIS,HIS_SETTLEMENT,NSK-OCS-472032 HIS_SETTLEMENT 3358005YT7JQCWYLTG43,500180926,Journal Import 2594090:,//SETTLEMENT,2,,,,,299,0,Posted
27-09-2024,01.12102.000.0000.000.3706008.00000.000,eHIS,HIS_SETTLEMENT,NSK-OCS-472033 HIS_SETTLEMENT 3358005YT7JQCWYLTG43,500180936,Journal Import 2594090:,//SETTLEMENT,2,,,,,500,0,Posted
27-09-2024,01.12102.000.0000.000.3706008.00000.000,eHIS,HIS_SETTLEMENT,NSK-OCS-472034 HIS_SETTLEMENT 3358005YT7JQCWYLTG43,500180937,Journal Import 2594090:,//SETTLEMENT,2,,,,,500,0,Posted
27-09-2024,01.12102.000.0000.000.3706008.00000.000,eHIS,HIS_SETTLEMENT,NSK-OCS-472035 HIS_SETTLEMENT 3358005YT7JQCWYLTG43,500180830,Journal Import 2594090:,//SETTLEMENT,2,,,,,900,0,Posted
27-09-2024,01.12102.000.0000.000.3706008.00000.000,eHIS,HIS_SETTLEMENT,NSK-OCS-472036 HIS_SETTLEMENT 3358005YT7JQCWYLTG43,500180836,Journal Import 2594090:,//SETTLEMENT,2,,,,,1000,0,Posted
27-09-2024,01.12102.000.0000.000.3706008.00000.000,eHIS,HIS_SETTLEMENT,NSK-OCS-472037 HIS_SETTLEMENT 3358005YT7JQCWYLTG43,500180912,Journal Import 2594090:,//SETTLEMENT,2,,,,,100,0,Posted
27-09-2024,01.12102.000.0000.000.3706008.00000.000,eHIS,HIS_SETTLEMENT,NSK-OCS-472038 HIS_SETTLEMENT 3358005YT7JQCWYLTG43,500180837,Journal Import 2594090:,//SETTLEMENT,2,,,,,1000,0,Posted
27-09-2024,01.12102.000.0000.000.3706008.00000.000,eHIS,HIS_SETTLEMENT,NSK-OCS-472039 HIS_SETTLEMENT 3358005YT7JQCWYLTG43,500180945,Journal Import 2594090:,//SETTLEMENT,2,,,,,650,0,Posted
27-09-2024,01.12102.000.0000.000.3706008.00000.000,eHIS,HIS_SETTLEMENT,NSK-OCS-472040 HIS_SETTLEMENT 3358005YT7JQCWYLTG43,500180913,Journal Import 2594090:,//SETTLEMENT,2,,,,,100,0,Posted
27-09-2024,01.12102.000.0000.000.3706008.00000.000,eHIS,HIS_SETTLEMENT,NSK-OCS-472041 HIS_SETTLEMENT 3358005YT7JQCWYLTG43,500180914,Journal Import 2594090:,//SETTLEMENT,2,,,,,100,0,Posted
27-09-2024,01.12102.000.0000.000.3706008.00000.000,eHIS,HIS_SETTLEMENT,NSK-OCS-472042 HIS_SETTLEMENT 3358005YT7JQCWYLTG43,500180838,Journal Import 2594090:,//SETTLEMENT,2,,,,,1000,0,Posted
27-09-2024,01.12102.000.0000.000.3706008.00000.000,eHIS,HIS_SETTLEMENT,NSK-OCS-472043 HIS_SETTLEMENT 3358005YT7JQCWYLTG43,500180825,Journal Import 2594090:,//SETTLEMENT,2,,,,,800,0,Posted
27-09-2024,01.12102.000.0000.000.3706008.00000.000,eHIS,HIS_SETTLEMENT,NSK-OCS-472044 HIS_SETTLEMENT 3358005YT7JQCWYLTG43,500180938,Journal Import 2594090:,//SETTLEMENT,2,,,,,500,0,Posted
27-09-2024,01.12102.000.0000.000.3706008.00000.000,eHIS,HIS_SETTLEMENT,NSK-OCS-472045 HIS_SETTLEMENT 3358005YT7JQCWYLTG43,500180939,Journal Import 2594090:,//SETTLEMENT,2,,,,,500,0,Posted
27-09-2024,01.12102.000.0000.000.3706008.00000.000,eHIS,HIS_SETTLEMENT,NSK-OCS-472046 HIS_SETTLEMENT 3358005YT7JQCWYLTG43,500180845,Journal Import 2594090:,//SETTLEMENT,2,,,,,1100,0,Posted
27-09-2024,01.12102.000.0000.000.3706008.00000.000,eHIS,HIS_SETTLEMENT,NSK-OCS-472047 HIS_SETTLEMENT 3358005YT7JQCWYLTG43,500180831,Journal Import 2594090:,//SETTLEMENT,2,,,,,900,0,Posted
27-09-2024,01.12102.000.0000.000.3706008.00000.000,eHIS,HIS_SETTLEMENT,NSK-OCS-472048 HIS_SETTLEMENT 3358005YT7JQCWYLTG43,500180940,Journal Import 2594090:,//SETTLEMENT,2,,,,,500,0,Posted
27-09-2024,01.12102.000.0000.000.3706008.00000.000,eHIS,HIS_SETTLEMENT,NSK-OCS-472049 HIS_SETTLEMENT 3358005YT7JQCWYLTG43,500180915,Journal Import 2594090:,//SETTLEMENT,2,,,,,100,0,Posted
28-09-2024,01.12102.000.0000.000.3706008.00000.000,eHIS,HIS_SETTLEMENT,NSK-OCS-472050 HIS_SETTLEMENT 3358005YT7JQCWYLTG43,500181147,Journal Import 2599930:,//SETTLEMENT,2,,,,,1350,0,Posted
27-09-2024,01.12102.000.0000.000.3706008.00000.000,eHIS,HIS_SETTLEMENT,NSK-OCS-472051 HIS_SETTLEMENT 3358005YT7JQCWYLTG43,500180959,Journal Import 2594090:,//SETTLEMENT,2,,,,,1850,0,Posted
27-09-2024,01.12102.000.0000.000.3706008.00000.000,eHIS,HIS_SETTLEMENT,NSK-OCS-472052 HIS_SETTLEMENT 3358005YT7JQCWYLTG43,500180860,Journal Import 2594090:,//SETTLEMENT,2,,,,,3500,0,Posted
27-09-2024,01.12102.000.0000.000.3706008.00000.000,eHIS,HIS_SETTLEMENT,NSK-OCS-472053 HIS_SETTLEMENT 3358005YT7JQCWYLTG43,500180853,Journal Import 2594090:,//SETTLEMENT,2,,,,,1200,0,Posted
27-09-2024,01.12102.000.0000.000.3706008.00000.000,eHIS,HIS_SETTLEMENT,NSK-OCS-472054 HIS_SETTLEMENT 3358005YT7JQCWYLTG43,500180826,Journal Import 2594090:,//SETTLEMENT,2,,,,,800,0,Posted
27-09-2024,01.12102.000.0000.000.3706008.00000.000,eHIS,HIS_SETTLEMENT,NSK-OCS-472055 HIS_SETTLEMENT 3358005YT7JQCWYLTG43,500180854,Journal Import 2594090:,//SETTLEMENT,2,,,,,1200,0,Posted
28-09-2024,01.12102.000.0000.000.3706008.00000.000,eHIS,HIS_SETTLEMENT,NSK-OCS-472056 HIS_SETTLEMENT 3358005YT7JQCWYLTG43,500181145,Journal Import 2599930:,//SETTLEMENT,2,,,,,720,0,Posted
27-09-2024,01.12102.000.0000.000.3706008.00000.000,eHIS,HIS_SETTLEMENT,NSK-OCS-472057 HIS_SETTLEMENT 3358005YT7JQCWYLTG43,500180827,Journal Import 2594090:,//SETTLEMENT,2,,,,,800,0,Posted
27-09-2024,01.12102.000.0000.000.3706008.00000.000,eHIS,HIS_SETTLEMENT,NSK-OCS-472058 HIS_SETTLEMENT 3358005YT7JQCWYLTG43,500180941,Journal Import 2594090:,//SETTLEMENT,2,,,,,500,0,Posted
27-09-2024,01.12102.000.0000.000.3706008.00000.000,eHIS,HIS_SETTLEMENT,NSK-OCS-472059 HIS_SETTLEMENT 3358005YT7JQCWYLTG43,500180942,Journal Import 2594090:,//SETTLEMENT,2,,,,,500,0,Posted
27-09-2024,01.12102.000.0000.000.3706008.00000.000,eHIS,HIS_SETTLEMENT,NSK-OCS-472060 HIS_SETTLEMENT 3358005YT7JQCWYLTG43,500180960,Journal Import 2594090:,//SETTLEMENT,2,,,,,1850,0,Posted
27-09-2024,01.12102.000.0000.000.3706008.00000.000,eHIS,HIS_SETTLEMENT,NSK-OCS-472061 HIS_SETTLEMENT 3358005YT7JQCWYLTG43,500180943,Journal Import 2594090:,//SETTLEMENT,2,,,,,500,0,Posted
27-09-2024,01.12102.000.0000.000.3706008.00000.000,eHIS,HIS_SETTLEMENT,NSK-OCS-472062 HIS_SETTLEMENT 3358005YT7JQCWYLTG43,500180856,Journal Import 2594090:,//SETTLEMENT,3,,,,,1500,0,Posted
27-09-2024,01.12102.000.0000.000.3706008.00000.000,eHIS,HIS_SETTLEMENT,NSK-OCS-472062 HIS_SETTLEMENT 3358005YT7JQCWYLTG43,500180856,Journal Import 2594090:,//SETTLEMENT,4,,,,,2000,0,Posted
27-09-2024,01.12102.000.0000.000.3706008.00000.000,eHIS,HIS_SETTLEMENT,NSK-OCS-472063 HIS_SETTLEMENT 3358005YT7JQCWYLTG43,500180967,Journal Import 2594090:,//SETTLEMENT,2,,,,,2750,0,Posted
27-09-2024,01.12102.000.0000.000.3706008.00000.000,eHIS,HIS_SETTLEMENT,NSK-OCS-472064 HIS_SETTLEMENT 3358005YT7JQCWYLTG43,500180953,Journal Import 2594090:,//SETTLEMENT,2,,,,,1700,0,Posted
27-09-2024,01.12102.000.0000.000.3706008.00000.000,eHIS,HIS_SETTLEMENT,NSK-OCS-472065 HIS_SETTLEMENT 3358005YT7JQCWYLTG43,500180828,Journal Import 2594090:,//SETTLEMENT,2,,,,,800,0,Posted
27-09-2024,01.12102.000.0000.000.3706008.00000.000,eHIS,HIS_SETTLEMENT,NSK-OCS-472066 HIS_SETTLEMENT 3358005YT7JQCWYLTG43,500180916,Journal Import 2594090:,//SETTLEMENT,2,,,,,100,0,Posted
27-09-2024,01.12102.000.0000.000.3706008.00000.000,eHIS,HIS_SETTLEMENT,NSK-OCS-472067 HIS_SETTLEMENT 3358005YT7JQCWYLTG43,500180961,Journal Import 2594090:,//SETTLEMENT,2,,,,,1850,0,Posted
27-09-2024,01.12102.000.0000.000.3706008.00000.000,eHIS,HIS_SETTLEMENT,NSK-OCS-472068 HIS_SETTLEMENT 3358005YT7JQCWYLTG43,500180855,Journal Import 2594090:,//SETTLEMENT,2,,,,,1250,0,Posted
27-09-2024,01.12102.000.0000.000.3706008.00000.000,eHIS,HIS_SETTLEMENT,NSK-OCS-472069 HIS_SETTLEMENT 3358005YT7JQCWYLTG43,500180962,Journal Import 2594090:,//SETTLEMENT,2,,,,,1850,0,Posted
28-09-2024,01.12102.000.0000.000.3706008.00000.000,eHIS,HIS_SETTLEMENT,NSK-OCS-472070 HIS_SETTLEMENT 3358005YT7JQCWYLTG43,500181238,Journal Import 2594090:,//SETTLEMENT,2,,,,,6700,0,Posted
28-09-2024,01.12102.000.0000.000.3706008.00000.000,eHIS,HIS_SETTLEMENT,NSK-OCS-472071 HIS_SETTLEMENT 3358005YT7JQCWYLTG43,500181669,Journal Import 2594090:,//SETTLEMENT,2,,,,,2450,0,Posted
28-09-2024,01.12102.000.0000.000.3706008.00000.000,eHIS,HIS_SETTLEMENT,NSK-OCS-472072 HIS_SETTLEMENT 3358005YT7JQCWYLTG43,500181235,Journal Import 2594090:,//SETTLEMENT,2,,,,,1250,0,Posted
28-09-2024,01.12102.000.0000.000.3706008.00000.000,eHIS,HIS_SETTLEMENT,NSK-OCS-472073 HIS_SETTLEMENT 3358005YT7JQCWYLTG43,500181233,Journal Import 2594090:,//SETTLEMENT,2,,,,,100,0,Posted
28-09-2024,01.12102.000.0000.000.3706008.00000.000,eHIS,HIS_SETTLEMENT,NSK-OCS-472074 HIS_SETTLEMENT 3358005YT7JQCWYLTG43,500181144,Journal Import 2599930:,//SETTLEMENT,2,,,,,450,0,Posted
28-09-2024,01.12102.000.0000.000.3706008.00000.000,eHIS,HIS_SETTLEMENT,NSK-OCS-472075 HIS_SETTLEMENT 3358005YT7JQCWYLTG43,500181156,Journal Import 2599930:,//SETTLEMENT,2,,,,,175,0,Posted
28-09-2024,01.12102.000.0000.000.3706008.00000.000,eHIS,HIS_SETTLEMENT,NSK-OCS-472076 HIS_SETTLEMENT 3358005YT7JQCWYLTG43,500181159,Journal Import 2604437:,//SETTLEMENT,2,,,,,100,0,Posted
28-09-2024,01.12102.000.0000.000.3706008.00000.000,eHIS,HIS_SETTLEMENT,NSK-OCS-472077 HIS_SETTLEMENT 3358005YT7JQCWYLTG43,500181160,Journal Import 2604437:,//SETTLEMENT,2,,,,,100,0,Posted
28-09-2024,01.12102.000.0000.000.3706008.00000.000,eHIS,HIS_SETTLEMENT,NSK-OCS-472078 HIS_SETTLEMENT 3358005YT7JQCWYLTG43,500181064,Journal Import 2604437:,//SETTLEMENT,2,,,,,21800,0,Posted
28-09-2024,01.12102.000.0000.000.3706008.00000.000,eHIS,HIS_SETTLEMENT,NSK-OCS-472079 HIS_SETTLEMENT 3358005YT7JQCWYLTG43,500181020,Journal Import 2604437:,//SETTLEMENT,2,,,,,1538,0,Posted
28-09-2024,01.12102.000.0000.000.3706008.00000.000,eHIS,HIS_SETTLEMENT,NSK-OCS-472080 HIS_SETTLEMENT 3358005YT7JQCWYLTG43,500181110,Journal Import 2604437:,//SETTLEMENT,2,,,,,1000,0,Posted
28-09-2024,01.12102.000.0000.000.3706008.00000.000,eHIS,HIS_SETTLEMENT,NSK-OCS-472081 HIS_SETTLEMENT 3358005YT7JQCWYLTG43,500181049,Journal Import 2604437:,//SETTLEMENT,2,,,,,4500,0,Posted
28-09-2024,01.12102.000.0000.000.3706008.00000.000,eHIS,HIS_SETTLEMENT,NSK-OCS-472082 HIS_SETTLEMENT 3358005YT7JQCWYLTG43,500181043,Journal Import 2604437:,//SETTLEMENT,2,,,,,3500,0,Posted
28-09-2024,01.12102.000.0000.000.3706008.00000.000,eHIS,HIS_SETTLEMENT,NSK-OCS-472083 HIS_SETTLEMENT 3358005YT7JQCWYLTG43,500181187,Journal Import 2604437:,//SETTLEMENT,2,,,,,450,0,Posted
28-09-2024,01.12102.000.0000.000.3706008.00000.000,eHIS,HIS_SETTLEMENT,NSK-OCS-472084 HIS_SETTLEMENT 3358005YT7JQCWYLTG43,500181047,Journal Import 2604437:,//SETTLEMENT,2,,,,,4000,0,Posted
28-09-2024,01.12102.000.0000.000.3706008.00000.000,eHIS,HIS_SETTLEMENT,NSK-OCS-472085 HIS_SETTLEMENT 3358005YT7JQCWYLTG43,500181048,Journal Import 2604437:,//SETTLEMENT,2,,,,,4270,0,Posted
28-09-2024,01.12102.000.0000.000.3706008.00000.000,eHIS,HIS_SETTLEMENT,NSK-OCS-472086 HIS_SETTLEMENT 3358005YT7JQCWYLTG43,500181677,Journal Import 2604437:,//SETTLEMENT,2,,,,,650,0,Posted
28-09-2024,01.12102.000.0000.000.3706008.00000.000,eHIS,HIS_SETTLEMENT,NSK-OCS-472087 HIS_SETTLEMENT 3358005YT7JQCWYLTG43,500181674,Journal Import 2604437:,//SETTLEMENT,2,,,,,600,0,Posted
28-09-2024,01.12102.000.0000.000.3706008.00000.000,eHIS,HIS_SETTLEMENT,NSK-OCS-472088 HIS_SETTLEMENT 3358005YT7JQCWYLTG43,500181100,Journal Import 2604437:,//SETTLEMENT,2,,,,,850,0,Posted
28-09-2024,01.12102.000.0000.000.3706008.00000.000,eHIS,HIS_SETTLEMENT,NSK-OCS-472089 HIS_SETTLEMENT 3358005YT7JQCWYLTG43,500181616,Journal Import 2659341:,//SETTLEMENT,2,,,,,4200,0,Posted
28-09-2024,01.12102.000.0000.000.3706008.00000.000,eHIS,HIS_SETTLEMENT,NSK-OCS-472090 HIS_SETTLEMENT 3358005YT7JQCWYLTG43,500181190,Journal Import 2604437:,//SETTLEMENT,2,,,,,500,0,Posted
28-09-2024,01.12102.000.0000.000.3706008.00000.000,eHIS,HIS_SETTLEMENT,NSK-OCS-472091 HIS_SETTLEMENT 3358005YT7JQCWYLTG43,500181061,Journal Import 2604437:,//SETTLEMENT,2,,,,,12800,0,Posted
28-09-2024,01.12102.000.0000.000.3706008.00000.000,eHIS,HIS_SETTLEMENT,NSK-OCS-472092 HIS_SETTLEMENT 3358005YT7JQCWYLTG43,500181101,Journal Import 2604437:,//SETTLEMENT,2,,,,,900,0,Posted
28-09-2024,01.12102.000.0000.000.3706008.00000.000,eHIS,HIS_SETTLEMENT,NSK-OCS-472093 HIS_SETTLEMENT 3358005YT7JQCWYLTG43,500181037,Journal Import 2604437:,//SETTLEMENT,2,,,,,2750,0,Posted
28-09-2024,01.12102.000.0000.000.3706008.00000.000,eHIS,HIS_SETTLEMENT,NSK-OCS-472094 HIS_SETTLEMENT 3358005YT7JQCWYLTG43,500181035,Journal Import 2604437:,//SETTLEMENT,2,,,,,2600,0,Posted
28-09-2024,01.12102.000.0000.000.3706008.00000.000,eHIS,HIS_SETTLEMENT,NSK-OCS-472095 HIS_SETTLEMENT 3358005YT7JQCWYLTG43,500181183,Journal Import 2604437:,//SETTLEMENT,2,,,,,400,0,Posted
28-09-2024,01.12102.000.0000.000.3706008.00000.000,eHIS,HIS_SETTLEMENT,NSK-OCS-472096 HIS_SETTLEMENT 3358005YT7JQCWYLTG43,500181191,Journal Import 2604437:,//SETTLEMENT,2,,,,,500,0,Posted
28-09-2024,01.12102.000.0000.000.3706008.00000.000,eHIS,HIS_SETTLEMENT,NSK-OCS-472097 HIS_SETTLEMENT 3358005YT7JQCWYLTG43,500181021,Journal Import 2604437:,//SETTLEMENT,2,,,,,1700,0,Posted
28-09-2024,01.12102.000.0000.000.3706008.00000.000,eHIS,HIS_SETTLEMENT,NSK-OCS-472098 HIS_SETTLEMENT 3358005YT7JQCWYLTG43,500181192,Journal Import 2604437:,//SETTLEMENT,2,,,,,500,0,Posted
28-09-2024,01.12102.000.0000.000.3706008.00000.000,eHIS,HIS_SETTLEMENT,NSK-OCS-472099 HIS_SETTLEMENT 3358005YT7JQCWYLTG43,500181678,Journal Import 2604437:,//SETTLEMENT,2,,,,,650,0,Posted
28-09-2024,01.12102.000.0000.000.3706008.00000.000,eHIS,HIS_SETTLEMENT,NSK-OCS-472100 HIS_SETTLEMENT 3358005YT7JQCWYLTG43,500181036,Journal Import 2604437:,//SETTLEMENT,2,,,,,2600,0,Posted
28-09-2024,01.12102.000.0000.000.3706008.00000.000,eHIS,HIS_SETTLEMENT,NSK-OCS-472101 HIS_SETTLEMENT 3358005YT7JQCWYLTG43,500181015,Journal Import 2604437:,//SETTLEMENT,2,,,,,1250,0,Posted
28-09-2024,01.12102.000.0000.000.3706008.00000.000,eHIS,HIS_SETTLEMENT,NSK-OCS-472102 HIS_SETTLEMENT 3358005YT7JQCWYLTG43,500181051,Journal Import 2604437:,//SETTLEMENT,2,,,,,5100,0,Posted
28-09-2024,01.12102.000.0000.000.3706008.00000.000,eHIS,HIS_SETTLEMENT,NSK-OCS-472103 HIS_SETTLEMENT 3358005YT7JQCWYLTG43,500181193,Journal Import 2604437:,//SETTLEMENT,2,,,,,500,0,Posted
28-09-2024,01.12102.000.0000.000.3706008.00000.000,eHIS,HIS_SETTLEMENT,NSK-OCS-472104 HIS_SETTLEMENT 3358005YT7JQCWYLTG43,500181126,Journal Import 2604437:,//SETTLEMENT,2,,,,,1200,0,Posted
28-09-2024,01.12102.000.0000.000.3706008.00000.000,eHIS,HIS_SETTLEMENT,NSK-OCS-472105 HIS_SETTLEMENT 3358005YT7JQCWYLTG43,500181167,Journal Import 2604437:,//SETTLEMENT,2,,,,,135,0,Posted
28-09-2024,01.12102.000.0000.000.3706008.00000.000,eHIS,HIS_SETTLEMENT,NSK-OCS-472106 HIS_SETTLEMENT 3358005YT7JQCWYLTG43,500181127,Journal Import 2604437:,//SETTLEMENT,2,,,,,1200,0,Posted
28-09-2024,01.12102.000.0000.000.3706008.00000.000,eHIS,HIS_SETTLEMENT,NSK-OCS-472107 HIS_SETTLEMENT 3358005YT7JQCWYLTG43,500181128,Journal Import 2604437:,//SETTLEMENT,2,,,,,1200,0,Posted
28-09-2024,01.12102.000.0000.000.3706008.00000.000,eHIS,HIS_SETTLEMENT,NSK-OCS-472108 HIS_SETTLEMENT 3358005YT7JQCWYLTG43,500181683,Journal Import 2604437:,//SETTLEMENT,2,,,,,800,0,Posted
28-09-2024,01.12102.000.0000.000.3706008.00000.000,eHIS,HIS_SETTLEMENT,NSK-OCS-472109 HIS_SETTLEMENT 3358005YT7JQCWYLTG43,500181066,Journal Import 2604437:,//SETTLEMENT,2,,,,,500,0,Posted
28-09-2024,01.12102.000.0000.000.3706008.00000.000,eHIS,HIS_SETTLEMENT,NSK-OCS-472110 HIS_SETTLEMENT 3358005YT7JQCWYLTG43,500181023,Journal Import 2604437:,//SETTLEMENT,2,,,,,1850,0,Posted
28-09-2024,01.12102.000.0000.000.3706008.00000.000,eHIS,HIS_SETTLEMENT,NSK-OCS-472111 HIS_SETTLEMENT 3358005YT7JQCWYLTG43,500181173,Journal Import 2604437:,//SETTLEMENT,2,,,,,250,0,Posted
28-09-2024,01.12102.000.0000.000.3706008.00000.000,eHIS,HIS_SETTLEMENT,NSK-OCS-472112 HIS_SETTLEMENT 3358005YT7JQCWYLTG43,500181102,Journal Import 2604437:,//SETTLEMENT,2,,,,,900,0,Posted
28-09-2024,01.12102.000.0000.000.3706008.00000.000,eHIS,HIS_SETTLEMENT,NSK-OCS-472113 HIS_SETTLEMENT 3358005YT7JQCWYLTG43,500181024,Journal Import 2604437:,//SETTLEMENT,2,,,,,1850,0,Posted
28-09-2024,01.12102.000.0000.000.3706008.00000.000,eHIS,HIS_SETTLEMENT,NSK-OCS-472114 HIS_SETTLEMENT 3358005YT7JQCWYLTG43,500181067,Journal Import 2604437:,//SETTLEMENT,2,,,,,500,0,Posted
28-09-2024,01.12102.000.0000.000.3706008.00000.000,eHIS,HIS_SETTLEMENT,NSK-OCS-472115 HIS_SETTLEMENT 3358005YT7JQCWYLTG43,500181681,Journal Import 2604437:,//SETTLEMENT,2,,,,,669,0,Posted
28-09-2024,01.12102.000.0000.000.3706008.00000.000,eHIS,HIS_SETTLEMENT,NSK-OCS-472116 HIS_SETTLEMENT 3358005YT7JQCWYLTG43,500181614,Journal Import 2659341:,//SETTLEMENT,2,,,,,350,0,Posted
28-09-2024,01.12102.000.0000.000.3706008.00000.000,eHIS,HIS_SETTLEMENT,NSK-OCS-472117 HIS_SETTLEMENT 3358005YT7JQCWYLTG43,500181068,Journal Import 2604437:,//SETTLEMENT,2,,,,,500,0,Posted
28-09-2024,01.12102.000.0000.000.3706008.00000.000,eHIS,HIS_SETTLEMENT,NSK-OCS-472118 HIS_SETTLEMENT 3358005YT7JQCWYLTG43,500181069,Journal Import 2604437:,//SETTLEMENT,2,,,,,500,0,Posted
28-09-2024,01.12102.000.0000.000.3706008.00000.000,eHIS,HIS_SETTLEMENT,NSK-OCS-472119 HIS_SETTLEMENT 3358005YT7JQCWYLTG43,500181111,Journal Import 2604437:,//SETTLEMENT,2,,,,,1000,0,Posted
28-09-2024,01.12102.000.0000.000.3706008.00000.000,eHIS,HIS_SETTLEMENT,NSK-OCS-472120 HIS_SETTLEMENT 3358005YT7JQCWYLTG43,500181070,Journal Import 2604437:,//SETTLEMENT,2,,,,,500,0,Posted
28-09-2024,01.12102.000.0000.000.3706008.00000.000,eHIS,HIS_SETTLEMENT,NSK-OCS-472121 HIS_SETTLEMENT 3358005YT7JQCWYLTG43,500181684,Journal Import 2604437:,//SETTLEMENT,2,,,,,800,0,Posted
28-09-2024,01.12102.000.0000.000.3706008.00000.000,eHIS,HIS_SETTLEMENT,NSK-OCS-472122 HIS_SETTLEMENT 3358005YT7JQCWYLTG43,500181685,Journal Import 2604437:,//SETTLEMENT,2,,,,,800,0,Posted
28-09-2024,01.12102.000.0000.000.3706008.00000.000,eHIS,HIS_SETTLEMENT,NSK-OCS-472123 HIS_SETTLEMENT 3358005YT7JQCWYLTG43,500181057,Journal Import 2604437:,//SETTLEMENT,2,,,,,6550,0,Posted
28-09-2024,01.12102.000.0000.000.3706008.00000.000,eHIS,HIS_SETTLEMENT,NSK-OCS-472124 HIS_SETTLEMENT 3358005YT7JQCWYLTG43,500181686,Journal Import 2604437:,//SETTLEMENT,2,,,,,800,0,Posted
28-09-2024,01.12102.000.0000.000.3706008.00000.000,eHIS,HIS_SETTLEMENT,NSK-OCS-472125 HIS_SETTLEMENT 3358005YT7JQCWYLTG43,500181071,Journal Import 2604437:,//SETTLEMENT,2,,,,,500,0,Posted
28-09-2024,01.12102.000.0000.000.3706008.00000.000,eHIS,HIS_SETTLEMENT,NSK-OCS-472126 HIS_SETTLEMENT 3358005YT7JQCWYLTG43,500181038,Journal Import 2604437:,//SETTLEMENT,2,,,,,3000,0,Posted
28-09-2024,01.12102.000.0000.000.3706008.00000.000,eHIS,HIS_SETTLEMENT,NSK-OCS-472127 HIS_SETTLEMENT 3358005YT7JQCWYLTG43,500181072,Journal Import 2604437:,//SETTLEMENT,2,,,,,500,0,Posted
28-09-2024,01.12102.000.0000.000.3706008.00000.000,eHIS,HIS_SETTLEMENT,NSK-OCS-472128 HIS_SETTLEMENT 3358005YT7JQCWYLTG43,500181687,Journal Import 2604437:,//SETTLEMENT,2,,,,,800,0,Posted
28-09-2024,01.12102.000.0000.000.3706008.00000.000,eHIS,HIS_SETTLEMENT,NSK-OCS-472129 HIS_SETTLEMENT 3358005YT7JQCWYLTG43,500181025,Journal Import 2604437:,//SETTLEMENT,2,,,,,1850,0,Posted
28-09-2024,01.12102.000.0000.000.3706008.00000.000,eHIS,HIS_SETTLEMENT,NSK-OCS-472130 HIS_SETTLEMENT 3358005YT7JQCWYLTG43,500181033,Journal Import 2604437:,//SETTLEMENT,2,,,,,2300,0,Posted
28-09-2024,01.12102.000.0000.000.3706008.00000.000,eHIS,HIS_SETTLEMENT,NSK-OCS-472131 HIS_SETTLEMENT 3358005YT7JQCWYLTG43,500181161,Journal Import 2604437:,//SETTLEMENT,2,,,,,100,0,Posted
28-09-2024,01.12102.000.0000.000.3706008.00000.000,eHIS,HIS_SETTLEMENT,NSK-OCS-472132 HIS_SETTLEMENT 3358005YT7JQCWYLTG43,500181688,Journal Import 2604437:,//SETTLEMENT,2,,,,,800,0,Posted
28-09-2024,01.12102.000.0000.000.3706008.00000.000,eHIS,HIS_SETTLEMENT,NSK-OCS-472133 HIS_SETTLEMENT 3358005YT7JQCWYLTG43,500181689,Journal Import 2604437:,//SETTLEMENT,2,,,,,800,0,Posted
28-09-2024,01.12102.000.0000.000.3706008.00000.000,eHIS,HIS_SETTLEMENT,NSK-OCS-472134 HIS_SETTLEMENT 3358005YT7JQCWYLTG43,500181073,Journal Import 2604437:,//SETTLEMENT,2,,,,,500,0,Posted
28-09-2024,01.12102.000.0000.000.3706008.00000.000,eHIS,HIS_SETTLEMENT,NSK-OCS-472135 HIS_SETTLEMENT 3358005YT7JQCWYLTG43,500181030,Journal Import 2604437:,//SETTLEMENT,2,,,,,2000,0,Posted
28-09-2024,01.12102.000.0000.000.3706008.00000.000,eHIS,HIS_SETTLEMENT,NSK-OCS-472136 HIS_SETTLEMENT 3358005YT7JQCWYLTG43,500181074,Journal Import 2604437:,//SETTLEMENT,2,,,,,500,0,Posted
28-09-2024,01.12102.000.0000.000.3706008.00000.000,eHIS,HIS_SETTLEMENT,NSK-OCS-472137 HIS_SETTLEMENT 3358005YT7JQCWYLTG43,500181120,Journal Import 2604437:,//SETTLEMENT,2,,,,,1100,0,Posted
28-09-2024,01.12102.000.0000.000.3706008.00000.000,eHIS,HIS_SETTLEMENT,NSK-OCS-472138 HIS_SETTLEMENT 3358005YT7JQCWYLTG43,500181186,Journal Import 2604437:,//SETTLEMENT,2,,,,,410,0,Posted
28-09-2024,01.12102.000.0000.000.3706008.00000.000,eHIS,HIS_SETTLEMENT,NSK-OCS-472139 HIS_SETTLEMENT 3358005YT7JQCWYLTG43,500181075,Journal Import 2604437:,//SETTLEMENT,2,,,,,500,0,Posted
28-09-2024,01.12102.000.0000.000.3706008.00000.000,eHIS,HIS_SETTLEMENT,NSK-OCS-472140 HIS_SETTLEMENT 3358005YT7JQCWYLTG43,500181103,Journal Import 2604437:,//SETTLEMENT,2,,,,,900,0,Posted
28-09-2024,01.12102.000.0000.000.3706008.00000.000,eHIS,HIS_SETTLEMENT,NSK-OCS-472141 HIS_SETTLEMENT 3358005YT7JQCWYLTG43,500181690,Journal Import 2604437:,//SETTLEMENT,2,,,,,800,0,Posted
28-09-2024,01.12102.000.0000.000.3706008.00000.000,eHIS,HIS_SETTLEMENT,NSK-OCS-472142 HIS_SETTLEMENT 3358005YT7JQCWYLTG43,500181104,Journal Import 2604437:,//SETTLEMENT,2,,,,,900,0,Posted
28-09-2024,01.12102.000.0000.000.3706008.00000.000,eHIS,HIS_SETTLEMENT,NSK-OCS-472143 HIS_SETTLEMENT 3358005YT7JQCWYLTG43,500181076,Journal Import 2604437:,//SETTLEMENT,2,,,,,500,0,Posted
28-09-2024,01.12102.000.0000.000.3706008.00000.000,eHIS,HIS_SETTLEMENT,NSK-OCS-472144 HIS_SETTLEMENT 3358005YT7JQCWYLTG43,500181121,Journal Import 2604437:,//SETTLEMENT,2,,,,,1100,0,Posted
28-09-2024,01.12102.000.0000.000.3706008.00000.000,eHIS,HIS_SETTLEMENT,NSK-OCS-472145 HIS_SETTLEMENT 3358005YT7JQCWYLTG43,500181105,Journal Import 2604437:,//SETTLEMENT,2,,,,,900,0,Posted
28-09-2024,01.12102.000.0000.000.3706008.00000.000,eHIS,HIS_SETTLEMENT,NSK-OCS-472146 HIS_SETTLEMENT 3358005YT7JQCWYLTG43,500181106,Journal Import 2604437:,//SETTLEMENT,2,,,,,900,0,Posted
28-09-2024,01.12102.000.0000.000.3706008.00000.000,eHIS,HIS_SETTLEMENT,NSK-OCS-472147 HIS_SETTLEMENT 3358005YT7JQCWYLTG43,500181129,Journal Import 2604437:,//SETTLEMENT,2,,,,,1200,0,Posted
28-09-2024,01.12102.000.0000.000.3706008.00000.000,eHIS,HIS_SETTLEMENT,NSK-OCS-472148 HIS_SETTLEMENT 3358005YT7JQCWYLTG43,500181184,Journal Import 2604437:,//SETTLEMENT,2,,,,,400,0,Posted
28-09-2024,01.12102.000.0000.000.3706008.00000.000,eHIS,HIS_SETTLEMENT,NSK-OCS-472149 HIS_SETTLEMENT 3358005YT7JQCWYLTG43,500181112,Journal Import 2604437:,//SETTLEMENT,2,,,,,1000,0,Posted
28-09-2024,01.12102.000.0000.000.3706008.00000.000,eHIS,HIS_SETTLEMENT,NSK-OCS-472150 HIS_SETTLEMENT 3358005YT7JQCWYLTG43,500181162,Journal Import 2604437:,//SETTLEMENT,2,,,,,100,0,Posted
28-09-2024,01.12102.000.0000.000.3706008.00000.000,eHIS,HIS_SETTLEMENT,NSK-OCS-472151 HIS_SETTLEMENT 3358005YT7JQCWYLTG43,500181077,Journal Import 2604437:,//SETTLEMENT,2,,,,,500,0,Posted
28-09-2024,01.12102.000.0000.000.3706008.00000.000,eHIS,HIS_SETTLEMENT,NSK-OCS-472152 HIS_SETTLEMENT 3358005YT7JQCWYLTG43,500181044,Journal Import 2604437:,//SETTLEMENT,2,,,,,3500,0,Posted
28-09-2024,01.12102.000.0000.000.3706008.00000.000,eHIS,HIS_SETTLEMENT,NSK-OCS-472153 HIS_SETTLEMENT 3358005YT7JQCWYLTG43,500181168,Journal Import 2604437:,//SETTLEMENT,2,,,,,200,0,Posted
28-09-2024,01.12102.000.0000.000.3706008.00000.000,eHIS,HIS_SETTLEMENT,NSK-OCS-472154 HIS_SETTLEMENT 3358005YT7JQCWYLTG43,500181107,Journal Import 2604437:,//SETTLEMENT,2,,,,,900,0,Posted
28-09-2024,01.12102.000.0000.000.3706008.00000.000,eHIS,HIS_SETTLEMENT,NSK-OCS-472155 HIS_SETTLEMENT 3358005YT7JQCWYLTG43,500181065,Journal Import 2604437:,//SETTLEMENT,2,,,,,21800,0,Posted
28-09-2024,01.12102.000.0000.000.3706008.00000.000,eHIS,HIS_SETTLEMENT,NSK-OCS-472156 HIS_SETTLEMENT 3358005YT7JQCWYLTG43,500181084,Journal Import 2604437:,//SETTLEMENT,2,,,,,800,0,Posted
28-09-2024,01.12102.000.0000.000.3706008.00000.000,eHIS,HIS_SETTLEMENT,NSK-OCS-472157 HIS_SETTLEMENT 3358005YT7JQCWYLTG43,500181163,Journal Import 2604437:,//SETTLEMENT,2,,,,,100,0,Posted
28-09-2024,01.12102.000.0000.000.3706008.00000.000,eHIS,HIS_SETTLEMENT,NSK-OCS-472158 HIS_SETTLEMENT 3358005YT7JQCWYLTG43,500181078,Journal Import 2604437:,//SETTLEMENT,2,,,,,500,0,Posted
28-09-2024,01.12102.000.0000.000.3706008.00000.000,eHIS,HIS_SETTLEMENT,NSK-OCS-472159 HIS_SETTLEMENT 3358005YT7JQCWYLTG43,500181026,Journal Import 2604437:,//SETTLEMENT,2,,,,,1850,0,Posted
28-09-2024,01.12102.000.0000.000.3706008.00000.000,eHIS,HIS_SETTLEMENT,NSK-OCS-472160 HIS_SETTLEMENT 3358005YT7JQCWYLTG43,500181085,Journal Import 2604437:,//SETTLEMENT,2,,,,,800,0,Posted
28-09-2024,01.12102.000.0000.000.3706008.00000.000,eHIS,HIS_SETTLEMENT,NSK-OCS-472161 HIS_SETTLEMENT 3358005YT7JQCWYLTG43,500181122,Journal Import 2604437:,//SETTLEMENT,2,,,,,1100,0,Posted
28-09-2024,01.12102.000.0000.000.3706008.00000.000,eHIS,HIS_SETTLEMENT,NSK-OCS-472162 HIS_SETTLEMENT 3358005YT7JQCWYLTG43,500181079,Journal Import 2604437:,//SETTLEMENT,2,,,,,500,0,Posted
28-09-2024,01.12102.000.0000.000.3706008.00000.000,eHIS,HIS_SETTLEMENT,NSK-OCS-472163 HIS_SETTLEMENT 3358005YT7JQCWYLTG43,500181056,Journal Import 2604437:,//SETTLEMENT,2,,,,,6400,0,Posted
28-09-2024,01.12102.000.0000.000.3706008.00000.000,eHIS,HIS_SETTLEMENT,NSK-OCS-472164 HIS_SETTLEMENT 3358005YT7JQCWYLTG43,500181086,Journal Import 2604437:,//SETTLEMENT,2,,,,,800,0,Posted
28-09-2024,01.12102.000.0000.000.3706008.00000.000,eHIS,HIS_SETTLEMENT,NSK-OCS-472165 HIS_SETTLEMENT 3358005YT7JQCWYLTG43,500181063,Journal Import 2604437:,//SETTLEMENT,2,,,,,16100,0,Posted
28-09-2024,01.12102.000.0000.000.3706008.00000.000,eHIS,HIS_SETTLEMENT,NSK-OCS-472166 HIS_SETTLEMENT 3358005YT7JQCWYLTG43,500181080,Journal Import 2604437:,//SETTLEMENT,2,,,,,500,0,Posted
28-09-2024,01.12102.000.0000.000.3706008.00000.000,eHIS,HIS_SETTLEMENT,NSK-OCS-472167 HIS_SETTLEMENT 3358005YT7JQCWYLTG43,500181672,Journal Import 2604437:,//SETTLEMENT,2,,,,,520,0,Posted
28-09-2024,01.12102.000.0000.000.3706008.00000.000,eHIS,HIS_SETTLEMENT,NSK-OCS-472168 HIS_SETTLEMENT 3358005YT7JQCWYLTG43,500181054,Journal Import 2604437:,//SETTLEMENT,2,,,,,6000,0,Posted
28-09-2024,01.12102.000.0000.000.3706008.00000.000,eHIS,HIS_SETTLEMENT,NSK-OCS-472169 HIS_SETTLEMENT 3358005YT7JQCWYLTG43,500181081,Journal Import 2604437:,//SETTLEMENT,2,,,,,500,0,Posted
28-09-2024,01.12102.000.0000.000.3706008.00000.000,eHIS,HIS_SETTLEMENT,NSK-OCS-472170 HIS_SETTLEMENT 3358005YT7JQCWYLTG43,500181679,Journal Import 2604437:,//SETTLEMENT,2,,,,,650,0,Posted
28-09-2024,01.12102.000.0000.000.3706008.00000.000,eHIS,HIS_SETTLEMENT,NSK-OCS-472171 HIS_SETTLEMENT 3358005YT7JQCWYLTG43,500181108,Journal Import 2604437:,//SETTLEMENT,2,,,,,900,0,Posted
28-09-2024,01.12102.000.0000.000.3706008.00000.000,eHIS,HIS_SETTLEMENT,NSK-OCS-472172 HIS_SETTLEMENT 3358005YT7JQCWYLTG43,500181109,Journal Import 2604437:,//SETTLEMENT,2,,,,,900,0,Posted
28-09-2024,01.12102.000.0000.000.3706008.00000.000,eHIS,HIS_SETTLEMENT,NSK-OCS-472173 HIS_SETTLEMENT 3358005YT7JQCWYLTG43,500181082,Journal Import 2604437:,//SETTLEMENT,2,,,,,500,0,Posted
28-09-2024,01.12102.000.0000.000.3706008.00000.000,eHIS,HIS_SETTLEMENT,NSK-OCS-472174 HIS_SETTLEMENT 3358005YT7JQCWYLTG43,500181123,Journal Import 2604437:,//SETTLEMENT,2,,,,,1100,0,Posted
28-09-2024,01.12102.000.0000.000.3706008.00000.000,eHIS,HIS_SETTLEMENT,NSK-OCS-472175 HIS_SETTLEMENT 3358005YT7JQCWYLTG43,500181113,Journal Import 2604437:,//SETTLEMENT,2,,,,,1000,0,Posted
28-09-2024,01.12102.000.0000.000.3706008.00000.000,eHIS,HIS_SETTLEMENT,NSK-OCS-472176 HIS_SETTLEMENT 3358005YT7JQCWYLTG43,500181087,Journal Import 2604437:,//SETTLEMENT,2,,,,,800,0,Posted
28-09-2024,01.12102.000.0000.000.3706008.00000.000,eHIS,HIS_SETTLEMENT,NSK-OCS-472177 HIS_SETTLEMENT 3358005YT7JQCWYLTG43,500181083,Journal Import 2604437:,//SETTLEMENT,2,,,,,500,0,Posted
28-09-2024,01.12102.000.0000.000.3706008.00000.000,eHIS,HIS_SETTLEMENT,NSK-OCS-472178 HIS_SETTLEMENT 3358005YT7JQCWYLTG43,500181188,Journal Import 2604437:,//SETTLEMENT,2,,,,,450,0,Posted
28-09-2024,01.12102.000.0000.000.3706008.00000.000,eHIS,HIS_SETTLEMENT,NSK-OCS-472179 HIS_SETTLEMENT 3358005YT7JQCWYLTG43,500181013,Journal Import 2604437:,//SETTLEMENT,2,,,,,1200,0,Posted
28-09-2024,01.12102.000.0000.000.3706008.00000.000,eHIS,HIS_SETTLEMENT,NSK-OCS-472180 HIS_SETTLEMENT 3358005YT7JQCWYLTG43,500181014,Journal Import 2604437:,//SETTLEMENT,2,,,,,1200,0,Posted
28-09-2024,01.12102.000.0000.000.3706008.00000.000,eHIS,HIS_SETTLEMENT,NSK-OCS-472181 HIS_SETTLEMENT 3358005YT7JQCWYLTG43,500181114,Journal Import 2604437:,//SETTLEMENT,2,,,,,1000,0,Posted
28-09-2024,01.12102.000.0000.000.3706008.00000.000,eHIS,HIS_SETTLEMENT,NSK-OCS-472182 HIS_SETTLEMENT 3358005YT7JQCWYLTG43,500181088,Journal Import 2604437:,//SETTLEMENT,2,,,,,800,0,Posted
28-09-2024,01.12102.000.0000.000.3706008.00000.000,eHIS,HIS_SETTLEMENT,NSK-OCS-472183 HIS_SETTLEMENT 3358005YT7JQCWYLTG43,500181670,Journal Import 2604437:,//SETTLEMENT,2,,,,,500,0,Posted
28-09-2024,01.12102.000.0000.000.3706008.00000.000,eHIS,HIS_SETTLEMENT,NSK-OCS-472184 HIS_SETTLEMENT 3358005YT7JQCWYLTG43,500181182,Journal Import 2604437:,//SETTLEMENT,2,,,,,350,0,Posted
28-09-2024,01.12102.000.0000.000.3706008.00000.000,eHIS,HIS_SETTLEMENT,NSK-OCS-472185 HIS_SETTLEMENT 3358005YT7JQCWYLTG43,500181124,Journal Import 2604437:,//SETTLEMENT,2,,,,,1100,0,Posted
28-09-2024,01.12102.000.0000.000.3706008.00000.000,eHIS,HIS_SETTLEMENT,NSK-OCS-472186 HIS_SETTLEMENT 3358005YT7JQCWYLTG43,500181089,Journal Import 2604437:,//SETTLEMENT,2,,,,,800,0,Posted
28-09-2024,01.12102.000.0000.000.3706008.00000.000,eHIS,HIS_SETTLEMENT,NSK-OCS-472187 HIS_SETTLEMENT 3358005YT7JQCWYLTG43,500181090,Journal Import 2604437:,//SETTLEMENT,2,,,,,800,0,Posted
28-09-2024,01.12102.000.0000.000.3706008.00000.000,eHIS,HIS_SETTLEMENT,NSK-OCS-472188 HIS_SETTLEMENT 3358005YT7JQCWYLTG43,500181169,Journal Import 2604437:,//SETTLEMENT,2,,,,,200,0,Posted
28-09-2024,01.12102.000.0000.000.3706008.00000.000,eHIS,HIS_SETTLEMENT,NSK-OCS-472189 HIS_SETTLEMENT 3358005YT7JQCWYLTG43,500181115,Journal Import 2604437:,//SETTLEMENT,2,,,,,1000,0,Posted
28-09-2024,01.12102.000.0000.000.3706008.00000.000,eHIS,HIS_SETTLEMENT,NSK-OCS-472190 HIS_SETTLEMENT 3358005YT7JQCWYLTG43,500181116,Journal Import 2604437:,//SETTLEMENT,2,,,,,1000,0,Posted
28-09-2024,01.12102.000.0000.000.3706008.00000.000,eHIS,HIS_SETTLEMENT,NSK-OCS-472191 HIS_SETTLEMENT 3358005YT7JQCWYLTG43,500181091,Journal Import 2604437:,//SETTLEMENT,2,,,,,800,0,Posted
28-09-2024,01.12102.000.0000.000.3706008.00000.000,eHIS,HIS_SETTLEMENT,NSK-OCS-472192 HIS_SETTLEMENT 3358005YT7JQCWYLTG43,500181016,Journal Import 2604437:,//SETTLEMENT,2,,,,,1300,0,Posted
28-09-2024,01.12102.000.0000.000.3706008.00000.000,eHIS,HIS_SETTLEMENT,NSK-OCS-472193 HIS_SETTLEMENT 3358005YT7JQCWYLTG43,500181675,Journal Import 2604437:,//SETTLEMENT,2,,,,,620,0,Posted
28-09-2024,01.12102.000.0000.000.3706008.00000.000,eHIS,HIS_SETTLEMENT,NSK-OCS-472194 HIS_SETTLEMENT 3358005YT7JQCWYLTG43,500181092,Journal Import 2604437:,//SETTLEMENT,2,,,,,800,0,Posted
28-09-2024,01.12102.000.0000.000.3706008.00000.000,eHIS,HIS_SETTLEMENT,NSK-OCS-472195 HIS_SETTLEMENT 3358005YT7JQCWYLTG43,500181017,Journal Import 2604437:,//SETTLEMENT,2,,,,,1300,0,Posted
28-09-2024,01.12102.000.0000.000.3706008.00000.000,eHIS,HIS_SETTLEMENT,NSK-OCS-472196 HIS_SETTLEMENT 3358005YT7JQCWYLTG43,500181042,Journal Import 2604437:,//SETTLEMENT,2,,,,,3470,0,Posted
28-09-2024,01.12102.000.0000.000.3706008.00000.000,eHIS,HIS_SETTLEMENT,NSK-OCS-472197 HIS_SETTLEMENT 3358005YT7JQCWYLTG43,500181125,Journal Import 2604437:,//SETTLEMENT,2,,,,,1100,0,Posted
28-09-2024,01.12102.000.0000.000.3706008.00000.000,eHIS,HIS_SETTLEMENT,NSK-OCS-472198 HIS_SETTLEMENT 3358005YT7JQCWYLTG43,500181174,Journal Import 2604437:,//SETTLEMENT,2,,,,,250,0,Posted
28-09-2024,01.12102.000.0000.000.3706008.00000.000,eHIS,HIS_SETTLEMENT,NSK-OCS-472199 HIS_SETTLEMENT 3358005YT7JQCWYLTG43,500181093,Journal Import 2604437:,//SETTLEMENT,2,,,,,800,0,Posted
28-09-2024,01.12102.000.0000.000.3706008.00000.000,eHIS,HIS_SETTLEMENT,NSK-OCS-472200 HIS_SETTLEMENT 3358005YT7JQCWYLTG43,500181058,Journal Import 2604437:,//SETTLEMENT,2,,,,,6960,0,Posted
28-09-2024,01.12102.000.0000.000.3706008.00000.000,eHIS,HIS_SETTLEMENT,NSK-OCS-472201 HIS_SETTLEMENT 3358005YT7JQCWYLTG43,500181094,Journal Import 2604437:,//SETTLEMENT,2,,,,,800,0,Posted
28-09-2024,01.12102.000.0000.000.3706008.00000.000,eHIS,HIS_SETTLEMENT,NSK-OCS-472202 HIS_SETTLEMENT 3358005YT7JQCWYLTG43,500181032,Journal Import 2604437:,//SETTLEMENT,2,,,,,2170,0,Posted
28-09-2024,01.12102.000.0000.000.3706008.00000.000,eHIS,HIS_SETTLEMENT,NSK-OCS-472203 HIS_SETTLEMENT 3358005YT7JQCWYLTG43,500181050,Journal Import 2604437:,//SETTLEMENT,2,,,,,4600,0,Posted
28-09-2024,01.12102.000.0000.000.3706008.00000.000,eHIS,HIS_SETTLEMENT,NSK-OCS-472204 HIS_SETTLEMENT 3358005YT7JQCWYLTG43,500181034,Journal Import 2604437:,//SETTLEMENT,2,,,,,2300,0,Posted
28-09-2024,01.12102.000.0000.000.3706008.00000.000,eHIS,HIS_SETTLEMENT,NSK-OCS-472205 HIS_SETTLEMENT 3358005YT7JQCWYLTG43,500181164,Journal Import 2604437:,//SETTLEMENT,2,,,,,100,0,Posted
28-09-2024,01.12102.000.0000.000.3706008.00000.000,eHIS,HIS_SETTLEMENT,NSK-OCS-472206 HIS_SETTLEMENT 3358005YT7JQCWYLTG43,500181052,Journal Import 2604437:,//SETTLEMENT,2,,,,,5700,0,Posted
28-09-2024,01.12102.000.0000.000.3706008.00000.000,eHIS,HIS_SETTLEMENT,NSK-OCS-472207 HIS_SETTLEMENT 3358005YT7JQCWYLTG43,500181095,Journal Import 2604437:,//SETTLEMENT,2,,,,,800,0,Posted
28-09-2024,01.12102.000.0000.000.3706008.00000.000,eHIS,HIS_SETTLEMENT,NSK-OCS-472208 HIS_SETTLEMENT 3358005YT7JQCWYLTG43,500181117,Journal Import 2604437:,//SETTLEMENT,2,,,,,1000,0,Posted
28-09-2024,01.12102.000.0000.000.3706008.00000.000,eHIS,HIS_SETTLEMENT,NSK-OCS-472209 HIS_SETTLEMENT 3358005YT7JQCWYLTG43,500181018,Journal Import 2604437:,//SETTLEMENT,2,,,,,1300,0,Posted
28-09-2024,01.12102.000.0000.000.3706008.00000.000,eHIS,HIS_SETTLEMENT,NSK-OCS-472210 HIS_SETTLEMENT 3358005YT7JQCWYLTG43,500181680,Journal Import 2604437:,//SETTLEMENT,2,,,,,650,0,Posted
28-09-2024,01.12102.000.0000.000.3706008.00000.000,eHIS,HIS_SETTLEMENT,NSK-OCS-472211 HIS_SETTLEMENT 3358005YT7JQCWYLTG43,500181118,Journal Import 2604437:,//SETTLEMENT,2,,,,,1000,0,Posted
28-09-2024,01.12102.000.0000.000.3706008.00000.000,eHIS,HIS_SETTLEMENT,NSK-OCS-472212 HIS_SETTLEMENT 3358005YT7JQCWYLTG43,500181096,Journal Import 2604437:,//SETTLEMENT,2,,,,,800,0,Posted
28-09-2024,01.12102.000.0000.000.3706008.00000.000,eHIS,HIS_SETTLEMENT,NSK-OCS-472213 HIS_SETTLEMENT 3358005YT7JQCWYLTG43,500181119,Journal Import 2604437:,//SETTLEMENT,2,,,,,1000,0,Posted
28-09-2024,01.12102.000.0000.000.3706008.00000.000,eHIS,HIS_SETTLEMENT,NSK-OCS-472214 HIS_SETTLEMENT 3358005YT7JQCWYLTG43,500181055,Journal Import 2604437:,//SETTLEMENT,2,,,,,6060,0,Posted
28-09-2024,01.12102.000.0000.000.3706008.00000.000,eHIS,HIS_SETTLEMENT,NSK-OCS-472215 HIS_SETTLEMENT 3358005YT7JQCWYLTG43,500181097,Journal Import 2604437:,//SETTLEMENT,2,,,,,800,0,Posted
28-09-2024,01.12102.000.0000.000.3706008.00000.000,eHIS,HIS_SETTLEMENT,NSK-OCS-472216 HIS_SETTLEMENT 3358005YT7JQCWYLTG43,500181676,Journal Import 2604437:,//SETTLEMENT,2,,,,,620,0,Posted
28-09-2024,01.12102.000.0000.000.3706008.00000.000,eHIS,HIS_SETTLEMENT,NSK-OCS-472217 HIS_SETTLEMENT 3358005YT7JQCWYLTG43,500181098,Journal Import 2604437:,//SETTLEMENT,2,,,,,800,0,Posted
28-09-2024,01.12102.000.0000.000.3706008.00000.000,eHIS,HIS_SETTLEMENT,NSK-OCS-472218 HIS_SETTLEMENT 3358005YT7JQCWYLTG43,500181615,Journal Import 2659341:,//SETTLEMENT,2,,,,,350,0,Posted
28-09-2024,01.12102.000.0000.000.3706008.00000.000,eHIS,HIS_SETTLEMENT,NSK-OCS-472219 HIS_SETTLEMENT 3358005YT7JQCWYLTG43,500181175,Journal Import 2604437:,//SETTLEMENT,2,,,,,250,0,Posted
28-09-2024,01.12102.000.0000.000.3706008.00000.000,eHIS,HIS_SETTLEMENT,NSK-OCS-472220 HIS_SETTLEMENT 3358005YT7JQCWYLTG43,500181185,Journal Import 2604437:,//SETTLEMENT,2,,,,,400,0,Posted
28-09-2024,01.12102.000.0000.000.3706008.00000.000,eHIS,HIS_SETTLEMENT,NSK-OCS-472221 HIS_SETTLEMENT 3358005YT7JQCWYLTG43,500181027,Journal Import 2604437:,//SETTLEMENT,2,,,,,1850,0,Posted
28-09-2024,01.12102.000.0000.000.3706008.00000.000,eHIS,HIS_SETTLEMENT,NSK-OCS-472222 HIS_SETTLEMENT 3358005YT7JQCWYLTG43,500181165,Journal Import 2604437:,//SETTLEMENT,2,,,,,100,0,Posted
28-09-2024,01.12102.000.0000.000.3706008.00000.000,eHIS,HIS_SETTLEMENT,NSK-OCS-472223 HIS_SETTLEMENT 3358005YT7JQCWYLTG43,500181099,Journal Import 2604437:,//SETTLEMENT,2,,,,,800,0,Posted
28-09-2024,01.12102.000.0000.000.3706008.00000.000,eHIS,HIS_SETTLEMENT,NSK-OCS-472224 HIS_SETTLEMENT 3358005YT7JQCWYLTG43,500181176,Journal Import 2604437:,//SETTLEMENT,3,,,,,300,0,Posted
28-09-2024,01.12102.000.0000.000.3706008.00000.000,eHIS,HIS_SETTLEMENT,NSK-OCS-472224 HIS_SETTLEMENT 3358005YT7JQCWYLTG43,500181176,Journal Import 2604437:,//SETTLEMENT,4,,,,,900,0,Posted
28-09-2024,01.12102.000.0000.000.3706008.00000.000,eHIS,HIS_SETTLEMENT,NSK-OCS-472225 HIS_SETTLEMENT 3358005YT7JQCWYLTG43,500181682,Journal Import 2604437:,//SETTLEMENT,2,,,,,750,0,Posted
28-09-2024,01.12102.000.0000.000.3706008.00000.000,eHIS,HIS_SETTLEMENT,NSK-OCS-472226 HIS_SETTLEMENT 3358005YT7JQCWYLTG43,500181039,Journal Import 2604437:,//SETTLEMENT,2,,,,,3220,0,Posted
28-09-2024,01.12102.000.0000.000.3706008.00000.000,eHIS,HIS_SETTLEMENT,NSK-OCS-472227 HIS_SETTLEMENT 3358005YT7JQCWYLTG43,500181062,Journal Import 2604437:,//SETTLEMENT,2,,,,,13721,0,Posted
28-09-2024,01.12102.000.0000.000.3706008.00000.000,eHIS,HIS_SETTLEMENT,NSK-OCS-472228 HIS_SETTLEMENT 3358005YT7JQCWYLTG43,500181166,Journal Import 2604437:,//SETTLEMENT,2,,,,,100,0,Posted
28-09-2024,01.12102.000.0000.000.3706008.00000.000,eHIS,HIS_SETTLEMENT,NSK-OCS-472229 HIS_SETTLEMENT 3358005YT7JQCWYLTG43,500181671,Journal Import 2604437:,//SETTLEMENT,2,,,,,500,0,Posted
28-09-2024,01.12102.000.0000.000.3706008.00000.000,eHIS,HIS_SETTLEMENT,NSK-OCS-472230 HIS_SETTLEMENT 3358005YT7JQCWYLTG43,500181177,Journal Import 2604437:,//SETTLEMENT,2,,,,,300,0,Posted
28-09-2024,01.12102.000.0000.000.3706008.00000.000,eHIS,HIS_SETTLEMENT,NSK-OCS-472231 HIS_SETTLEMENT 3358005YT7JQCWYLTG43,500181178,Journal Import 2604437:,//SETTLEMENT,2,,,,,300,0,Posted
28-09-2024,01.12102.000.0000.000.3706008.00000.000,eHIS,HIS_SETTLEMENT,NSK-OCS-472232 HIS_SETTLEMENT 3358005YT7JQCWYLTG43,500181179,Journal Import 2604437:,//SETTLEMENT,2,,,,,300,0,Posted
28-09-2024,01.12102.000.0000.000.3706008.00000.000,eHIS,HIS_SETTLEMENT,NSK-OCS-472233 HIS_SETTLEMENT 3358005YT7JQCWYLTG43,500181180,Journal Import 2604437:,//SETTLEMENT,2,,,,,300,0,Posted
28-09-2024,01.12102.000.0000.000.3706008.00000.000,eHIS,HIS_SETTLEMENT,NSK-OCS-472234 HIS_SETTLEMENT 3358005YT7JQCWYLTG43,500181028,Journal Import 2604437:,//SETTLEMENT,2,,,,,1850,0,Posted
28-09-2024,01.12102.000.0000.000.3706008.00000.000,eHIS,HIS_SETTLEMENT,NSK-OCS-472235 HIS_SETTLEMENT 3358005YT7JQCWYLTG43,500181181,Journal Import 2604437:,//SETTLEMENT,2,,,,,300,0,Posted
29-09-2024,01.12102.000.0000.000.3706008.00000.000,eHIS,HIS_SETTLEMENT,NSK-OCS-472236 HIS_SETTLEMENT 3358005YT7JQCWYLTG43,500181789,Journal Import 2604437:,//SETTLEMENT,2,,,,,100,0,Posted
29-09-2024,01.12102.000.0000.000.3706008.00000.000,eHIS,HIS_SETTLEMENT,NSK-OCS-472237 HIS_SETTLEMENT 3358005YT7JQCWYLTG43,500181722,Journal Import 2604437:,//SETTLEMENT,2,,,,,3500,0,Posted
29-09-2024,01.12102.000.0000.000.3706008.00000.000,eHIS,HIS_SETTLEMENT,NSK-OCS-472238 HIS_SETTLEMENT 3358005YT7JQCWYLTG43,500181721,Journal Import 2604437:,//SETTLEMENT,2,,,,,1850,0,Posted
29-09-2024,01.12102.000.0000.000.3706008.00000.000,eHIS,HIS_SETTLEMENT,NSK-OCS-472239 HIS_SETTLEMENT 3358005YT7JQCWYLTG43,500181707,Journal Import 2604437:,//SETTLEMENT,2,,,,,230,0,Posted
29-09-2024,01.12102.000.0000.000.3706008.00000.000,eHIS,HIS_SETTLEMENT,NSK-OCS-472240 HIS_SETTLEMENT 3358005YT7JQCWYLTG43,500181858,Journal Import 2604437:,//SETTLEMENT,2,,,,,500,0,Posted
29-09-2024,01.12102.000.0000.000.3706008.00000.000,eHIS,HIS_SETTLEMENT,NSK-OCS-472241 HIS_SETTLEMENT 3358005YT7JQCWYLTG43,500181859,Journal Import 2604437:,//SETTLEMENT,2,,,,,500,0,Posted
29-09-2024,01.12102.000.0000.000.3706008.00000.000,eHIS,HIS_SETTLEMENT,NSK-OCS-472242 HIS_SETTLEMENT 3358005YT7JQCWYLTG43,500181860,Journal Import 2604437:,//SETTLEMENT,2,,,,,500,0,Posted
29-09-2024,01.12102.000.0000.000.3706008.00000.000,eHIS,HIS_SETTLEMENT,NSK-OCS-472243 HIS_SETTLEMENT 3358005YT7JQCWYLTG43,500181720,Journal Import 2604437:,//SETTLEMENT,2,,,,,1000,0,Posted
29-09-2024,01.12102.000.0000.000.3706008.00000.000,eHIS,HIS_SETTLEMENT,NSK-OCS-472244 HIS_SETTLEMENT 3358005YT7JQCWYLTG43,500181708,Journal Import 2604437:,//SETTLEMENT,2,,,,,270,0,Posted
29-09-2024,01.12102.000.0000.000.3706008.00000.000,eHIS,HIS_SETTLEMENT,NSK-OCS-472245 HIS_SETTLEMENT 3358005YT7JQCWYLTG43,500181790,Journal Import 2604437:,//SETTLEMENT,2,,,,,100,0,Posted
29-09-2024,01.12102.000.0000.000.3706008.00000.000,eHIS,HIS_SETTLEMENT,NSK-OCS-472246 HIS_SETTLEMENT 3358005YT7JQCWYLTG43,500181791,Journal Import 2604437:,//SETTLEMENT,2,,,,,100,0,Posted
29-09-2024,01.12102.000.0000.000.3706008.00000.000,eHIS,HIS_SETTLEMENT,NSK-OCS-472247 HIS_SETTLEMENT 3358005YT7JQCWYLTG43,500181709,Journal Import 2604437:,//SETTLEMENT,2,,,,,270,0,Posted
29-09-2024,01.12102.000.0000.000.3706008.00000.000,eHIS,HIS_SETTLEMENT,NSK-OCS-472248 HIS_SETTLEMENT 3358005YT7JQCWYLTG43,500181719,Journal Import 2604437:,//SETTLEMENT,2,,,,,850,0,Posted
29-09-2024,01.12102.000.0000.000.3706008.00000.000,eHIS,HIS_SETTLEMENT,NSK-OCS-472249 HIS_SETTLEMENT 3358005YT7JQCWYLTG43,500181718,Journal Import 2604437:,//SETTLEMENT,2,,,,,410,0,Posted
29-09-2024,01.12102.000.0000.000.3706008.00000.000,eHIS,HIS_SETTLEMENT,NSK-OCS-472250 HIS_SETTLEMENT 3358005YT7JQCWYLTG43,500181710,Journal Import 2604437:,//SETTLEMENT,2,,,,,270,0,Posted
29-09-2024,01.12102.000.0000.000.3706008.00000.000,eHIS,HIS_SETTLEMENT,NSK-OCS-472251 HIS_SETTLEMENT 3358005YT7JQCWYLTG43,500181711,Journal Import 2604437:,//SETTLEMENT,2,,,,,270,0,Posted
29-09-2024,01.12102.000.0000.000.3706008.00000.000,eHIS,HIS_SETTLEMENT,NSK-OCS-472252 HIS_SETTLEMENT 3358005YT7JQCWYLTG43,500181712,Journal Import 2604437:,//SETTLEMENT,2,,,,,270,0,Posted
29-09-2024,01.12102.000.0000.000.3706008.00000.000,eHIS,HIS_SETTLEMENT,NSK-OCS-472253 HIS_SETTLEMENT 3358005YT7JQCWYLTG43,500181713,Journal Import 2604437:,//SETTLEMENT,2,,,,,270,0,Posted
29-09-2024,01.12102.000.0000.000.3706008.00000.000,eHIS,HIS_SETTLEMENT,NSK-OCS-472254 HIS_SETTLEMENT 3358005YT7JQCWYLTG43,500181714,Journal Import 2604437:,//SETTLEMENT,2,,,,,270,0,Posted
29-09-2024,01.12102.000.0000.000.3706008.00000.000,eHIS,HIS_SETTLEMENT,NSK-OCS-472255 HIS_SETTLEMENT 3358005YT7JQCWYLTG43,500181715,Journal Import 2604437:,//SETTLEMENT,2,,,,,270,0,Posted
29-09-2024,01.12102.000.0000.000.3706008.00000.000,eHIS,HIS_SETTLEMENT,NSK-OCS-472256 HIS_SETTLEMENT 3358005YT7JQCWYLTG43,500181716,Journal Import 2604437:,//SETTLEMENT,2,,,,,270,0,Posted
29-09-2024,01.12102.000.0000.000.3706008.00000.000,eHIS,HIS_SETTLEMENT,NSK-OCS-472257 HIS_SETTLEMENT 3358005YT7JQCWYLTG43,500181717,Journal Import 2604437:,//SETTLEMENT,2,,,,,270,0,Posted
29-09-2024,01.12102.000.0000.000.3706008.00000.000,eHIS,HIS_SETTLEMENT,NSK-OCS-472258 HIS_SETTLEMENT 3358005YT7JQCWYLTG43,500181806,Journal Import 2612134:,//SETTLEMENT,2,,,,,100,0,Posted
29-09-2024,01.12102.000.0000.000.3706008.00000.000,eHIS,HIS_SETTLEMENT,NSK-OCS-472259 HIS_SETTLEMENT 3358005YT7JQCWYLTG43,500181805,Journal Import 2612134:,//SETTLEMENT,3,,,,,50,0,Posted
29-09-2024,01.12102.000.0000.000.3706008.00000.000,eHIS,HIS_SETTLEMENT,NSK-OCS-472259 HIS_SETTLEMENT 3358005YT7JQCWYLTG43,500181805,Journal Import 2612134:,//SETTLEMENT,4,,,,,1400,0,Posted
29-09-2024,01.12102.000.0000.000.3706008.00000.000,eHIS,HIS_SETTLEMENT,NSK-OCS-472260 HIS_SETTLEMENT 3358005YT7JQCWYLTG43,500181816,Journal Import 2612134:,//SETTLEMENT,2,,,,,1600,0,Posted
29-09-2024,01.12102.000.0000.000.3706008.00000.000,eHIS,HIS_SETTLEMENT,NSK-OCS-472261 HIS_SETTLEMENT 3358005YT7JQCWYLTG43,500181827,Journal Import 2612134:,//SETTLEMENT,2,,,,,3500,0,Posted
29-09-2024,01.12102.000.0000.000.3706008.00000.000,eHIS,HIS_SETTLEMENT,NSK-OCS-472262 HIS_SETTLEMENT 3358005YT7JQCWYLTG43,500181828,Journal Import 2612134:,//SETTLEMENT,2,,,,,3500,0,Posted
29-09-2024,01.12102.000.0000.000.3706008.00000.000,eHIS,HIS_SETTLEMENT,NSK-OCS-472264 HIS_SETTLEMENT 3358005YT7JQCWYLTG43,500181817,Journal Import 2612134:,//SETTLEMENT,2,,,,,1850,0,Posted
29-09-2024,01.12102.000.0000.000.3706008.00000.000,eHIS,HIS_SETTLEMENT,NSK-OCS-472265 HIS_SETTLEMENT 3358005YT7JQCWYLTG43,500181807,Journal Import 2612134:,//SETTLEMENT,2,,,,,100,0,Posted
29-09-2024,01.12102.000.0000.000.3706008.00000.000,eHIS,HIS_SETTLEMENT,NSK-OCS-472266 HIS_SETTLEMENT 3358005YT7JQCWYLTG43,500181825,Journal Import 2612134:,//SETTLEMENT,2,,,,,2600,0,Posted
29-09-2024,01.12102.000.0000.000.3706008.00000.000,eHIS,HIS_SETTLEMENT,NSK-OCS-472267 HIS_SETTLEMENT 3358005YT7JQCWYLTG43,500181818,Journal Import 2612134:,//SETTLEMENT,2,,,,,1850,0,Posted
29-09-2024,01.12102.000.0000.000.3706008.00000.000,eHIS,HIS_SETTLEMENT,NSK-OCS-472268 HIS_SETTLEMENT 3358005YT7JQCWYLTG43,500181830,Journal Import 2612134:,//SETTLEMENT,2,,,,,3600,0,Posted
29-09-2024,01.12102.000.0000.000.3706008.00000.000,eHIS,HIS_SETTLEMENT,NSK-OCS-472269 HIS_SETTLEMENT 3358005YT7JQCWYLTG43,500181808,Journal Import 2612134:,//SETTLEMENT,2,,,,,100,0,Posted
29-09-2024,01.12102.000.0000.000.3706008.00000.000,eHIS,HIS_SETTLEMENT,NSK-OCS-472270 HIS_SETTLEMENT 3358005YT7JQCWYLTG43,500181819,Journal Import 2612134:,//SETTLEMENT,2,,,,,1850,0,Posted
29-09-2024,01.12102.000.0000.000.3706008.00000.000,eHIS,HIS_SETTLEMENT,NSK-OCS-472271 HIS_SETTLEMENT 3358005YT7JQCWYLTG43,500181809,Journal Import 2612134:,//SETTLEMENT,2,,,,,100,0,Posted
29-09-2024,01.12102.000.0000.000.3706008.00000.000,eHIS,HIS_SETTLEMENT,NSK-OCS-472272 HIS_SETTLEMENT 3358005YT7JQCWYLTG43,500181831,Journal Import 2612134:,//SETTLEMENT,2,,,,,5100,0,Posted
29-09-2024,01.12102.000.0000.000.3706008.00000.000,eHIS,HIS_SETTLEMENT,NSK-OCS-472273 HIS_SETTLEMENT 3358005YT7JQCWYLTG43,500181829,Journal Import 2612134:,//SETTLEMENT,2,,,,,3500,0,Posted
29-09-2024,01.12102.000.0000.000.3706008.00000.000,eHIS,HIS_SETTLEMENT,NSK-OCS-472274 HIS_SETTLEMENT 3358005YT7JQCWYLTG43,500181820,Journal Import 2612134:,//SETTLEMENT,2,,,,,1850,0,Posted
29-09-2024,01.12102.000.0000.000.3706008.00000.000,eHIS,HIS_SETTLEMENT,NSK-OCS-472275 HIS_SETTLEMENT 3358005YT7JQCWYLTG43,500181810,Journal Import 2612134:,//SETTLEMENT,2,,,,,100,0,Posted
29-09-2024,01.12102.000.0000.000.3706008.00000.000,eHIS,HIS_SETTLEMENT,NSK-OCS-472276 HIS_SETTLEMENT 3358005YT7JQCWYLTG43,500181811,Journal Import 2612134:,//SETTLEMENT,2,,,,,100,0,Posted
29-09-2024,01.12102.000.0000.000.3706008.00000.000,eHIS,HIS_SETTLEMENT,NSK-OCS-472277 HIS_SETTLEMENT 3358005YT7JQCWYLTG43,500181812,Journal Import 2612134:,//SETTLEMENT,2,,,,,100,0,Posted
29-09-2024,01.12102.000.0000.000.3706008.00000.000,eHIS,HIS_SETTLEMENT,NSK-OCS-472278 HIS_SETTLEMENT 3358005YT7JQCWYLTG43,500181821,Journal Import 2612134:,//SETTLEMENT,2,,,,,2050,0,Posted
30-09-2024,01.12102.000.0000.000.3706008.00000.000,eHIS,HIS_SETTLEMENT,NSK-OCS-472279 HIS_SETTLEMENT 3358005YT7JQCWYLTG43,500181926,Journal Import 2612134:,//SETTLEMENT,2,,,,,100,0,Posted
30-09-2024,01.12102.000.0000.000.3706008.00000.000,eHIS,HIS_SETTLEMENT,NSK-OCS-472280 HIS_SETTLEMENT 3358005YT7JQCWYLTG43,500181927,Journal Import 2612134:,//SETTLEMENT,2,,,,,100,0,Posted
30-09-2024,01.12102.000.0000.000.3706008.00000.000,eHIS,HIS_SETTLEMENT,NSK-OCS-472281 HIS_SETTLEMENT 3358005YT7JQCWYLTG43,500181928,Journal Import 2612134:,//SETTLEMENT,2,,,,,100,0,Posted
30-09-2024,01.12102.000.0000.000.3706008.00000.000,eHIS,HIS_SETTLEMENT,NSK-OCS-472282 HIS_SETTLEMENT 3358005YT7JQCWYLTG43,500181936,Journal Import 2612134:,//SETTLEMENT,2,,,,,1650,0,Posted
30-09-2024,01.12102.000.0000.000.3706008.00000.000,eHIS,HIS_SETTLEMENT,NSK-OCS-472283 HIS_SETTLEMENT 3358005YT7JQCWYLTG43,500181929,Journal Import 2612134:,//SETTLEMENT,2,,,,,100,0,Posted
30-09-2024,01.12102.000.0000.000.3706008.00000.000,eHIS,HIS_SETTLEMENT,NSK-OCS-472284 HIS_SETTLEMENT 3358005YT7JQCWYLTG43,500182327,Journal Import 2628498:,//SETTLEMENT,2,,,,,100,0,Posted
30-09-2024,01.12102.000.0000.000.3706008.00000.000,eHIS,HIS_SETTLEMENT,NSK-OCS-472285 HIS_SETTLEMENT 3358005YT7JQCWYLTG43,500182328,Journal Import 2628498:,//SETTLEMENT,2,,,,,100,0,Posted
30-09-2024,01.12102.000.0000.000.3706008.00000.000,eHIS,HIS_SETTLEMENT,NSK-OCS-472286 HIS_SETTLEMENT 3358005YT7JQCWYLTG43,500182545,Journal Import 2628498:,//SETTLEMENT,2,,,,,1000,0,Posted
30-09-2024,01.12102.000.0000.000.3706008.00000.000,eHIS,HIS_SETTLEMENT,NSK-OCS-472287 HIS_SETTLEMENT 3358005YT7JQCWYLTG43,500182095,Journal Import 2628498:,//SETTLEMENT,2,,,,,650,0,Posted
30-09-2024,01.12102.000.0000.000.3706008.00000.000,eHIS,HIS_SETTLEMENT,NSK-OCS-472288 HIS_SETTLEMENT 3358005YT7JQCWYLTG43,500182180,Journal Import 2628498:,//SETTLEMENT,2,,,,,1850,0,Posted
30-09-2024,01.12102.000.0000.000.3706008.00000.000,eHIS,HIS_SETTLEMENT,NSK-OCS-472289 HIS_SETTLEMENT 3358005YT7JQCWYLTG43,500182329,Journal Import 2628498:,//SETTLEMENT,2,,,,,100,0,Posted
30-09-2024,01.12102.000.0000.000.3706008.00000.000,eHIS,HIS_SETTLEMENT,NSK-OCS-472292 HIS_SETTLEMENT 3358005YT7JQCWYLTG43,500182195,Journal Import 2628498:,//SETTLEMENT,2,,,,,2600,0,Posted
30-09-2024,01.12102.000.0000.000.3706008.00000.000,eHIS,HIS_SETTLEMENT,NSK-OCS-472293 HIS_SETTLEMENT 3358005YT7JQCWYLTG43,500182106,Journal Import 2628498:,//SETTLEMENT,2,,,,,2600,0,Posted
30-09-2024,01.12102.000.0000.000.3706008.00000.000,eHIS,HIS_SETTLEMENT,NSK-OCS-472294 HIS_SETTLEMENT 3358005YT7JQCWYLTG43,500182140,Journal Import 2628498:,//SETTLEMENT,2,,,,,13900,0,Posted
30-09-2024,01.12102.000.0000.000.3706008.00000.000,eHIS,HIS_SETTLEMENT,NSK-OCS-472295 HIS_SETTLEMENT 3358005YT7JQCWYLTG43,500182096,Journal Import 2628498:,//SETTLEMENT,2,,,,,650,0,Posted
30-09-2024,01.12102.000.0000.000.3706008.00000.000,eHIS,HIS_SETTLEMENT,NSK-OCS-472296 HIS_SETTLEMENT 3358005YT7JQCWYLTG43,500182899,Journal Import 2659341:,//SETTLEMENT,2,,,,,350,0,Posted
30-09-2024,01.12102.000.0000.000.3706008.00000.000,eHIS,HIS_SETTLEMENT,NSK-OCS-472297 HIS_SETTLEMENT 3358005YT7JQCWYLTG43,500182517,Journal Import 2628498:,//SETTLEMENT,2,,,,,1280,0,Posted
30-09-2024,01.12102.000.0000.000.3706008.00000.000,eHIS,HIS_SETTLEMENT,NSK-OCS-472298 HIS_SETTLEMENT 3358005YT7JQCWYLTG43,500182097,Journal Import 2628498:,//SETTLEMENT,2,,,,,650,0,Posted
30-09-2024,01.12102.000.0000.000.3706008.00000.000,eHIS,HIS_SETTLEMENT,NSK-OCS-472299 HIS_SETTLEMENT 3358005YT7JQCWYLTG43,500182522,Journal Import 2628498:,//SETTLEMENT,2,,,,,1480,0,Posted
30-09-2024,01.12102.000.0000.000.3706008.00000.000,eHIS,HIS_SETTLEMENT,NSK-OCS-472300 HIS_SETTLEMENT 3358005YT7JQCWYLTG43,500182119,Journal Import 2628498:,//SETTLEMENT,2,,,,,5100,0,Posted
30-09-2024,01.12102.000.0000.000.3706008.00000.000,eHIS,HIS_SETTLEMENT,NSK-OCS-472301 HIS_SETTLEMENT 3358005YT7JQCWYLTG43,500183039,Journal Import 2628498:,//SETTLEMENT,2,,,,,900,0,Posted
30-09-2024,01.12102.000.0000.000.3706008.00000.000,eHIS,HIS_SETTLEMENT,NSK-OCS-472302 HIS_SETTLEMENT 3358005YT7JQCWYLTG43,500182342,Journal Import 2628498:,//SETTLEMENT,2,,,,,250,0,Posted
30-09-2024,01.12102.000.0000.000.3706008.00000.000,eHIS,HIS_SETTLEMENT,NSK-OCS-472303 HIS_SETTLEMENT 3358005YT7JQCWYLTG43,500182521,Journal Import 2628498:,//SETTLEMENT,2,,,,,1450,0,Posted
30-09-2024,01.12102.000.0000.000.3706008.00000.000,eHIS,HIS_SETTLEMENT,NSK-OCS-472304 HIS_SETTLEMENT 3358005YT7JQCWYLTG43,500182330,Journal Import 2628498:,//SETTLEMENT,2,,,,,100,0,Posted
30-09-2024,01.12102.000.0000.000.3706008.00000.000,eHIS,HIS_SETTLEMENT,NSK-OCS-472305 HIS_SETTLEMENT 3358005YT7JQCWYLTG43,500182107,Journal Import 2628498:,//SETTLEMENT,2,,,,,2600,0,Posted
30-09-2024,01.12102.000.0000.000.3706008.00000.000,eHIS,HIS_SETTLEMENT,NSK-OCS-472306 HIS_SETTLEMENT 3358005YT7JQCWYLTG43,500182337,Journal Import 2628498:,//SETTLEMENT,2,,,,,200,0,Posted
30-09-2024,01.12102.000.0000.000.3706008.00000.000,eHIS,HIS_SETTLEMENT,NSK-OCS-472307 HIS_SETTLEMENT 3358005YT7JQCWYLTG43,500182101,Journal Import 2628498:,//SETTLEMENT,2,,,,,750,0,Posted
30-09-2024,01.12102.000.0000.000.3706008.00000.000,eHIS,HIS_SETTLEMENT,NSK-OCS-472308 HIS_SETTLEMENT 3358005YT7JQCWYLTG43,500182118,Journal Import 2628498:,//SETTLEMENT,2,,,,,3930,0,Posted
30-09-2024,01.12102.000.0000.000.3706008.00000.000,eHIS,HIS_SETTLEMENT,NSK-OCS-472309 HIS_SETTLEMENT 3358005YT7JQCWYLTG43,500182105,Journal Import 2628498:,//SETTLEMENT,2,,,,,800,0,Posted
30-09-2024,01.12102.000.0000.000.3706008.00000.000,eHIS,HIS_SETTLEMENT,NSK-OCS-472310 HIS_SETTLEMENT 3358005YT7JQCWYLTG43,500182257,Journal Import 2628498:,//SETTLEMENT,2,,,,,500,0,Posted
30-09-2024,01.12102.000.0000.000.3706008.00000.000,eHIS,HIS_SETTLEMENT,NSK-OCS-472311 HIS_SETTLEMENT 3358005YT7JQCWYLTG43,500182216,Journal Import 2628498:,//SETTLEMENT,2,,,,,600,0,Posted
30-09-2024,01.12102.000.0000.000.3706008.00000.000,eHIS,HIS_SETTLEMENT,NSK-OCS-472312 HIS_SETTLEMENT 3358005YT7JQCWYLTG43,500182146,Journal Import 2628498:,//SETTLEMENT,2,,,,,21800,0,Posted
30-09-2024,01.12102.000.0000.000.3706008.00000.000,eHIS,HIS_SETTLEMENT,NSK-OCS-472313 HIS_SETTLEMENT 3358005YT7JQCWYLTG43,500182258,Journal Import 2628498:,//SETTLEMENT,2,,,,,500,0,Posted
30-09-2024,01.12102.000.0000.000.3706008.00000.000,eHIS,HIS_SETTLEMENT,NSK-OCS-472314 HIS_SETTLEMENT 3358005YT7JQCWYLTG43,500182259,Journal Import 2628498:,//SETTLEMENT,2,,,,,500,0,Posted
30-09-2024,01.12102.000.0000.000.3706008.00000.000,eHIS,HIS_SETTLEMENT,NSK-OCS-472315 HIS_SETTLEMENT 3358005YT7JQCWYLTG43,500182551,Journal Import 2628498:,//SETTLEMENT,2,,,,,1100,0,Posted
30-09-2024,01.12102.000.0000.000.3706008.00000.000,eHIS,HIS_SETTLEMENT,NSK-OCS-472316 HIS_SETTLEMENT 3358005YT7JQCWYLTG43,500182260,Journal Import 2628498:,//SETTLEMENT,2,,,,,500,0,Posted
30-09-2024,01.12102.000.0000.000.3706008.00000.000,eHIS,HIS_SETTLEMENT,NSK-OCS-472317 HIS_SETTLEMENT 3358005YT7JQCWYLTG43,500182181,Journal Import 2628498:,//SETTLEMENT,2,,,,,1850,0,Posted
30-09-2024,01.12102.000.0000.000.3706008.00000.000,eHIS,HIS_SETTLEMENT,NSK-OCS-472318 HIS_SETTLEMENT 3358005YT7JQCWYLTG43,500182182,Journal Import 2628498:,//SETTLEMENT,2,,,,,1850,0,Posted
30-09-2024,01.12102.000.0000.000.3706008.00000.000,eHIS,HIS_SETTLEMENT,NSK-OCS-472319 HIS_SETTLEMENT 3358005YT7JQCWYLTG43,500182523,Journal Import 2628498:,//SETTLEMENT,2,,,,,1650,0,Posted
30-09-2024,01.12102.000.0000.000.3706008.00000.000,eHIS,HIS_SETTLEMENT,NSK-OCS-472320 HIS_SETTLEMENT 3358005YT7JQCWYLTG43,500182255,Journal Import 2628498:,//SETTLEMENT,2,,,,,410,0,Posted
30-09-2024,01.12102.000.0000.000.3706008.00000.000,eHIS,HIS_SETTLEMENT,NSK-OCS-472321 HIS_SETTLEMENT 3358005YT7JQCWYLTG43,500182602,Journal Import 2628498:,//SETTLEMENT,2,,,,,1200,0,Posted
30-09-2024,01.12102.000.0000.000.3706008.00000.000,eHIS,HIS_SETTLEMENT,NSK-OCS-472322 HIS_SETTLEMENT 3358005YT7JQCWYLTG43,500182217,Journal Import 2628498:,//SETTLEMENT,2,,,,,600,0,Posted
30-09-2024,01.12102.000.0000.000.3706008.00000.000,eHIS,HIS_SETTLEMENT,NSK-OCS-472323 HIS_SETTLEMENT 3358005YT7JQCWYLTG43,500182546,Journal Import 2628498:,//SETTLEMENT,2,,,,,1000,0,Posted
30-09-2024,01.12102.000.0000.000.3706008.00000.000,eHIS,HIS_SETTLEMENT,NSK-OCS-472324 HIS_SETTLEMENT 3358005YT7JQCWYLTG43,500182261,Journal Import 2628498:,//SETTLEMENT,2,,,,,500,0,Posted
30-09-2024,01.12102.000.0000.000.3706008.00000.000,eHIS,HIS_SETTLEMENT,NSK-OCS-472325 HIS_SETTLEMENT 3358005YT7JQCWYLTG43,500182218,Journal Import 2628498:,//SETTLEMENT,2,,,,,600,0,Posted
30-09-2024,01.12102.000.0000.000.3706008.00000.000,eHIS,HIS_SETTLEMENT,NSK-OCS-472326 HIS_SETTLEMENT 3358005YT7JQCWYLTG43,500182590,Journal Import 2628498:,//SETTLEMENT,2,,,,,1100,0,Posted
30-09-2024,01.12102.000.0000.000.3706008.00000.000,eHIS,HIS_SETTLEMENT,NSK-OCS-472327 HIS_SETTLEMENT 3358005YT7JQCWYLTG43,500182603,Journal Import 2628498:,//SETTLEMENT,2,,,,,1200,0,Posted
30-09-2024,01.12102.000.0000.000.3706008.00000.000,eHIS,HIS_SETTLEMENT,NSK-OCS-472328 HIS_SETTLEMENT 3358005YT7JQCWYLTG43,500183040,Journal Import 2628498:,//SETTLEMENT,2,,,,,900,0,Posted
30-09-2024,01.12102.000.0000.000.3706008.00000.000,eHIS,HIS_SETTLEMENT,NSK-OCS-472329 HIS_SETTLEMENT 3358005YT7JQCWYLTG43,500183041,Journal Import 2628498:,//SETTLEMENT,2,,,,,900,0,Posted
30-09-2024,01.12102.000.0000.000.3706008.00000.000,eHIS,HIS_SETTLEMENT,NSK-OCS-472330 HIS_SETTLEMENT 3358005YT7JQCWYLTG43,500182102,Journal Import 2628498:,//SETTLEMENT,2,,,,,750,0,Posted
30-09-2024,01.12102.000.0000.000.3706008.00000.000,eHIS,HIS_SETTLEMENT,NSK-OCS-472331 HIS_SETTLEMENT 3358005YT7JQCWYLTG43,500182120,Journal Import 2628498:,//SETTLEMENT,2,,,,,5220,0,Posted
30-09-2024,01.12102.000.0000.000.3706008.00000.000,eHIS,HIS_SETTLEMENT,NSK-OCS-472332 HIS_SETTLEMENT 3358005YT7JQCWYLTG43,500182668,Journal Import 2628498:,//SETTLEMENT,2,,,,,900,0,Posted
30-09-2024,01.12102.000.0000.000.3706008.00000.000,eHIS,HIS_SETTLEMENT,NSK-OCS-472333 HIS_SETTLEMENT 3358005YT7JQCWYLTG43,500182262,Journal Import 2628498:,//SETTLEMENT,2,,,,,500,0,Posted
30-09-2024,01.12102.000.0000.000.3706008.00000.000,eHIS,HIS_SETTLEMENT,NSK-OCS-472334 HIS_SETTLEMENT 3358005YT7JQCWYLTG43,500182604,Journal Import 2628498:,//SETTLEMENT,2,,,,,1200,0,Posted
30-09-2024,01.12102.000.0000.000.3706008.00000.000,eHIS,HIS_SETTLEMENT,NSK-OCS-472335 HIS_SETTLEMENT 3358005YT7JQCWYLTG43,500182263,Journal Import 2628498:,//SETTLEMENT,2,,,,,500,0,Posted
30-09-2024,01.12102.000.0000.000.3706008.00000.000,eHIS,HIS_SETTLEMENT,NSK-OCS-472336 HIS_SETTLEMENT 3358005YT7JQCWYLTG43,500182264,Journal Import 2628498:,//SETTLEMENT,2,,,,,500,0,Posted
30-09-2024,01.12102.000.0000.000.3706008.00000.000,eHIS,HIS_SETTLEMENT,NSK-OCS-472337 HIS_SETTLEMENT 3358005YT7JQCWYLTG43,500182265,Journal Import 2628498:,//SETTLEMENT,2,,,,,500,0,Posted
30-09-2024,01.12102.000.0000.000.3706008.00000.000,eHIS,HIS_SETTLEMENT,NSK-OCS-472338 HIS_SETTLEMENT 3358005YT7JQCWYLTG43,500182669,Journal Import 2628498:,//SETTLEMENT,2,,,,,900,0,Posted
30-09-2024,01.12102.000.0000.000.3706008.00000.000,eHIS,HIS_SETTLEMENT,NSK-OCS-472339 HIS_SETTLEMENT 3358005YT7JQCWYLTG43,500182331,Journal Import 2628498:,//SETTLEMENT,2,,,,,100,0,Posted
30-09-2024,01.12102.000.0000.000.3706008.00000.000,eHIS,HIS_SETTLEMENT,NSK-OCS-472340 HIS_SETTLEMENT 3358005YT7JQCWYLTG43,500182591,Journal Import 2628498:,//SETTLEMENT,2,,,,,1100,0,Posted
30-09-2024,01.12102.000.0000.000.3706008.00000.000,eHIS,HIS_SETTLEMENT,NSK-OCS-472341 HIS_SETTLEMENT 3358005YT7JQCWYLTG43,500183023,Journal Import 2628498:,//SETTLEMENT,2,,,,,800,0,Posted
30-09-2024,01.12102.000.0000.000.3706008.00000.000,eHIS,HIS_SETTLEMENT,NSK-OCS-472342 HIS_SETTLEMENT 3358005YT7JQCWYLTG43,500182547,Journal Import 2628498:,//SETTLEMENT,2,,,,,1000,0,Posted
30-09-2024,01.12102.000.0000.000.3706008.00000.000,eHIS,HIS_SETTLEMENT,NSK-OCS-472343 HIS_SETTLEMENT 3358005YT7JQCWYLTG43,500182219,Journal Import 2628498:,//SETTLEMENT,2,,,,,600,0,Posted
30-09-2024,01.12102.000.0000.000.3706008.00000.000,eHIS,HIS_SETTLEMENT,NSK-OCS-472345 HIS_SETTLEMENT 3358005YT7JQCWYLTG43,500182525,Journal Import 2628498:,//SETTLEMENT,2,,,,,1700,0,Posted
30-09-2024,01.12102.000.0000.000.3706008.00000.000,eHIS,HIS_SETTLEMENT,NSK-OCS-472346 HIS_SETTLEMENT 3358005YT7JQCWYLTG43,500182516,Journal Import 2628498:,//SETTLEMENT,2,,,,,1250,0,Posted
30-09-2024,01.12102.000.0000.000.3706008.00000.000,eHIS,HIS_SETTLEMENT,NSK-OCS-472347 HIS_SETTLEMENT 3358005YT7JQCWYLTG43,500182266,Journal Import 2628498:,//SETTLEMENT,2,,,,,500,0,Posted
30-09-2024,01.12102.000.0000.000.3706008.00000.000,eHIS,HIS_SETTLEMENT,NSK-OCS-472348 HIS_SETTLEMENT 3358005YT7JQCWYLTG43,500182332,Journal Import 2628498:,//SETTLEMENT,2,,,,,100,0,Posted
30-09-2024,01.12102.000.0000.000.3706008.00000.000,eHIS,HIS_SETTLEMENT,NSK-OCS-472349 HIS_SETTLEMENT 3358005YT7JQCWYLTG43,500182114,Journal Import 2628498:,//SETTLEMENT,2,,,,,3400,0,Posted
30-09-2024,01.12102.000.0000.000.3706008.00000.000,eHIS,HIS_SETTLEMENT,NSK-OCS-472350 HIS_SETTLEMENT 3358005YT7JQCWYLTG43,500182267,Journal Import 2628498:,//SETTLEMENT,2,,,,,500,0,Posted
30-09-2024,01.12102.000.0000.000.3706008.00000.000,eHIS,HIS_SETTLEMENT,NSK-OCS-472351 HIS_SETTLEMENT 3358005YT7JQCWYLTG43,500182507,Journal Import 2628498:,//SETTLEMENT,2,,,,,1200,0,Posted
30-09-2024,01.12102.000.0000.000.3706008.00000.000,eHIS,HIS_SETTLEMENT,NSK-OCS-472352 HIS_SETTLEMENT 3358005YT7JQCWYLTG43,500182542,Journal Import 2628498:,//SETTLEMENT,2,,,,,900,0,Posted
30-09-2024,01.12102.000.0000.000.3706008.00000.000,eHIS,HIS_SETTLEMENT,NSK-OCS-472353 HIS_SETTLEMENT 3358005YT7JQCWYLTG43,500183024,Journal Import 2628498:,//SETTLEMENT,2,,,,,800,0,Posted
30-09-2024,01.12102.000.0000.000.3706008.00000.000,eHIS,HIS_SETTLEMENT,NSK-OCS-472354 HIS_SETTLEMENT 3358005YT7JQCWYLTG43,500182256,Journal Import 2628498:,//SETTLEMENT,2,,,,,450,0,Posted
30-09-2024,01.12102.000.0000.000.3706008.00000.000,eHIS,HIS_SETTLEMENT,NSK-OCS-472355 HIS_SETTLEMENT 3358005YT7JQCWYLTG43,500182136,Journal Import 2628498:,//SETTLEMENT,2,,,,,8010,0,Posted
30-09-2024,01.12102.000.0000.000.3706008.00000.000,eHIS,HIS_SETTLEMENT,NSK-OCS-472356 HIS_SETTLEMENT 3358005YT7JQCWYLTG43,500182592,Journal Import 2628498:,//SETTLEMENT,2,,,,,1100,0,Posted
30-09-2024,01.12102.000.0000.000.3706008.00000.000,eHIS,HIS_SETTLEMENT,NSK-OCS-472357 HIS_SETTLEMENT 3358005YT7JQCWYLTG43,500182593,Journal Import 2628498:,//SETTLEMENT,2,,,,,1100,0,Posted
30-09-2024,01.12102.000.0000.000.3706008.00000.000,eHIS,HIS_SETTLEMENT,NSK-OCS-472358 HIS_SETTLEMENT 3358005YT7JQCWYLTG43,500182159,Journal Import 2628498:,//SETTLEMENT,2,,,,,500,0,Posted
30-09-2024,01.12102.000.0000.000.3706008.00000.000,eHIS,HIS_SETTLEMENT,NSK-OCS-472359 HIS_SETTLEMENT 3358005YT7JQCWYLTG43,500182594,Journal Import 2628498:,//SETTLEMENT,2,,,,,1100,0,Posted
30-09-2024,01.12102.000.0000.000.3706008.00000.000,eHIS,HIS_SETTLEMENT,NSK-OCS-472360 HIS_SETTLEMENT 3358005YT7JQCWYLTG43,500182160,Journal Import 2628498:,//SETTLEMENT,2,,,,,500,0,Posted
30-09-2024,01.12102.000.0000.000.3706008.00000.000,eHIS,HIS_SETTLEMENT,NSK-OCS-472361 HIS_SETTLEMENT 3358005YT7JQCWYLTG43,500182900,Journal Import 2659341:,//SETTLEMENT,2,,,,,350,0,Posted
30-09-2024,01.12102.000.0000.000.3706008.00000.000,eHIS,HIS_SETTLEMENT,NSK-OCS-472362 HIS_SETTLEMENT 3358005YT7JQCWYLTG43,500182508,Journal Import 2628498:,//SETTLEMENT,2,,,,,1200,0,Posted
30-09-2024,01.12102.000.0000.000.3706008.00000.000,eHIS,HIS_SETTLEMENT,NSK-OCS-472363 HIS_SETTLEMENT 3358005YT7JQCWYLTG43,500182183,Journal Import 2628498:,//SETTLEMENT,2,,,,,1850,0,Posted
30-09-2024,01.12102.000.0000.000.3706008.00000.000,eHIS,HIS_SETTLEMENT,NSK-OCS-472364 HIS_SETTLEMENT 3358005YT7JQCWYLTG43,500182116,Journal Import 2628498:,//SETTLEMENT,2,,,,,3550,0,Posted
30-09-2024,01.12102.000.0000.000.3706008.00000.000,eHIS,HIS_SETTLEMENT,NSK-OCS-472365 HIS_SETTLEMENT 3358005YT7JQCWYLTG43,500182098,Journal Import 2628498:,//SETTLEMENT,2,,,,,650,0,Posted
30-09-2024,01.12102.000.0000.000.3706008.00000.000,eHIS,HIS_SETTLEMENT,NSK-OCS-472366 HIS_SETTLEMENT 3358005YT7JQCWYLTG43,500182220,Journal Import 2628498:,//SETTLEMENT,2,,,,,600,0,Posted
30-09-2024,01.12102.000.0000.000.3706008.00000.000,eHIS,HIS_SETTLEMENT,NSK-OCS-472367 HIS_SETTLEMENT 3358005YT7JQCWYLTG43,500182161,Journal Import 2628498:,//SETTLEMENT,2,,,,,500,0,Posted
30-09-2024,01.12102.000.0000.000.3706008.00000.000,eHIS,HIS_SETTLEMENT,NSK-OCS-472368 HIS_SETTLEMENT 3358005YT7JQCWYLTG43,500182548,Journal Import 2628498:,//SETTLEMENT,2,,,,,1000,0,Posted
30-09-2024,01.12102.000.0000.000.3706008.00000.000,eHIS,HIS_SETTLEMENT,NSK-OCS-472369 HIS_SETTLEMENT 3358005YT7JQCWYLTG43,500182549,Journal Import 2628498:,//SETTLEMENT,2,,,,,1000,0,Posted
30-09-2024,01.12102.000.0000.000.3706008.00000.000,eHIS,HIS_SETTLEMENT,NSK-OCS-472370 HIS_SETTLEMENT 3358005YT7JQCWYLTG43,500182253,Journal Import 2628498:,//SETTLEMENT,2,,,,,400,0,Posted
30-09-2024,01.12102.000.0000.000.3706008.00000.000,eHIS,HIS_SETTLEMENT,NSK-OCS-472371 HIS_SETTLEMENT 3358005YT7JQCWYLTG43,500182338,Journal Import 2628498:,//SETTLEMENT,2,,,,,200,0,Posted
30-09-2024,01.12102.000.0000.000.3706008.00000.000,eHIS,HIS_SETTLEMENT,NSK-OCS-472372 HIS_SETTLEMENT 3358005YT7JQCWYLTG43,500182595,Journal Import 2628498:,//SETTLEMENT,2,,,,,1100,0,Posted
30-09-2024,01.12102.000.0000.000.3706008.00000.000,eHIS,HIS_SETTLEMENT,NSK-OCS-472373 HIS_SETTLEMENT 3358005YT7JQCWYLTG43,500182108,Journal Import 2628498:,//SETTLEMENT,2,,,,,3000,0,Posted
30-09-2024,01.12102.000.0000.000.3706008.00000.000,eHIS,HIS_SETTLEMENT,NSK-OCS-472374 HIS_SETTLEMENT 3358005YT7JQCWYLTG43,500182343,Journal Import 2628498:,//SETTLEMENT,2,,,,,250,0,Posted
30-09-2024,01.12102.000.0000.000.3706008.00000.000,eHIS,HIS_SETTLEMENT,NSK-OCS-472375 HIS_SETTLEMENT 3358005YT7JQCWYLTG43,500182509,Journal Import 2628498:,//SETTLEMENT,2,,,,,1200,0,Posted
30-09-2024,01.12102.000.0000.000.3706008.00000.000,eHIS,HIS_SETTLEMENT,NSK-OCS-472376 HIS_SETTLEMENT 3358005YT7JQCWYLTG43,500182510,Journal Import 2628498:,//SETTLEMENT,2,,,,,1200,0,Posted
30-09-2024,01.12102.000.0000.000.3706008.00000.000,eHIS,HIS_SETTLEMENT,NSK-OCS-472377 HIS_SETTLEMENT 3358005YT7JQCWYLTG43,500182596,Journal Import 2628498:,//SETTLEMENT,2,,,,,1100,0,Posted
30-09-2024,01.12102.000.0000.000.3706008.00000.000,eHIS,HIS_SETTLEMENT,NSK-OCS-472378 HIS_SETTLEMENT 3358005YT7JQCWYLTG43,500182162,Journal Import 2628498:,//SETTLEMENT,2,,,,,500,0,Posted
30-09-2024,01.12102.000.0000.000.3706008.00000.000,eHIS,HIS_SETTLEMENT,NSK-OCS-472379 HIS_SETTLEMENT 3358005YT7JQCWYLTG43,500182163,Journal Import 2628498:,//SETTLEMENT,2,,,,,500,0,Posted
30-09-2024,01.12102.000.0000.000.3706008.00000.000,eHIS,HIS_SETTLEMENT,NSK-OCS-472380 HIS_SETTLEMENT 3358005YT7JQCWYLTG43,500182511,Journal Import 2628498:,//SETTLEMENT,2,,,,,1200,0,Posted
30-09-2024,01.12102.000.0000.000.3706008.00000.000,eHIS,HIS_SETTLEMENT,NSK-OCS-472381 HIS_SETTLEMENT 3358005YT7JQCWYLTG43,500182290,Journal Import 2628498:,//SETTLEMENT,3,,,,,50,0,Posted
30-09-2024,01.12102.000.0000.000.3706008.00000.000,eHIS,HIS_SETTLEMENT,NSK-OCS-472381 HIS_SETTLEMENT 3358005YT7JQCWYLTG43,500182290,Journal Import 2628498:,//SETTLEMENT,4,,,,,7600,0,Posted
30-09-2024,01.12102.000.0000.000.3706008.00000.000,eHIS,HIS_SETTLEMENT,NSK-OCS-472382 HIS_SETTLEMENT 3358005YT7JQCWYLTG43,500182184,Journal Import 2628498:,//SETTLEMENT,2,,,,,1850,0,Posted
30-09-2024,01.12102.000.0000.000.3706008.00000.000,eHIS,HIS_SETTLEMENT,NSK-OCS-472383 HIS_SETTLEMENT 3358005YT7JQCWYLTG43,500182185,Journal Import 2628498:,//SETTLEMENT,2,,,,,1850,0,Posted
30-09-2024,01.12102.000.0000.000.3706008.00000.000,eHIS,HIS_SETTLEMENT,NSK-OCS-472384 HIS_SETTLEMENT 3358005YT7JQCWYLTG43,500182512,Journal Import 2628498:,//SETTLEMENT,2,,,,,1200,0,Posted
30-09-2024,01.12102.000.0000.000.3706008.00000.000,eHIS,HIS_SETTLEMENT,NSK-OCS-472385 HIS_SETTLEMENT 3358005YT7JQCWYLTG43,500182192,Journal Import 2628498:,//SETTLEMENT,2,,,,,2320,0,Posted
30-09-2024,01.12102.000.0000.000.3706008.00000.000,eHIS,HIS_SETTLEMENT,NSK-OCS-472386 HIS_SETTLEMENT 3358005YT7JQCWYLTG43,500182339,Journal Import 2628498:,//SETTLEMENT,2,,,,,200,0,Posted
30-09-2024,01.12102.000.0000.000.3706008.00000.000,eHIS,HIS_SETTLEMENT,NSK-OCS-472387 HIS_SETTLEMENT 3358005YT7JQCWYLTG43,500183025,Journal Import 2628498:,//SETTLEMENT,2,,,,,800,0,Posted
30-09-2024,01.12102.000.0000.000.3706008.00000.000,eHIS,HIS_SETTLEMENT,NSK-OCS-472388 HIS_SETTLEMENT 3358005YT7JQCWYLTG43,500182164,Journal Import 2628498:,//SETTLEMENT,2,,,,,500,0,Posted
30-09-2024,01.12102.000.0000.000.3706008.00000.000,eHIS,HIS_SETTLEMENT,NSK-OCS-472389 HIS_SETTLEMENT 3358005YT7JQCWYLTG43,500182165,Journal Import 2628498:,//SETTLEMENT,2,,,,,500,0,Posted
30-09-2024,01.12102.000.0000.000.3706008.00000.000,eHIS,HIS_SETTLEMENT,NSK-OCS-472390 HIS_SETTLEMENT 3358005YT7JQCWYLTG43,500182166,Journal Import 2628498:,//SETTLEMENT,2,,,,,500,0,Posted
30-09-2024,01.12102.000.0000.000.3706008.00000.000,eHIS,HIS_SETTLEMENT,NSK-OCS-472391 HIS_SETTLEMENT 3358005YT7JQCWYLTG43,500182137,Journal Import 2628498:,//SETTLEMENT,2,,,,,8300,0,Posted
30-09-2024,01.12102.000.0000.000.3706008.00000.000,eHIS,HIS_SETTLEMENT,NSK-OCS-472392 HIS_SETTLEMENT 3358005YT7JQCWYLTG43,500182115,Journal Import 2628498:,//SETTLEMENT,2,,,,,3500,0,Posted
30-09-2024,01.12102.000.0000.000.3706008.00000.000,eHIS,HIS_SETTLEMENT,NSK-OCS-472393 HIS_SETTLEMENT 3358005YT7JQCWYLTG43,500183026,Journal Import 2628498:,//SETTLEMENT,2,,,,,800,0,Posted
30-09-2024,01.12102.000.0000.000.3706008.00000.000,eHIS,HIS_SETTLEMENT,NSK-OCS-472394 HIS_SETTLEMENT 3358005YT7JQCWYLTG43,500183027,Journal Import 2628498:,//SETTLEMENT,2,,,,,800,0,Posted
30-09-2024,01.12102.000.0000.000.3706008.00000.000,eHIS,HIS_SETTLEMENT,NSK-OCS-472395 HIS_SETTLEMENT 3358005YT7JQCWYLTG43,500182543,Journal Import 2628498:,//SETTLEMENT,2,,,,,900,0,Posted
30-09-2024,01.12102.000.0000.000.3706008.00000.000,eHIS,HIS_SETTLEMENT,NSK-OCS-472396 HIS_SETTLEMENT 3358005YT7JQCWYLTG43,500182167,Journal Import 2628498:,//SETTLEMENT,2,,,,,500,0,Posted
30-09-2024,01.12102.000.0000.000.3706008.00000.000,eHIS,HIS_SETTLEMENT,NSK-OCS-472397 HIS_SETTLEMENT 3358005YT7JQCWYLTG43,500182168,Journal Import 2628498:,//SETTLEMENT,2,,,,,500,0,Posted
30-09-2024,01.12102.000.0000.000.3706008.00000.000,eHIS,HIS_SETTLEMENT,NSK-OCS-472398 HIS_SETTLEMENT 3358005YT7JQCWYLTG43,500182518,Journal Import 2628498:,//SETTLEMENT,2,,,,,1300,0,Posted
30-09-2024,01.12102.000.0000.000.3706008.00000.000,eHIS,HIS_SETTLEMENT,NSK-OCS-472399 HIS_SETTLEMENT 3358005YT7JQCWYLTG43,500182169,Journal Import 2628498:,//SETTLEMENT,2,,,,,500,0,Posted
30-09-2024,01.12102.000.0000.000.3706008.00000.000,eHIS,HIS_SETTLEMENT,NSK-OCS-472400 HIS_SETTLEMENT 3358005YT7JQCWYLTG43,500182170,Journal Import 2628498:,//SETTLEMENT,2,,,,,500,0,Posted
30-09-2024,01.12102.000.0000.000.3706008.00000.000,eHIS,HIS_SETTLEMENT,NSK-OCS-472401 HIS_SETTLEMENT 3358005YT7JQCWYLTG43,500182333,Journal Import 2628498:,//SETTLEMENT,2,,,,,100,0,Posted
30-09-2024,01.12102.000.0000.000.3706008.00000.000,eHIS,HIS_SETTLEMENT,NSK-OCS-472402 HIS_SETTLEMENT 3358005YT7JQCWYLTG43,500182109,Journal Import 2628498:,//SETTLEMENT,2,,,,,3000,0,Posted
30-09-2024,01.12102.000.0000.000.3706008.00000.000,eHIS,HIS_SETTLEMENT,NSK-OCS-472403 HIS_SETTLEMENT 3358005YT7JQCWYLTG43,500182550,Journal Import 2628498:,//SETTLEMENT,2,,,,,1000,0,Posted
30-09-2024,01.12102.000.0000.000.3706008.00000.000,eHIS,HIS_SETTLEMENT,NSK-OCS-472404 HIS_SETTLEMENT 3358005YT7JQCWYLTG43,500182178,Journal Import 2628498:,//SETTLEMENT,2,,,,,1700,0,Posted
30-09-2024,01.12102.000.0000.000.3706008.00000.000,eHIS,HIS_SETTLEMENT,NSK-OCS-472405 HIS_SETTLEMENT 3358005YT7JQCWYLTG43,500182193,Journal Import 2628498:,//SETTLEMENT,2,,,,,2400,0,Posted
30-09-2024,01.12102.000.0000.000.3706008.00000.000,eHIS,HIS_SETTLEMENT,NSK-OCS-472406 HIS_SETTLEMENT 3358005YT7JQCWYLTG43,500182344,Journal Import 2628498:,//SETTLEMENT,2,,,,,250,0,Posted
30-09-2024,01.12102.000.0000.000.3706008.00000.000,eHIS,HIS_SETTLEMENT,NSK-OCS-472407 HIS_SETTLEMENT 3358005YT7JQCWYLTG43,500182513,Journal Import 2628498:,//SETTLEMENT,2,,,,,1200,0,Posted
30-09-2024,01.12102.000.0000.000.3706008.00000.000,eHIS,HIS_SETTLEMENT,NSK-OCS-472408 HIS_SETTLEMENT 3358005YT7JQCWYLTG43,500183028,Journal Import 2628498:,//SETTLEMENT,2,,,,,800,0,Posted
30-09-2024,01.12102.000.0000.000.3706008.00000.000,eHIS,HIS_SETTLEMENT,NSK-OCS-472409 HIS_SETTLEMENT 3358005YT7JQCWYLTG43,500182334,Journal Import 2628498:,//SETTLEMENT,2,,,,,100,0,Posted
30-09-2024,01.12102.000.0000.000.3706008.00000.000,eHIS,HIS_SETTLEMENT,NSK-OCS-472410 HIS_SETTLEMENT 3358005YT7JQCWYLTG43,500182597,Journal Import 2628498:,//SETTLEMENT,2,,,,,1100,0,Posted
30-09-2024,01.12102.000.0000.000.3706008.00000.000,eHIS,HIS_SETTLEMENT,NSK-OCS-472411 HIS_SETTLEMENT 3358005YT7JQCWYLTG43,500182171,Journal Import 2628498:,//SETTLEMENT,2,,,,,500,0,Posted
30-09-2024,01.12102.000.0000.000.3706008.00000.000,eHIS,HIS_SETTLEMENT,NSK-OCS-472412 HIS_SETTLEMENT 3358005YT7JQCWYLTG43,500182598,Journal Import 2628498:,//SETTLEMENT,2,,,,,1100,0,Posted
30-09-2024,01.12102.000.0000.000.3706008.00000.000,eHIS,HIS_SETTLEMENT,NSK-OCS-472413 HIS_SETTLEMENT 3358005YT7JQCWYLTG43,500183029,Journal Import 2628498:,//SETTLEMENT,2,,,,,800,0,Posted
30-09-2024,01.12102.000.0000.000.3706008.00000.000,eHIS,HIS_SETTLEMENT,NSK-OCS-472414 HIS_SETTLEMENT 3358005YT7JQCWYLTG43,500182345,Journal Import 2628498:,//SETTLEMENT,2,,,,,250,0,Posted
30-09-2024,01.12102.000.0000.000.3706008.00000.000,eHIS,HIS_SETTLEMENT,NSK-OCS-472415 HIS_SETTLEMENT 3358005YT7JQCWYLTG43,500182172,Journal Import 2628498:,//SETTLEMENT,2,,,,,500,0,Posted
30-09-2024,01.12102.000.0000.000.3706008.00000.000,eHIS,HIS_SETTLEMENT,NSK-OCS-472416 HIS_SETTLEMENT 3358005YT7JQCWYLTG43,500183030,Journal Import 2628498:,//SETTLEMENT,2,,,,,800,0,Posted
30-09-2024,01.12102.000.0000.000.3706008.00000.000,eHIS,HIS_SETTLEMENT,NSK-OCS-472417 HIS_SETTLEMENT 3358005YT7JQCWYLTG43,500182103,Journal Import 2628498:,//SETTLEMENT,2,,,,,750,0,Posted
30-09-2024,01.12102.000.0000.000.3706008.00000.000,eHIS,HIS_SETTLEMENT,NSK-OCS-472418 HIS_SETTLEMENT 3358005YT7JQCWYLTG43,500182173,Journal Import 2628498:,//SETTLEMENT,2,,,,,500,0,Posted
30-09-2024,01.12102.000.0000.000.3706008.00000.000,eHIS,HIS_SETTLEMENT,NSK-OCS-472419 HIS_SETTLEMENT 3358005YT7JQCWYLTG43,500183031,Journal Import 2628498:,//SETTLEMENT,2,,,,,800,0,Posted
30-09-2024,01.12102.000.0000.000.3706008.00000.000,eHIS,HIS_SETTLEMENT,NSK-OCS-472420 HIS_SETTLEMENT 3358005YT7JQCWYLTG43,500182249,Journal Import 2628498:,//SETTLEMENT,2,,,,,299,0,Posted
30-09-2024,01.12102.000.0000.000.3706008.00000.000,eHIS,HIS_SETTLEMENT,NSK-OCS-472421 HIS_SETTLEMENT 3358005YT7JQCWYLTG43,500182250,Journal Import 2628498:,//SETTLEMENT,2,,,,,299,0,Posted
30-09-2024,01.12102.000.0000.000.3706008.00000.000,eHIS,HIS_SETTLEMENT,NSK-OCS-472422 HIS_SETTLEMENT 3358005YT7JQCWYLTG43,500182519,Journal Import 2628498:,//SETTLEMENT,2,,,,,1300,0,Posted
30-09-2024,01.12102.000.0000.000.3706008.00000.000,eHIS,HIS_SETTLEMENT,NSK-OCS-472423 HIS_SETTLEMENT 3358005YT7JQCWYLTG43,500183032,Journal Import 2628498:,//SETTLEMENT,2,,,,,800,0,Posted
30-09-2024,01.12102.000.0000.000.3706008.00000.000,eHIS,HIS_SETTLEMENT,NSK-OCS-472424 HIS_SETTLEMENT 3358005YT7JQCWYLTG43,500182599,Journal Import 2628498:,//SETTLEMENT,2,,,,,1100,0,Posted
30-09-2024,01.12102.000.0000.000.3706008.00000.000,eHIS,HIS_SETTLEMENT,NSK-OCS-472425 HIS_SETTLEMENT 3358005YT7JQCWYLTG43,500182903,Journal Import 2659341:,//SETTLEMENT,2,,,,,1180,0,Posted
30-09-2024,01.12102.000.0000.000.3706008.00000.000,eHIS,HIS_SETTLEMENT,NSK-OCS-472426 HIS_SETTLEMENT 3358005YT7JQCWYLTG43,500182100,Journal Import 2628498:,//SETTLEMENT,2,,,,,720,0,Posted
30-09-2024,01.12102.000.0000.000.3706008.00000.000,eHIS,HIS_SETTLEMENT,NSK-OCS-472427 HIS_SETTLEMENT 3358005YT7JQCWYLTG43,500183033,Journal Import 2628498:,//SETTLEMENT,2,,,,,800,0,Posted
30-09-2024,01.12102.000.0000.000.3706008.00000.000,eHIS,HIS_SETTLEMENT,NSK-OCS-472428 HIS_SETTLEMENT 3358005YT7JQCWYLTG43,500183034,Journal Import 2628498:,//SETTLEMENT,2,,,,,800,0,Posted
30-09-2024,01.12102.000.0000.000.3706008.00000.000,eHIS,HIS_SETTLEMENT,NSK-OCS-472429 HIS_SETTLEMENT 3358005YT7JQCWYLTG43,500182901,Journal Import 2659341:,//SETTLEMENT,2,,,,,350,0,Posted
30-09-2024,01.12102.000.0000.000.3706008.00000.000,eHIS,HIS_SETTLEMENT,NSK-OCS-472430 HIS_SETTLEMENT 3358005YT7JQCWYLTG43,500182251,Journal Import 2628498:,//SETTLEMENT,2,,,,,350,0,Posted
30-09-2024,01.12102.000.0000.000.3706008.00000.000,eHIS,HIS_SETTLEMENT,NSK-OCS-472431 HIS_SETTLEMENT 3358005YT7JQCWYLTG43,500182335,Journal Import 2628498:,//SETTLEMENT,3,,,,,100,0,Posted
30-09-2024,01.12102.000.0000.000.3706008.00000.000,eHIS,HIS_SETTLEMENT,NSK-OCS-472431 HIS_SETTLEMENT 3358005YT7JQCWYLTG43,500182335,Journal Import 2628498:,//SETTLEMENT,4,,,,,700,0,Posted
30-09-2024,01.12102.000.0000.000.3706008.00000.000,eHIS,HIS_SETTLEMENT,NSK-OCS-472432 HIS_SETTLEMENT 3358005YT7JQCWYLTG43,500182174,Journal Import 2628498:,//SETTLEMENT,2,,,,,500,0,Posted
30-09-2024,01.12102.000.0000.000.3706008.00000.000,eHIS,HIS_SETTLEMENT,NSK-OCS-472433 HIS_SETTLEMENT 3358005YT7JQCWYLTG43,500183035,Journal Import 2628498:,//SETTLEMENT,2,,,,,800,0,Posted
30-09-2024,01.12102.000.0000.000.3706008.00000.000,eHIS,HIS_SETTLEMENT,NSK-OCS-472434 HIS_SETTLEMENT 3358005YT7JQCWYLTG43,500182123,Journal Import 2628498:,//SETTLEMENT,2,,,,,6750,0,Posted
30-09-2024,01.12102.000.0000.000.3706008.00000.000,eHIS,HIS_SETTLEMENT,NSK-OCS-472435 HIS_SETTLEMENT 3358005YT7JQCWYLTG43,500182175,Journal Import 2628498:,//SETTLEMENT,2,,,,,500,0,Posted
30-09-2024,01.12102.000.0000.000.3706008.00000.000,eHIS,HIS_SETTLEMENT,NSK-OCS-472436 HIS_SETTLEMENT 3358005YT7JQCWYLTG43,500182176,Journal Import 2628498:,//SETTLEMENT,2,,,,,500,0,Posted
30-09-2024,01.12102.000.0000.000.3706008.00000.000,eHIS,HIS_SETTLEMENT,NSK-OCS-472437 HIS_SETTLEMENT 3358005YT7JQCWYLTG43,500182110,Journal Import 2628498:,//SETTLEMENT,2,,,,,3000,0,Posted
30-09-2024,01.12102.000.0000.000.3706008.00000.000,eHIS,HIS_SETTLEMENT,NSK-OCS-472438 HIS_SETTLEMENT 3358005YT7JQCWYLTG43,500182177,Journal Import 2628498:,//SETTLEMENT,2,,,,,500,0,Posted
30-09-2024,01.12102.000.0000.000.3706008.00000.000,eHIS,HIS_SETTLEMENT,NSK-OCS-472439 HIS_SETTLEMENT 3358005YT7JQCWYLTG43,500182179,Journal Import 2628498:,//SETTLEMENT,2,,,,,1700,0,Posted
30-09-2024,01.12102.000.0000.000.3706008.00000.000,eHIS,HIS_SETTLEMENT,NSK-OCS-472440 HIS_SETTLEMENT 3358005YT7JQCWYLTG43,500182194,Journal Import 2628498:,//SETTLEMENT,2,,,,,2400,0,Posted
30-09-2024,01.12102.000.0000.000.3706008.00000.000,eHIS,HIS_SETTLEMENT,NSK-OCS-472441 HIS_SETTLEMENT 3358005YT7JQCWYLTG43,500182104,Journal Import 2628498:,//SETTLEMENT,2,,,,,750,0,Posted
30-09-2024,01.12102.000.0000.000.3706008.00000.000,eHIS,HIS_SETTLEMENT,NSK-OCS-472442 HIS_SETTLEMENT 3358005YT7JQCWYLTG43,500182600,Journal Import 2628498:,//SETTLEMENT,2,,,,,1100,0,Posted
30-09-2024,01.12102.000.0000.000.3706008.00000.000,eHIS,HIS_SETTLEMENT,NSK-OCS-472443 HIS_SETTLEMENT 3358005YT7JQCWYLTG43,500182221,Journal Import 2628498:,//SETTLEMENT,2,,,,,600,0,Posted
30-09-2024,01.12102.000.0000.000.3706008.00000.000,eHIS,HIS_SETTLEMENT,NSK-OCS-472444 HIS_SETTLEMENT 3358005YT7JQCWYLTG43,500182254,Journal Import 2628498:,//SETTLEMENT,3,,,,,400,0,Posted
30-09-2024,01.12102.000.0000.000.3706008.00000.000,eHIS,HIS_SETTLEMENT,NSK-OCS-472444 HIS_SETTLEMENT 3358005YT7JQCWYLTG43,500182254,Journal Import 2628498:,//SETTLEMENT,4,,,,,4080,0,Posted
30-09-2024,01.12102.000.0000.000.3706008.00000.000,eHIS,HIS_SETTLEMENT,NSK-OCS-472445 HIS_SETTLEMENT 3358005YT7JQCWYLTG43,500182252,Journal Import 2628498:,//SETTLEMENT,2,,,,,350,0,Posted
30-09-2024,01.12102.000.0000.000.3706008.00000.000,eHIS,HIS_SETTLEMENT,NSK-OCS-472446 HIS_SETTLEMENT 3358005YT7JQCWYLTG43,500182111,Journal Import 2628498:,//SETTLEMENT,2,,,,,3000,0,Posted
30-09-2024,01.12102.000.0000.000.3706008.00000.000,eHIS,HIS_SETTLEMENT,NSK-OCS-472447 HIS_SETTLEMENT 3358005YT7JQCWYLTG43,500182544,Journal Import 2628498:,//SETTLEMENT,2,,,,,900,0,Posted
30-09-2024,01.12102.000.0000.000.3706008.00000.000,eHIS,HIS_SETTLEMENT,NSK-OCS-472448 HIS_SETTLEMENT 3358005YT7JQCWYLTG43,500183036,Journal Import 2628498:,//SETTLEMENT,2,,,,,800,0,Posted
30-09-2024,01.12102.000.0000.000.3706008.00000.000,eHIS,HIS_SETTLEMENT,NSK-OCS-472449 HIS_SETTLEMENT 3358005YT7JQCWYLTG43,500182094,Journal Import 2628498:,//SETTLEMENT,2,,,,,600,0,Posted
30-09-2024,01.12102.000.0000.000.3706008.00000.000,eHIS,HIS_SETTLEMENT,NSK-OCS-472450 HIS_SETTLEMENT 3358005YT7JQCWYLTG43,500182191,Journal Import 2628498:,//SETTLEMENT,2,,,,,2250,0,Posted
30-09-2024,01.12102.000.0000.000.3706008.00000.000,eHIS,HIS_SETTLEMENT,NSK-OCS-472451 HIS_SETTLEMENT 3358005YT7JQCWYLTG43,500182601,Journal Import 2628498:,//SETTLEMENT,2,,,,,1100,0,Posted
30-09-2024,01.12102.000.0000.000.3706008.00000.000,eHIS,HIS_SETTLEMENT,NSK-OCS-472452 HIS_SETTLEMENT 3358005YT7JQCWYLTG43,500183037,Journal Import 2628498:,//SETTLEMENT,2,,,,,800,0,Posted
30-09-2024,01.12102.000.0000.000.3706008.00000.000,eHIS,HIS_SETTLEMENT,NSK-OCS-472453 HIS_SETTLEMENT 3358005YT7JQCWYLTG43,500182186,Journal Import 2628498:,//SETTLEMENT,2,,,,,1850,0,Posted
30-09-2024,01.12102.000.0000.000.3706008.00000.000,eHIS,HIS_SETTLEMENT,NSK-OCS-472454 HIS_SETTLEMENT 3358005YT7JQCWYLTG43,500182215,Journal Import 2628498:,//SETTLEMENT,2,,,,,500,0,Posted
30-09-2024,01.12102.000.0000.000.3706008.00000.000,eHIS,HIS_SETTLEMENT,NSK-OCS-472455 HIS_SETTLEMENT 3358005YT7JQCWYLTG43,500183038,Journal Import 2628498:,//SETTLEMENT,2,,,,,800,0,Posted
30-09-2024,01.12102.000.0000.000.3706008.00000.000,eHIS,HIS_SETTLEMENT,NSK-OCS-472456 HIS_SETTLEMENT 3358005YT7JQCWYLTG43,500182514,Journal Import 2628498:,//SETTLEMENT,2,,,,,1200,0,Posted
30-09-2024,01.12102.000.0000.000.3706008.00000.000,eHIS,HIS_SETTLEMENT,NSK-OCS-472457 HIS_SETTLEMENT 3358005YT7JQCWYLTG43,500182187,Journal Import 2628498:,//SETTLEMENT,2,,,,,1850,0,Posted
30-09-2024,01.12102.000.0000.000.3706008.00000.000,eHIS,HIS_SETTLEMENT,NSK-OCS-472458 HIS_SETTLEMENT 3358005YT7JQCWYLTG43,500182898,Journal Import 2659341:,//SETTLEMENT,2,,,,,288,0,Posted
30-09-2024,01.12102.000.0000.000.3706008.00000.000,eHIS,HIS_SETTLEMENT,NSK-OCS-472459 HIS_SETTLEMENT 3358005YT7JQCWYLTG43,500182141,Journal Import 2628498:,//SETTLEMENT,2,,,,,14400,0,Posted
30-09-2024,01.12102.000.0000.000.3706008.00000.000,eHIS,HIS_SETTLEMENT,NSK-OCS-472460 HIS_SETTLEMENT 3358005YT7JQCWYLTG43,500182188,Journal Import 2628498:,//SETTLEMENT,2,,,,,1850,0,Posted
30-09-2024,01.12102.000.0000.000.3706008.00000.000,eHIS,HIS_SETTLEMENT,NSK-OCS-472461 HIS_SETTLEMENT 3358005YT7JQCWYLTG43,500182189,Journal Import 2628498:,//SETTLEMENT,2,,,,,1850,0,Posted
30-09-2024,01.12102.000.0000.000.3706008.00000.000,eHIS,HIS_SETTLEMENT,NSK-OCS-472462 HIS_SETTLEMENT 3358005YT7JQCWYLTG43,500182520,Journal Import 2628498:,//SETTLEMENT,2,,,,,1300,0,Posted
30-09-2024,01.12102.000.0000.000.3706008.00000.000,eHIS,HIS_SETTLEMENT,NSK-OCS-472463 HIS_SETTLEMENT 3358005YT7JQCWYLTG43,500182112,Journal Import 2628498:,//SETTLEMENT,2,,,,,3100,0,Posted
30-09-2024,01.12102.000.0000.000.3706008.00000.000,eHIS,HIS_SETTLEMENT,NSK-OCS-472464 HIS_SETTLEMENT 3358005YT7JQCWYLTG43,500182897,Journal Import 2659341:,//SETTLEMENT,2,,,,,198,0,Posted
30-09-2024,01.12102.000.0000.000.3706008.00000.000,eHIS,HIS_SETTLEMENT,NSK-OCS-472465 HIS_SETTLEMENT 3358005YT7JQCWYLTG43,500182099,Journal Import 2628498:,//SETTLEMENT,2,,,,,675,0,Posted
30-09-2024,01.12102.000.0000.000.3706008.00000.000,eHIS,HIS_SETTLEMENT,NSK-OCS-472466 HIS_SETTLEMENT 3358005YT7JQCWYLTG43,500182190,Journal Import 2628498:,//SETTLEMENT,2,,,,,1850,0,Posted
30-09-2024,01.12102.000.0000.000.3706008.00000.000,eHIS,HIS_SETTLEMENT,NSK-OCS-472467 HIS_SETTLEMENT 3358005YT7JQCWYLTG43,500182018,Journal Import 2645561:,//SETTLEMENT,2,,,,,100,0,Posted
30-09-2024,01.12102.000.0000.000.3706008.00000.000,eHIS,HIS_SETTLEMENT,NSK-OCS-472468 HIS_SETTLEMENT 3358005YT7JQCWYLTG43,500182022,Journal Import 2645561:,//SETTLEMENT,2,,,,,500,0,Posted
30-09-2024,01.12102.000.0000.000.3706008.00000.000,eHIS,HIS_SETTLEMENT,NSK-OCS-472469 HIS_SETTLEMENT 3358005YT7JQCWYLTG43,500182023,Journal Import 2645561:,//SETTLEMENT,2,,,,,500,0,Posted
30-09-2024,01.12102.000.0000.000.3706008.00000.000,eHIS,HIS_SETTLEMENT,NSK-OCS-472470 HIS_SETTLEMENT 3358005YT7JQCWYLTG43,500182024,Journal Import 2645561:,//SETTLEMENT,2,,,,,500,0,Posted
30-09-2024,01.12102.000.0000.000.3706008.00000.000,eHIS,HIS_SETTLEMENT,NSK-OCS-472471 HIS_SETTLEMENT 3358005YT7JQCWYLTG43,500182025,Journal Import 2645561:,//SETTLEMENT,2,,,,,500,0,Posted
30-09-2024,01.12102.000.0000.000.3706008.00000.000,eHIS,HIS_SETTLEMENT,NSK-OCS-472472 HIS_SETTLEMENT 3358005YT7JQCWYLTG43,500182026,Journal Import 2645561:,//SETTLEMENT,2,,,,,500,0,Posted
30-09-2024,01.12102.000.0000.000.3706008.00000.000,eHIS,HIS_SETTLEMENT,NSK-OCS-472473 HIS_SETTLEMENT 3358005YT7JQCWYLTG43,500182027,Journal Import 2645561:,//SETTLEMENT,2,,,,,500,0,Posted
30-09-2024,01.12102.000.0000.000.3706008.00000.000,eHIS,HIS_SETTLEMENT,NSK-OCS-472474 HIS_SETTLEMENT 3358005YT7JQCWYLTG43,500182028,Journal Import 2645561:,//SETTLEMENT,2,,,,,500,0,Posted
30-09-2024,01.12102.000.0000.000.3706008.00000.000,eHIS,HIS_SETTLEMENT,NSK-OCS-472475 HIS_SETTLEMENT 3358005YT7JQCWYLTG43,500182029,Journal Import 2645561:,//SETTLEMENT,2,,,,,500,0,Posted
30-09-2024,01.12102.000.0000.000.3706008.00000.000,eHIS,HIS_SETTLEMENT,NSK-OCS-472476 HIS_SETTLEMENT 3358005YT7JQCWYLTG43,500181920,Journal Import 2645561:,//SETTLEMENT,2,,,,,500,0,Posted
30-09-2024,01.12102.000.0000.000.3706008.00000.000,eHIS,HIS_SETTLEMENT,NSK-OCS-472477 HIS_SETTLEMENT 3358005YT7JQCWYLTG43,500182019,Journal Import 2645561:,//SETTLEMENT,2,,,,,100,0,Posted
30-09-2024,01.12102.000.0000.000.3706008.00000.000,eHIS,HIS_SETTLEMENT,NSK-OCS-472478 HIS_SETTLEMENT 3358005YT7JQCWYLTG43,500181921,Journal Import 2645561:,//SETTLEMENT,2,,,,,1850,0,Posted
30-09-2024,01.12102.000.0000.000.3706008.00000.000,eHIS,HIS_SETTLEMENT,NSK-OCS-472479 HIS_SETTLEMENT 3358005YT7JQCWYLTG43,500181923,Journal Import 2645561:,//SETTLEMENT,2,,,,,3100,0,Posted
30-09-2024,01.12102.000.0000.000.3706008.00000.000,eHIS,HIS_SETTLEMENT,NSK-OCS-472480 HIS_SETTLEMENT 3358005YT7JQCWYLTG43,500181924,Journal Import 2645561:,//SETTLEMENT,2,,,,,3500,0,Posted
30-09-2024,01.12102.000.0000.000.3706008.00000.000,eHIS,HIS_SETTLEMENT,NSK-OCS-472481 HIS_SETTLEMENT 3358005YT7JQCWYLTG43,500182020,Journal Import 2645561:,//SETTLEMENT,2,,,,,100,0,Posted
